Precinct	total_votes	votes|Diane S. Shapiro	votes|Dorothy A. Brown
01001	561	102	459
01002	535	64	471
01003	662	182	480
01004	639	162	477
01005	619	162	457
01006	559	151	408
01007	394	89	305
01008	509	111	398
01009	452	85	367
01010	710	218	492
01011	632	192	440
01012	650	171	479
01013	249	55	194
01014	587	135	452
01015	513	124	389
01016	535	108	427
01017	488	82	406
01018	593	95	498
01019	691	108	583
01020	454	73	381
01021	673	183	490
01022	364	57	307
01023	753	121	632
01024	502	65	437
01025	529	107	422
01026	392	61	331
01027	582	159	423
01028	170	9	161
01029	559	132	427
01030	640	104	536
01031	569	122	447
01032	548	150	398
01033	622	186	436
01034	494	99	395
01035	710	221	489
01036	618	196	422
01037	576	181	395
01038	557	115	442
01039	485	137	348
01040	553	145	408
01041	297	56	241
01042	175	47	128
01043	369	79	290
01044	471	82	389
02001	634	160	474
02002	474	217	257
02003	686	209	477
02004	528	126	402
02005	691	198	493
02006	590	150	440
02007	567	169	398
02008	698	220	478
02009	532	272	260
02010	519	274	245
02011	611	310	301
02012	547	160	387
02013	543	257	286
02014	618	169	449
02015	557	163	394
02016	538	146	392
02017	672	187	485
02018	583	255	328
02019	413	214	199
02020	696	274	422
02021	599	159	440
02022	638	295	343
02023	415	230	185
02024	561	215	346
02025	665	205	460
02026	517	178	339
02027	567	277	290
02028	671	316	355
02029	656	296	360
02030	507	260	247
02031	738	382	356
02032	543	249	294
02033	866	411	455
02034	486	246	240
02035	791	345	446
02036	473	203	270
02037	534	242	292
02038	579	326	253
02039	419	211	208
02040	697	277	420
02041	640	288	352
02042	668	281	387
02043	835	398	437
02044	387	192	195
02045	559	184	375
02046	363	170	193
03001	692	27	665
03002	643	30	613
03003	489	70	419
03004	619	31	588
03005	422	23	399
03006	703	295	408
03007	402	20	382
03008	577	15	562
03009	578	35	543
03010	341	10	331
03011	590	35	555
03012	527	25	502
03013	668	236	432
03014	624	155	469
03015	609	22	587
03016	569	27	542
03017	713	138	575
03018	828	67	761
03019	667	274	393
03020	606	33	573
03021	640	204	436
03022	781	225	556
03023	527	22	505
03024	522	27	495
03025	956	398	558
03026	661	228	433
03027	739	274	465
03028	350	17	333
03029	671	38	633
03030	552	22	530
03031	716	29	687
03032	682	184	498
03033	704	221	483
03034	733	197	536
03035	298	22	276
03036	373	9	364
03037	530	19	511
03038	473	16	457
03039	781	262	519
03040	663	94	569
03041	458	63	395
04001	718	99	619
04002	723	239	484
04003	555	22	533
04004	787	39	748
04005	567	34	533
04006	669	65	604
04007	689	32	657
04008	664	35	629
04009	611	39	572
04010	646	66	580
04011	643	34	609
04012	646	35	611
04013	672	161	511
04014	601	33	568
04015	700	45	655
04016	849	239	610
04017	775	185	590
04018	519	35	484
04019	590	22	568
04020	506	172	334
04021	804	191	613
04022	574	85	489
04023	740	95	645
04024	534	71	463
04025	661	226	435
04026	577	30	547
04027	667	70	597
04028	546	42	504
04029	607	35	572
04030	817	32	785
04031	560	57	503
04032	637	21	616
04033	634	52	582
04034	537	30	507
04035	693	32	661
04036	646	47	599
04037	935	280	655
04038	593	53	540
05001	534	23	511
05002	493	19	474
05003	550	75	475
05004	689	65	624
05005	536	22	514
05006	480	26	454
05007	520	70	450
05008	557	107	450
05009	637	68	569
05010	512	22	490
05011	565	98	467
05012	462	18	444
05013	483	20	463
05014	445	20	425
05015	530	53	477
05016	590	22	568
05017	526	24	502
05018	522	56	466
05019	511	93	418
05020	611	72	539
05021	581	79	502
05022	602	118	484
05023	939	158	781
05024	605	76	529
05025	507	40	467
05026	612	33	579
05027	710	142	568
05028	562	43	519
05029	608	40	568
05030	469	29	440
05031	473	21	452
05032	591	38	553
05033	571	16	555
05034	674	141	533
05035	545	104	441
05036	365	17	348
05037	549	93	456
05038	554	17	537
05039	424	94	330
05040	437	20	417
05041	277	36	241
06001	491	17	474
06002	493	20	473
06003	496	14	482
06004	420	13	407
06005	387	9	378
06006	459	26	433
06007	479	18	461
06008	478	20	458
06009	543	22	521
06010	355	10	345
06011	462	19	443
06012	437	14	423
06013	366	16	350
06014	489	20	469
06015	494	17	477
06016	462	30	432
06017	413	18	395
06018	401	9	392
06019	460	16	444
06020	355	9	346
06021	339	15	324
06022	375	15	360
06023	329	11	318
06024	305	10	295
06025	322	10	312
06026	427	18	409
06027	332	16	316
06028	311	8	303
06029	494	17	477
06030	463	22	441
06031	468	19	449
06032	462	14	448
06033	484	24	460
06034	503	18	485
06035	428	13	415
06036	494	20	474
06037	463	26	437
06038	489	20	469
06039	449	17	432
06040	419	13	406
06041	488	21	467
06042	536	27	509
06043	440	12	428
06044	533	19	514
06045	549	24	525
06046	344	11	333
06047	397	14	383
06048	494	15	479
07001	467	18	449
07002	505	18	487
07003	441	17	424
07004	433	15	418
07005	417	16	401
07006	601	41	560
07007	509	31	478
07008	367	32	335
07009	747	48	699
07010	494	18	476
07011	572	22	550
07012	474	23	451
07013	288	10	278
07014	528	34	494
07015	465	20	445
07016	427	13	414
07017	410	21	389
07018	451	32	419
07019	443	21	422
07020	369	15	354
07021	406	20	386
07022	415	52	363
07023	425	19	406
07024	399	17	382
07025	465	37	428
07026	365	18	347
07027	389	11	378
07028	365	22	343
07029	392	20	372
07030	396	29	367
07031	310	15	295
07032	585	24	561
07033	519	30	489
07034	507	18	489
07035	464	21	443
07036	531	27	504
07037	471	30	441
07038	427	18	409
07039	410	14	396
07040	411	18	393
07041	443	28	415
07042	424	13	411
07043	434	12	422
07044	426	14	412
07045	504	21	483
07046	174	9	165
08001	400	12	388
08002	481	14	467
08003	477	16	461
08004	490	27	463
08005	476	17	459
08006	470	11	459
08007	530	13	517
08008	436	18	418
08009	314	14	300
08010	531	25	506
08011	432	21	411
08012	422	21	401
08013	540	16	524
08014	465	19	446
08015	482	22	460
08016	180	8	172
08017	377	20	357
08018	522	16	506
08019	485	25	460
08020	503	18	485
08021	634	23	611
08022	437	17	420
08023	434	12	422
08024	294	11	283
08025	493	20	473
08026	491	26	465
08027	496	21	475
08028	488	20	468
08029	553	22	531
08030	517	20	497
08031	375	20	355
08032	392	10	382
08033	445	22	423
08034	423	20	403
08035	476	21	455
08036	488	18	470
08037	369	15	354
08038	312	8	304
08039	482	14	468
08040	374	21	353
08041	524	12	512
08042	637	29	608
08043	264	14	250
08044	326	15	311
08045	516	18	498
08046	411	19	392
08047	403	11	392
08048	471	24	447
08049	434	16	418
08050	473	18	455
08051	503	22	481
08052	588	21	567
08053	266	15	251
08054	467	25	442
08055	360	18	342
08056	483	16	467
09001	471	22	449
09002	427	11	416
09003	432	11	421
09004	377	15	362
09005	395	13	382
09006	436	12	424
09007	372	20	352
09008	529	14	515
09009	504	21	483
09010	381	15	366
09011	364	14	350
09012	518	21	497
09013	475	20	455
09014	538	22	516
09015	557	18	539
09016	407	25	382
09017	426	10	416
09018	343	13	330
09019	432	18	414
09020	446	19	427
09021	422	19	403
09022	472	15	457
09023	481	20	461
09024	441	19	422
09025	457	15	442
09026	647	14	633
09027	432	9	423
09028	344	23	321
09029	463	19	444
09030	386	17	369
09031	380	14	366
09032	438	24	414
09033	387	9	378
09034	416	14	402
09035	428	20	408
09036	422	6	416
09037	562	124	438
09038	470	14	456
09039	497	17	480
09040	469	18	451
09041	381	12	369
09042	451	15	436
09043	465	15	450
09044	380	12	368
09045	430	6	424
09046	493	35	458
09047	469	18	451
09048	476	21	455
09049	476	16	460
09050	565	26	539
09051	438	15	423
10001	404	30	374
10002	410	177	233
10003	414	173	241
10004	412	46	366
10005	362	138	224
10006	367	88	279
10007	339	62	277
10008	374	22	352
10009	404	176	228
10010	452	152	300
10011	543	122	421
10012	315	113	202
10013	508	87	421
10014	564	172	392
10015	856	27	829
10016	359	120	239
10017	554	249	305
10018	315	34	281
10019	469	164	305
10020	440	133	307
10021	453	113	340
10022	292	47	245
10023	414	73	341
10024	460	222	238
10025	150	15	135
10026	363	66	297
10027	491	50	441
10028	502	114	388
10029	428	95	333
10030	425	73	352
10031	343	61	282
10032	431	123	308
10033	333	59	274
10034	344	37	307
10035	466	186	280
10036	105	11	94
11001	503	180	323
11002	82	19	63
11003	461	82	379
11004	421	130	291
11005	642	149	493
11006	722	236	486
11007	854	168	686
11008	449	131	318
11009	416	139	277
11010	414	142	272
11011	530	213	317
11012	635	290	345
11013	550	254	296
11014	248	103	145
11015	165	52	113
11016	349	148	201
11017	570	173	397
11018	386	151	235
11019	610	175	435
11020	320	136	184
11021	595	250	345
11022	596	221	375
11023	269	96	173
11024	528	205	323
11025	570	222	348
11026	552	203	349
11027	184	62	122
11028	236	92	144
11029	545	259	286
11030	248	107	141
11031	490	217	273
11032	240	108	132
11033	587	192	395
11034	155	70	85
11035	102	33	69
11036	216	74	142
11037	133	37	96
11038	244	50	194
12001	466	109	357
12002	380	74	306
12003	559	153	406
12004	462	109	353
12005	383	124	259
12006	451	97	354
12007	471	60	411
12008	463	108	355
12009	382	95	287
12010	515	60	455
12011	471	83	388
12012	479	100	379
12013	471	99	372
12014	417	49	368
12015	409	71	338
12016	425	70	355
12017	503	95	408
12018	401	60	341
12019	445	103	342
12020	567	88	479
12021	496	95	401
12022	440	56	384
12023	460	115	345
13001	332	122	210
13002	319	149	170
13003	311	65	246
13004	420	177	243
13005	462	101	361
13006	373	203	170
13007	326	64	262
13008	329	163	166
13009	419	100	319
13010	341	217	124
13011	400	154	246
13012	359	114	245
13013	361	84	277
13014	398	115	283
13015	591	125	466
13016	301	59	242
13017	373	142	231
13018	333	167	166
13019	481	46	435
13020	259	140	119
13021	444	232	212
13022	419	207	212
13023	335	78	257
13024	369	108	261
13025	401	113	288
13026	406	138	268
13027	366	119	247
13028	305	69	236
13029	344	94	250
13030	312	43	269
13031	407	202	205
13032	349	200	149
13033	358	160	198
13034	421	81	340
13035	341	68	273
13036	255	50	205
13037	430	89	341
13038	348	182	166
13039	399	72	327
13040	325	88	237
13041	459	68	391
13042	372	210	162
13043	394	111	283
13044	397	67	330
13045	419	156	263
13046	496	103	393
13047	460	70	390
13048	339	162	177
14001	476	272	204
14002	577	149	428
14003	496	68	428
14004	417	206	211
14005	627	72	555
14006	228	32	196
14007	563	107	456
14008	520	120	400
14009	502	210	292
14010	312	81	231
14011	280	20	260
14012	459	112	347
14013	368	66	302
14014	451	62	389
14015	516	52	464
14016	320	71	249
14017	371	55	316
14018	176	64	112
14019	451	75	376
14020	315	62	253
14021	410	62	348
14022	563	192	371
14023	346	112	234
14024	504	239	265
14025	287	47	240
14026	337	58	279
14027	438	93	345
14028	348	75	273
14029	387	57	330
14030	270	27	243
14031	264	33	231
15001	428	67	361
15002	329	9	320
15003	337	15	322
15004	432	78	354
15005	430	65	365
15006	474	104	370
15007	351	12	339
15008	396	51	345
15009	557	99	458
15010	597	122	475
15011	550	86	464
15012	538	108	430
15013	437	57	380
15014	411	56	355
15015	402	49	353
15016	464	48	416
15017	346	13	333
15018	359	11	348
15019	377	39	338
15020	299	11	288
15021	305	6	299
15022	386	17	369
15023	387	11	376
15024	372	9	363
16001	494	93	401
16002	423	16	407
16003	364	13	351
16004	395	22	373
16005	352	13	339
16006	395	13	382
16007	382	19	363
16008	297	15	282
16009	435	25	410
16010	375	15	360
16011	408	26	382
16012	360	12	348
16013	453	39	414
16014	376	12	364
16015	430	9	421
16016	386	10	376
16017	478	43	435
16018	384	32	352
16019	377	23	354
16020	357	11	346
16021	352	9	343
16022	390	16	374
16023	431	45	386
16024	243	14	229
16025	427	20	407
16026	356	13	343
16027	365	13	352
16028	370	18	352
16029	390	19	371
16030	382	16	366
16031	407	17	390
16032	466	47	419
16033	375	12	363
16034	371	14	357
16035	482	40	442
16036	303	14	289
17001	424	50	374
17002	439	14	425
17003	491	25	466
17004	592	14	578
17005	373	15	358
17006	437	23	414
17007	442	43	399
17008	452	27	425
17009	362	14	348
17010	597	26	571
17011	395	17	378
17012	591	46	545
17013	415	17	398
17014	475	42	433
17015	532	26	506
17016	466	33	433
17017	442	32	410
17018	460	20	440
17019	316	10	306
17020	542	14	528
17021	499	26	473
17022	418	11	407
17023	305	11	294
17024	499	19	480
17025	364	13	351
17026	536	12	524
17027	442	14	428
17028	361	11	350
17029	445	18	427
17030	411	65	346
17031	325	13	312
17032	409	7	402
17033	341	8	333
17034	348	11	337
17035	389	15	374
17036	461	8	453
17037	397	17	380
17038	492	21	471
17039	459	18	441
17040	455	10	445
17041	527	10	517
18001	423	33	390
18002	441	98	343
18003	392	125	267
18004	467	29	438
18005	332	12	320
18006	409	150	259
18007	489	81	408
18008	446	26	420
18009	418	38	380
18010	547	28	519
18011	376	62	314
18012	434	25	409
18013	487	30	457
18014	458	24	434
18015	520	99	421
18016	428	32	396
18017	470	47	423
18018	368	14	354
18019	434	20	414
18020	373	16	357
18021	544	51	493
18022	479	21	458
18023	434	29	405
18024	437	118	319
18025	462	130	332
18026	521	36	485
18027	373	35	338
18028	430	154	276
18029	478	57	421
18030	500	173	327
18031	480	31	449
18032	479	18	461
18033	365	9	356
18034	506	37	469
18035	466	36	430
18036	482	97	385
18037	487	24	463
18038	410	19	391
18039	408	31	377
18040	513	110	403
18041	513	30	483
18042	425	32	393
18043	357	106	251
18044	393	154	239
18045	457	63	394
18046	484	130	354
18047	386	22	364
18048	378	15	363
18049	318	17	301
18050	383	24	359
19001	422	255	167
19002	603	132	471
19003	387	276	111
19004	548	343	205
19005	498	175	323
19006	496	306	190
19007	444	208	236
19008	540	367	173
19009	370	210	160
19010	558	228	330
19011	481	334	147
19012	408	288	120
19013	580	49	531
19014	528	175	353
19015	639	424	215
19016	499	319	180
19017	442	262	180
19018	431	186	245
19019	594	250	344
19020	415	89	326
19021	505	320	185
19022	496	224	272
19023	478	278	200
19024	361	240	121
19025	440	230	210
19026	498	273	225
19027	471	90	381
19028	555	49	506
19029	514	327	187
19030	444	286	158
19031	429	195	234
19032	412	229	183
19033	497	345	152
19034	442	230	212
19035	424	201	223
19036	685	118	567
19037	457	96	361
19038	419	86	333
19039	222	20	202
19040	504	172	332
19041	467	298	169
19042	368	111	257
19043	667	51	616
19044	543	347	196
19045	466	268	198
19046	477	291	186
19047	687	136	551
19048	620	26	594
19049	572	92	480
19050	405	189	216
19051	517	280	237
19052	561	357	204
19053	439	227	212
19054	404	271	133
19055	421	279	142
19056	499	210	289
19057	399	119	280
20001	505	19	486
20002	219	12	207
20003	395	15	380
20004	249	23	226
20005	506	23	483
20006	255	16	239
20007	517	16	501
20008	451	14	437
20009	634	30	604
20010	413	19	394
20011	619	24	595
20012	416	13	403
20013	559	16	543
20014	261	12	249
20015	487	68	419
20016	505	44	461
20017	309	24	285
20018	389	17	372
20019	514	16	498
20020	401	54	347
20021	412	23	389
20022	477	24	453
20023	574	20	554
20024	480	41	439
20025	400	20	380
20026	483	39	444
20027	284	12	272
20028	306	11	295
20029	563	20	543
20030	242	13	229
20031	579	18	561
20032	475	15	460
20033	343	8	335
20034	694	68	626
20035	477	14	463
20036	189	7	182
20037	183	6	177
20038	208	12	196
20039	59	2	57
21001	452	17	435
21002	395	10	385
21003	484	16	468
21004	477	6	471
21005	511	19	492
21006	422	18	404
21007	468	8	460
21008	502	20	482
21009	479	15	464
21010	440	15	425
21011	438	14	424
21012	446	18	428
21013	483	19	464
21014	525	21	504
21015	438	14	424
21016	430	11	419
21017	436	13	423
21018	516	23	493
21019	483	14	469
21020	435	11	424
21021	395	10	385
21022	440	15	425
21023	425	13	412
21024	457	14	443
21025	405	14	391
21026	507	24	483
21027	439	12	427
21028	590	11	579
21029	497	19	478
21030	395	22	373
21031	317	13	304
21032	453	13	440
21033	454	13	441
21034	493	11	482
21035	472	20	452
21036	484	14	470
21037	386	8	378
21038	489	16	473
21039	405	13	392
21040	425	16	409
21041	440	22	418
21042	503	18	485
21043	474	11	463
21044	458	21	437
21045	426	19	407
21046	509	17	492
21047	472	6	466
21048	443	27	416
21049	504	21	483
21050	383	14	369
21051	437	20	417
21052	486	11	475
21053	364	14	350
21054	403	11	392
22001	281	11	270
22002	503	180	323
22003	595	80	515
22004	361	36	325
22005	432	56	376
22006	431	57	374
22007	320	48	272
22008	573	145	428
22009	385	44	341
22010	598	91	507
22011	380	54	326
22012	383	99	284
22013	411	61	350
22014	350	32	318
22015	389	54	335
22016	360	57	303
22017	461	60	401
22018	422	47	375
22019	263	11	252
22020	414	63	351
22021	521	16	505
22022	383	42	341
22023	562	24	538
22024	505	74	431
22025	423	43	380
23001	390	217	173
23002	416	204	212
23003	392	221	171
23004	457	191	266
23005	440	84	356
23006	470	111	359
23007	427	75	352
23008	498	173	325
23009	381	66	315
23010	497	113	384
23011	504	100	404
23012	397	247	150
23013	381	52	329
23014	363	185	178
23015	390	72	318
23016	385	220	165
23017	305	53	252
23018	375	182	193
23019	378	54	324
23020	323	63	260
23021	420	245	175
23022	409	163	246
23023	396	210	186
23024	379	73	306
23025	440	109	331
23026	428	103	325
23027	366	207	159
23028	412	195	217
23029	339	156	183
23030	491	112	379
23031	343	68	275
23032	425	87	338
23033	462	95	367
23034	424	80	344
23035	327	169	158
23036	394	201	193
23037	384	220	164
23038	361	178	183
23039	419	78	341
24001	395	16	379
24002	433	13	420
24003	489	16	473
24004	355	10	345
24005	278	12	266
24006	426	20	406
24007	259	25	234
24008	209	11	198
24009	468	16	452
24010	214	9	205
24011	503	10	493
24012	298	15	283
24013	284	15	269
24014	438	15	423
24015	285	11	274
24016	460	58	402
24017	349	14	335
24018	430	11	419
24019	521	16	505
24020	386	17	369
24021	237	6	231
24022	595	28	567
24023	424	27	397
24024	585	17	568
24025	332	7	325
24026	568	19	549
24027	451	12	439
24028	315	9	306
24029	292	12	280
24030	243	4	239
24031	486	21	465
24032	253	10	243
24033	269	10	259
24034	398	21	377
24035	411	14	397
24036	509	33	476
24037	291	11	280
24038	337	23	314
24039	476	39	437
24040	478	14	464
24041	313	13	300
25001	431	72	359
25002	510	66	444
25003	686	260	426
25004	541	88	453
25005	524	113	411
25006	148	56	92
25007	491	88	403
25008	554	65	489
25009	535	67	468
25010	801	335	466
25011	540	90	450
25012	482	83	399
25013	538	69	469
25014	286	85	201
25015	445	87	358
25016	753	340	413
25017	522	92	430
25018	272	77	195
25019	499	69	430
25020	440	21	419
25021	892	263	629
25022	489	73	416
25023	553	71	482
25024	517	78	439
25025	532	205	327
25026	482	83	399
25027	728	256	472
25028	512	64	448
25029	484	46	438
25030	494	73	421
25031	911	388	523
25032	445	113	332
26001	417	68	349
26002	392	54	338
26003	470	115	355
26004	311	39	272
26005	363	40	323
26006	331	54	277
26007	380	63	317
26008	220	48	172
26009	363	52	311
26010	369	65	304
26011	375	61	314
26012	412	54	358
26013	245	27	218
26014	310	38	272
26015	247	39	208
26016	240	29	211
26017	343	144	199
26018	328	50	278
26019	296	27	269
26020	346	60	286
26021	521	54	467
26022	257	34	223
26023	263	46	217
26024	384	42	342
26025	356	43	313
26026	289	35	254
26027	405	63	342
26028	513	134	379
26029	240	49	191
26030	304	34	270
26031	195	31	164
26032	485	138	347
26033	386	46	340
26034	430	58	372
26035	343	50	293
26036	401	75	326
26037	439	42	397
26038	221	26	195
26039	422	87	335
26040	270	35	235
26041	476	42	434
26042	301	52	249
26043	243	38	205
26044	234	22	212
26045	218	34	184
26046	291	98	193
26047	293	41	252
26048	379	77	302
26049	228	38	190
27001	683	244	439
27002	538	149	389
27003	308	11	297
27004	286	25	261
27005	364	16	348
27006	484	117	367
27007	677	161	516
27008	435	20	415
27009	259	100	159
27010	501	34	467
27011	580	233	347
27012	345	150	195
27013	562	56	506
27014	311	12	299
27015	359	20	339
27016	609	220	389
27017	511	49	462
27018	385	18	367
27019	330	25	305
27020	450	10	440
27021	522	200	322
27022	286	13	273
27023	375	9	366
27024	383	21	362
27025	444	63	381
27026	386	26	360
27027	625	74	551
27028	240	48	192
27029	388	19	369
27030	261	13	248
27031	398	23	375
27032	424	50	374
27033	498	134	364
27034	441	7	434
27035	543	219	324
27036	372	41	331
27037	534	139	395
27038	734	178	556
27039	330	22	308
27040	662	173	489
27041	438	17	421
27042	331	93	238
27043	410	23	387
27044	399	8	391
27045	935	334	601
27046	354	163	191
27047	352	47	305
27048	807	151	656
27049	376	15	361
27050	481	14	467
28001	403	13	390
28002	414	24	390
28003	393	6	387
28004	371	119	252
28005	219	14	205
28006	211	48	163
28007	498	11	487
28008	463	162	301
28009	443	16	427
28010	551	122	429
28011	855	133	722
28012	479	10	469
28013	423	16	407
28014	416	11	405
28015	151	5	146
28016	309	9	300
28017	414	8	406
28018	327	21	306
28019	374	71	303
28020	440	19	421
28021	382	9	373
28022	400	22	378
28023	565	17	548
28024	403	14	389
28025	545	24	521
28026	531	12	519
28027	433	155	278
28028	491	176	315
28029	254	14	240
28030	70	1	69
28031	560	16	544
28032	460	18	442
28033	522	9	513
28034	866	30	836
28035	538	10	528
28036	257	6	251
28037	609	22	587
28038	212	6	206
28039	357	8	349
28040	571	15	556
28041	347	8	339
28042	532	13	519
28043	572	14	558
28044	333	11	322
28045	470	145	325
28046	754	188	566
29001	600	164	436
29002	730	19	711
29003	599	19	580
29004	572	18	554
29005	486	12	474
29006	461	18	443
29007	475	74	401
29008	502	16	486
29009	531	171	360
29010	568	146	422
29011	320	12	308
29012	597	47	550
29013	572	26	546
29014	491	7	484
29015	582	30	552
29016	561	17	544
29017	495	13	482
29018	529	26	503
29019	552	13	539
29020	653	19	634
29021	696	36	660
29022	406	36	370
29023	506	170	336
29024	487	21	466
29025	571	17	554
29026	497	53	444
29027	450	22	428
29028	648	16	632
29029	491	216	275
29030	560	124	436
29031	482	226	256
29032	470	225	245
29033	344	21	323
29034	317	51	266
29035	390	13	377
29036	429	22	407
29037	479	25	454
29038	479	134	345
29039	441	149	292
29040	580	23	557
29041	439	21	418
29042	571	16	555
29043	564	116	448
29044	632	45	587
30001	534	137	397
30002	471	125	346
30003	352	84	268
30004	459	146	313
30005	393	91	302
30006	380	75	305
30007	515	145	370
30008	511	112	399
30009	394	113	281
30010	538	119	419
30011	449	82	367
30012	474	111	363
30013	435	120	315
30014	310	58	252
30015	386	150	236
30016	249	63	186
30017	471	155	316
30018	540	84	456
30019	474	75	399
30020	493	133	360
30021	368	122	246
30022	603	120	483
30023	542	111	431
30024	556	121	435
30025	611	146	465
30026	310	75	235
30027	317	79	238
30028	517	125	392
30029	320	62	258
30030	221	32	189
30031	308	94	214
30032	356	81	275
31001	319	48	271
31002	260	53	207
31003	323	74	249
31004	419	61	358
31005	333	72	261
31006	275	40	235
31007	502	81	421
31008	251	52	199
31009	365	71	294
31010	330	65	265
31011	286	81	205
31012	311	92	219
31013	349	47	302
31014	310	64	246
31015	272	75	197
31016	398	63	335
31017	318	85	233
31018	288	68	220
31019	283	68	215
31020	317	61	256
31021	320	69	251
31022	313	55	258
31023	314	75	239
31024	328	66	262
31025	315	85	230
31026	353	93	260
31027	336	81	255
31028	316	65	251
31029	311	72	239
31030	273	55	218
31031	302	85	217
31032	294	69	225
31033	312	88	224
31034	340	79	261
31035	347	81	266
31036	335	75	260
31037	294	55	239
31038	337	58	279
31039	342	50	292
31040	356	69	287
31041	320	50	270
32001	696	210	486
32002	667	262	405
32003	621	127	494
32004	565	191	374
32005	613	166	447
32006	644	222	422
32007	620	218	402
32008	728	301	427
32009	615	199	416
32010	624	258	366
32011	531	82	449
32012	425	73	352
32013	626	257	369
32014	604	134	470
32015	570	188	382
32016	584	152	432
32017	577	115	462
32018	557	254	303
32019	571	163	408
32020	568	84	484
32021	606	210	396
32022	751	150	601
32023	599	250	349
32024	496	219	277
32025	578	221	357
32026	612	120	492
32027	588	275	313
32028	564	102	462
32029	632	172	460
32030	603	275	328
32031	614	239	375
32032	596	219	377
32033	586	216	370
32034	629	188	441
32035	600	205	395
32036	616	221	395
32037	588	191	397
32038	579	201	378
32039	654	333	321
32040	608	234	374
32041	611	236	375
32042	544	191	353
32043	506	110	396
33001	612	126	486
33002	703	141	562
33003	676	157	519
33004	782	189	593
33005	546	129	417
33006	550	116	434
33007	644	142	502
33008	716	188	528
33009	674	184	490
33010	540	152	388
33011	655	158	497
33012	624	175	449
33013	588	117	471
33014	309	71	238
33015	671	129	542
33016	817	200	617
33017	681	181	500
33018	764	142	622
33019	648	174	474
33020	696	143	553
33021	635	145	490
33022	560	148	412
33023	640	155	485
33024	719	213	506
33025	731	165	566
33026	471	96	375
33027	641	144	497
33028	552	92	460
34001	491	13	478
34002	354	13	341
34003	515	17	498
34004	404	19	385
34005	436	9	427
34006	527	22	505
34007	498	10	488
34008	392	11	381
34009	430	16	414
34010	455	16	439
34011	428	14	414
34012	493	22	471
34013	502	23	479
34014	399	22	377
34015	466	14	452
34016	429	21	408
34017	597	23	574
34018	370	10	360
34019	595	25	570
34020	516	21	495
34021	515	19	496
34022	431	12	419
34023	388	17	371
34024	438	23	415
34025	488	21	467
34026	505	9	496
34027	425	22	403
34028	345	15	330
34029	391	15	376
34030	403	16	387
34031	426	17	409
34032	466	14	452
34033	448	14	434
34034	492	14	478
34035	528	24	504
34036	421	18	403
34037	342	12	330
34038	277	10	267
34039	363	13	350
34040	530	16	514
34041	344	9	335
34042	429	16	413
34043	414	17	397
34044	455	13	442
34045	469	19	450
34046	296	8	288
34047	483	16	467
34048	473	13	460
34049	556	23	533
34050	428	14	414
34051	482	23	459
34052	335	10	325
34053	371	13	358
35001	524	92	432
35002	497	97	400
35003	493	57	436
35004	492	115	377
35005	465	70	395
35006	482	99	383
35007	510	80	430
35008	518	71	447
35009	497	103	394
35010	655	98	557
35011	553	105	448
35012	366	47	319
35013	373	56	317
35014	410	65	345
35015	596	104	492
35016	356	53	303
35017	573	79	494
35018	406	62	344
35019	313	44	269
35020	490	99	391
35021	455	89	366
35022	604	113	491
35023	512	131	381
35024	475	91	384
35025	615	98	517
35026	448	121	327
35027	484	99	385
35028	486	104	382
35029	502	87	415
35030	526	101	425
35031	565	131	434
36001	486	127	359
36002	463	71	392
36003	410	83	327
36004	475	70	405
36005	448	83	365
36006	401	84	317
36007	510	242	268
36008	377	47	330
36009	430	61	369
36010	508	138	370
36011	367	58	309
36012	293	38	255
36013	308	51	257
36014	493	154	339
36015	492	166	326
36016	473	168	305
36017	466	160	306
36018	444	181	263
36019	563	158	405
36020	447	147	300
36021	412	58	354
36022	414	63	351
36023	419	67	352
36024	469	164	305
36025	456	71	385
36026	421	169	252
36027	424	115	309
36028	433	177	256
36029	498	185	313
36030	459	151	308
37001	385	28	357
37002	378	29	349
37003	388	16	372
37004	418	24	394
37005	468	16	452
37006	490	20	470
37007	336	20	316
37008	380	23	357
37009	529	18	511
37010	538	50	488
37011	401	13	388
37012	379	37	342
37013	371	24	347
37014	511	23	488
37015	498	10	488
37016	514	22	492
37017	429	11	418
37018	446	12	434
37019	427	15	412
37020	415	12	403
37021	428	33	395
37022	426	32	394
37023	459	8	451
37024	508	32	476
37025	455	14	441
37026	561	33	528
37027	503	26	477
37028	424	29	395
37029	478	19	459
37030	463	12	451
37031	491	23	468
37032	450	18	432
37033	549	17	532
37034	472	16	456
37035	484	13	471
37036	482	11	471
37037	563	30	533
37038	511	23	488
37039	461	15	446
37040	501	20	481
37041	458	23	435
38001	415	154	261
38002	502	357	145
38003	495	221	274
38004	458	225	233
38005	488	232	256
38006	499	225	274
38007	449	240	209
38008	448	199	249
38009	516	273	243
38010	450	194	256
38011	437	171	266
38012	467	289	178
38013	489	257	232
38014	512	216	296
38015	451	190	261
38016	483	220	263
38017	550	326	224
38018	494	238	256
38019	533	246	287
38020	502	285	217
38021	410	168	242
38022	437	183	254
38023	517	199	318
38024	525	273	252
38025	406	178	228
38026	473	210	263
38027	509	239	270
38028	577	320	257
38029	456	193	263
38030	465	249	216
38031	487	196	291
38032	459	178	281
38033	468	175	293
38034	457	146	311
38035	476	178	298
38036	429	173	256
38037	483	177	306
38038	422	197	225
38039	517	208	309
38040	477	231	246
38041	438	161	277
39001	480	262	218
39002	380	163	217
39003	522	180	342
39004	468	257	211
39005	518	189	329
39006	494	149	345
39007	421	121	300
39008	529	148	381
39009	495	169	326
39010	245	57	188
39011	450	154	296
39012	659	160	499
39013	447	162	285
39014	469	177	292
39015	567	301	266
39016	472	107	365
39017	498	196	302
39018	470	151	319
39019	480	191	289
39020	588	300	288
39021	474	240	234
39022	455	138	317
39023	495	271	224
39024	602	344	258
39025	429	108	321
39026	480	224	256
39027	87	43	44
39028	563	151	412
39029	278	53	225
39030	619	142	477
39031	460	128	332
39032	429	193	236
39033	593	186	407
39034	545	178	367
39035	475	151	324
39036	151	43	108
39037	472	256	216
39038	275	134	141
39039	313	135	178
39040	442	196	246
39041	535	265	270
39042	517	316	201
39043	514	273	241
39044	384	229	155
39045	456	264	192
40001	511	147	364
40002	505	128	377
40003	658	125	533
40004	314	76	238
40005	549	130	419
40006	635	135	500
40007	533	141	392
40008	669	129	540
40009	470	84	386
40010	600	147	453
40011	556	144	412
40012	430	111	319
40013	804	144	660
40014	489	148	341
40015	492	143	349
40016	676	154	522
40017	461	145	316
40018	487	92	395
40019	670	183	487
40020	552	134	418
40021	614	160	454
40022	540	121	419
40023	621	128	493
40024	506	160	346
40025	656	121	535
40026	547	108	439
40027	724	144	580
40028	601	103	498
40029	518	167	351
40030	463	170	293
40031	607	125	482
40032	607	143	464
40033	534	112	422
40034	477	144	333
40035	400	105	295
40036	507	113	394
40037	573	118	455
40038	660	156	504
40039	191	35	156
41001	488	296	192
41002	529	343	186
41003	463	220	243
41004	503	305	198
41005	595	336	259
41006	568	382	186
41007	560	358	202
41008	506	331	175
41009	531	294	237
41010	534	343	191
41011	579	335	244
41012	528	257	271
41013	618	367	251
41014	576	345	231
41015	652	376	276
41016	500	285	215
41017	519	295	224
41018	470	289	181
41019	574	363	211
41020	414	225	189
41021	490	267	223
41022	544	331	213
41023	554	367	187
41024	484	292	192
41025	493	200	293
41026	484	292	192
41027	488	271	217
41028	600	242	358
41029	458	208	250
41030	520	309	211
41031	527	297	230
41032	441	243	198
41033	504	288	216
41034	434	251	183
41035	591	350	241
41036	503	296	207
41037	565	317	248
41038	480	254	226
41039	550	342	208
41040	569	379	190
41041	531	311	220
41042	533	339	194
41043	561	334	227
41044	548	362	186
41045	498	257	241
41046	519	297	222
41047	523	292	231
42001	580	292	288
42002	703	283	420
42003	673	252	421
42004	1148	461	687
42005	519	238	281
42006	605	262	343
42007	736	361	375
42008	560	225	335
42009	712	240	472
42010	797	309	488
42011	435	231	204
42012	528	261	267
42013	524	264	260
42014	776	384	392
42015	564	289	275
42016	652	265	387
42017	884	411	473
42018	800	360	440
42019	789	399	390
42020	681	311	370
42021	650	258	392
42022	354	193	161
42023	677	361	316
42024	624	300	324
42025	697	350	347
42026	757	315	442
42027	456	192	264
42028	726	313	413
42029	692	329	363
42030	523	286	237
42031	814	396	418
42032	685	353	332
42033	722	232	490
42034	571	335	236
42035	861	317	544
42036	1042	450	592
42037	485	233	252
42038	607	264	343
42039	736	323	413
42040	885	346	539
42041	662	253	409
42042	1004	356	648
43001	337	126	211
43002	617	271	346
43003	602	302	300
43004	820	382	438
43005	555	279	276
43006	472	214	258
43007	400	157	243
43008	492	205	287
43009	642	275	367
43010	707	338	369
43011	581	290	291
43012	429	182	247
43013	592	195	397
43014	581	276	305
43015	677	299	378
43016	722	296	426
43017	518	243	275
43018	676	330	346
43019	658	290	368
43020	648	259	389
43021	651	269	382
43022	442	170	272
43023	453	165	288
43024	507	224	283
43025	477	192	285
43026	401	165	236
43027	591	276	315
43028	780	323	457
43029	622	264	358
43030	761	296	465
43031	593	244	349
43032	675	272	403
43033	635	343	292
43034	428	192	236
43035	698	371	327
43036	368	144	224
43037	724	240	484
43038	515	294	221
43039	673	252	421
43040	468	164	304
43041	801	322	479
43042	582	206	376
43043	652	355	297
43044	595	275	320
43045	376	173	203
43046	364	145	219
44001	1029	315	714
44002	626	222	404
44003	393	159	234
44004	566	201	365
44005	700	205	495
44006	801	231	570
44007	454	217	237
44008	848	263	585
44009	602	247	355
44010	639	244	395
44011	703	269	434
44012	699	208	491
44013	549	242	307
44014	591	182	409
44015	609	195	414
44016	707	283	424
44017	823	227	596
44018	671	244	427
44019	769	250	519
44020	672	179	493
44021	759	207	552
44022	670	239	431
44023	663	185	478
44024	482	184	298
44025	640	243	397
44026	733	196	537
44027	703	259	444
44028	676	189	487
44029	737	270	467
44030	732	259	473
44031	590	205	385
44032	760	291	469
44033	659	141	518
44034	686	198	488
44035	758	275	483
44036	681	214	467
44037	707	198	509
44038	663	248	415
44039	642	260	382
44040	649	286	363
44041	813	239	574
45001	414	116	298
45002	429	106	323
45003	452	140	312
45004	597	195	402
45005	481	179	302
45006	598	215	383
45007	693	245	448
45008	509	146	363
45009	522	152	370
45010	538	194	344
45011	397	102	295
45012	478	157	321
45013	431	158	273
45014	642	202	440
45015	607	212	395
45016	418	167	251
45017	548	234	314
45018	530	215	315
45019	284	108	176
45020	382	146	236
45021	443	192	251
45022	474	186	288
45023	472	215	257
45024	383	189	194
45025	314	155	159
45026	281	156	125
45027	470	230	240
45028	415	180	235
45029	333	142	191
45030	475	165	310
45031	397	148	249
45032	427	162	265
45033	324	121	203
45034	514	191	323
45035	491	221	270
45036	496	218	278
45037	471	207	264
45038	433	184	249
45039	478	207	271
45040	483	224	259
45041	457	223	234
45042	474	240	234
45043	506	283	223
45044	482	242	240
45045	343	189	154
45046	393	216	177
45047	368	188	180
45048	416	240	176
46001	450	109	341
46002	533	101	432
46003	702	227	475
46004	558	101	457
46005	748	231	517
46006	547	75	472
46007	636	196	440
46008	449	75	374
46009	633	147	486
46010	978	244	734
46011	616	185	431
46012	644	124	520
46013	603	162	441
46014	666	76	590
46015	653	211	442
46016	659	137	522
46017	645	190	455
46018	657	190	467
46019	416	129	287
46020	522	89	433
46021	426	102	324
46022	458	89	369
46023	458	80	378
46024	648	190	458
46025	591	118	473
46026	612	113	499
46027	742	182	560
46028	585	196	389
46029	532	146	386
46030	632	118	514
46031	647	146	501
46032	597	92	505
46033	683	207	476
46034	703	166	537
46035	720	136	584
46036	566	183	383
46037	398	53	345
46038	658	134	524
46039	579	179	400
46040	496	126	370
47001	378	133	245
47002	583	226	357
47003	582	202	380
47004	608	224	384
47005	648	149	499
47006	674	235	439
47007	560	159	401
47008	604	228	376
47009	544	196	348
47010	764	164	600
47011	616	210	406
47012	642	192	450
47013	546	129	417
47014	543	166	377
47015	731	110	621
47016	575	173	402
47017	574	204	370
47018	624	195	429
47019	758	118	640
47020	565	154	411
47021	550	152	398
47022	661	180	481
47023	621	105	516
47024	625	180	445
47025	701	211	490
47026	801	178	623
47027	546	180	366
47028	553	155	398
47029	628	202	426
47030	752	157	595
47031	589	140	449
47032	705	163	542
47033	605	210	395
47034	632	178	454
47035	595	207	388
47036	689	152	537
47037	656	190	466
47038	608	169	439
47039	593	190	403
47040	584	169	415
47041	692	184	508
47042	598	115	483
47043	593	231	362
47044	592	191	401
47045	564	165	399
47046	542	198	344
47047	727	256	471
47048	60	15	45
48001	529	88	441
48002	261	88	173
48003	718	123	595
48004	557	89	468
48005	297	87	210
48006	718	149	569
48007	581	112	469
48008	322	117	205
48009	412	134	278
48010	777	161	616
48011	450	103	347
48012	667	121	546
48013	729	218	511
48014	321	104	217
48015	405	99	306
48016	605	96	509
48017	538	109	429
48018	402	77	325
48019	377	85	292
48020	638	131	507
48021	744	125	619
48022	488	160	328
48023	637	195	442
48024	708	220	488
48025	505	120	385
48026	333	81	252
48027	1107	245	862
48028	711	200	511
48029	271	80	191
48030	499	91	408
48031	857	142	715
48032	630	94	536
48033	323	118	205
48034	512	113	399
48035	366	83	283
48036	340	94	246
48037	609	113	496
48038	556	179	377
48039	463	140	323
48040	497	114	383
48041	741	122	619
48042	686	103	583
48043	601	134	467
48044	687	124	563
48045	450	103	347
48046	381	101	280
49001	446	51	395
49002	392	79	313
49003	643	105	538
49004	729	107	622
49005	581	78	503
49006	566	96	470
49007	644	158	486
49008	499	112	387
49009	614	115	499
49010	573	112	461
49011	702	105	597
49012	827	139	688
49013	711	132	579
49014	488	117	371
49015	491	79	412
49016	553	123	430
49017	381	99	282
49018	746	103	643
49019	570	74	496
49020	867	146	721
49021	380	70	310
49022	604	101	503
49023	704	92	612
49024	538	69	469
49025	800	139	661
49026	682	156	526
49027	758	104	654
49028	787	124	663
49029	686	118	568
49030	668	117	551
49031	491	91	400
49032	628	94	534
49033	528	69	459
50001	442	231	211
50002	310	147	163
50003	395	213	182
50004	492	154	338
50005	330	191	139
50006	508	158	350
50007	528	160	368
50008	509	87	422
50009	373	107	266
50010	506	197	309
50011	317	215	102
50012	206	94	112
50013	589	102	487
50014	160	88	72
50015	505	171	334
50016	153	81	72
50017	428	128	300
50018	98	65	33
50019	345	81	264
50020	495	146	349
50021	414	123	291
50022	426	187	239
50023	309	109	200
50024	390	239	151
50025	423	238	185
50026	554	150	404
50027	150	67	83
50028	511	78	433
50029	501	76	425
50030	358	72	286
50031	588	93	495
50032	599	102	497
50033	380	230	150
50034	587	209	378
50035	580	139	441
50036	419	139	280
50037	473	123	350
50038	196	94	102
50039	360	127	233
50040	466	314	152
Barrington 1	672	468	204
Barrington 2	641	369	272
Barrington 3	802	624	178
Barrington 4	1,030	746	284
Barrington 5	747	595	152
Barrington 6	844	532	312
Barrington 7	248	185	63
Barrington 8	1,081	759	322
Barrington 9	524	341	183
Barrington 10	972	564	408
Barrington 11	566	407	159
Berwyn Ward 1 Precinct 1	423	154	269
Berwyn Ward 1 Precinct 2	517	161	356
Berwyn Ward 1 Precinct 3	732	246	486
Berwyn Ward 1 Precinct 4	425	151	274
Berwyn Ward 1 Precinct 5	429	157	272
Berwyn Ward 2 Precinct 1	323	106	217
Berwyn Ward 2 Precinct 2	549	160	389
Berwyn Ward 2 Precinct 3	685	226	459
Berwyn Ward 2 Precinct 4	926	286	640
Berwyn Ward 3 Precinct 1	561	183	378
Berwyn Ward 3 Precinct 2	401	149	252
Berwyn Ward 3 Precinct 3	437	145	292
Berwyn Ward 3 Precinct 4	584	186	398
Berwyn Ward 3 Precinct 5	707	254	453
Berwyn Ward 4 Precinct 1	379	109	270
Berwyn Ward 4 Precinct 2	612	183	429
Berwyn Ward 4 Precinct 3	759	200	559
Berwyn Ward 4 Precinct 4	391	115	276
Berwyn Ward 5 Precinct 1	879	198	681
Berwyn Ward 5 Precinct 2	532	118	414
Berwyn Ward 5 Precinct 3	464	88	376
Berwyn Ward 6 Precinct 1	308	85	223
Berwyn Ward 6 Precinct 2	402	83	319
Berwyn Ward 6 Precinct 3	551	107	444
Berwyn Ward 6 Precinct 4	647	145	502
Berwyn Ward 7 Precinct 1	518	121	397
Berwyn Ward 7 Precinct 2	491	112	379
Berwyn Ward 7 Precinct 3	653	190	463
Berwyn Ward 7 Precinct 4	676	155	521
Berwyn Ward 8 Precinct 1	887	236	651
Berwyn Ward 8 Precinct 2	567	139	428
Berwyn Ward 8 Precinct 3	347	68	279
Bloom 1	660	285	375
Bloom 2	676	277	399
Bloom 3	501	96	405
Bloom 4	605	77	528
Bloom 5	431	198	233
Bloom 6	339	10	329
Bloom 7	662	260	402
Bloom 8	601	271	330
Bloom 9	586	292	294
Bloom 10	310	10	300
Bloom 11	413	216	197
Bloom 12	663	144	519
Bloom 13	947	189	758
Bloom 14	825	313	512
Bloom 15	526	184	342
Bloom 16	608	150	458
Bloom 17	495	60	435
Bloom 18	529	213	316
Bloom 19	589	176	413
Bloom 20	586	261	325
Bloom 21	200	7	193
Bloom 22	527	134	393
Bloom 23	667	72	595
Bloom 24	1,106	264	842
Bloom 25	507	97	410
Bloom 26	488	122	366
Bloom 27	622	115	507
Bloom 28	564	230	334
Bloom 29	309	8	301
Bloom 30	739	228	511
Bloom 31	588	281	307
Bloom 32	459	64	395
Bloom 33	510	92	418
Bloom 34	369	78	291
Bloom 35	326	51	275
Bloom 36	770	82	688
Bloom 37	359	37	322
Bloom 38	1,338	168	1,170
Bloom 39	514	60	454
Bloom 40	382	101	281
Bloom 41	718	79	639
Bloom 42	512	110	402
Bloom 43	546	53	493
Bloom 44	716	298	418
Bloom 45	862	171	691
Bloom 46	530	93	437
Bloom 47	745	341	404
Bloom 48	438	92	346
Bloom 49	583	32	551
Bloom 50	544	174	370
Bloom 51	329	33	296
Bloom 52	549	19	530
Bloom 53	356	99	257
Bloom 54	599	204	395
Bloom 55	531	62	469
Bloom 56	498	220	278
Bloom 57	594	210	384
Bloom 58	434	82	352
Bloom 59	462	113	349
Bloom 60	511	37	474
Bloom 61	553	232	321
Bremen 1	569	39	530
Bremen 2	639	365	274
Bremen 3	531	294	237
Bremen 4	566	279	287
Bremen 5	428	184	244
Bremen 6	436	170	266
Bremen 7	393	42	351
Bremen 8	483	37	446
Bremen 9	478	296	182
Bremen 10	712	410	302
Bremen 11	655	341	314
Bremen 12	488	45	443
Bremen 13	636	297	339
Bremen 14	481	165	316
Bremen 15	444	129	315
Bremen 16	576	364	212
Bremen 17	522	28	494
Bremen 18	881	446	435
Bremen 19	203	10	193
Bremen 20	437	255	182
Bremen 21	706	185	521
Bremen 22	486	298	188
Bremen 23	252	9	243
Bremen 24	481	330	151
Bremen 25	784	407	377
Bremen 26	512	124	388
Bremen 27	644	286	358
Bremen 28	448	202	246
Bremen 29	825	54	771
Bremen 30	621	379	242
Bremen 31	603	53	550
Bremen 32	530	46	484
Bremen 33	542	311	231
Bremen 34	789	530	259
Bremen 35	405	13	392
Bremen 36	409	254	155
Bremen 37	395	56	339
Bremen 38	517	13	504
Bremen 39	427	33	394
Bremen 40	865	103	762
Bremen 41	375	189	186
Bremen 42	774	449	325
Bremen 43	480	129	351
Bremen 44	450	39	411
Bremen 45	354	37	317
Bremen 46	565	351	214
Bremen 47	487	36	451
Bremen 48	496	38	458
Bremen 49	473	30	443
Bremen 50	656	413	243
Bremen 51	749	61	688
Bremen 52	518	264	254
Bremen 53	387	198	189
Bremen 54	467	283	184
Bremen 55	477	101	376
Bremen 56	652	45	607
Bremen 57	630	411	219
Bremen 58	728	425	303
Bremen 59	521	287	234
Bremen 60	483	286	197
Bremen 61	571	327	244
Bremen 62	634	299	335
Bremen 63	772	69	703
Bremen 64	652	381	271
Bremen 65	295	10	285
Bremen 66	436	21	415
Bremen 67	793	486	307
Bremen 68	386	260	126
Bremen 69	564	243	321
Bremen 70	407	32	375
Bremen 71	432	35	397
Bremen 72	375	219	156
Bremen 73	613	309	304
Bremen 74	685	293	392
Bremen 75	670	176	494
Bremen 76	473	289	184
Bremen 77	912	509	403
Bremen 78	519	35	484
Bremen 79	597	392	205
Bremen 80	529	31	498
Calumet 1	643	100	543
Calumet 2	608	129	479
Calumet 3	618	40	578
Calumet 4	622	25	597
Calumet 5	492	27	465
Calumet 6	837	120	717
Calumet 7	686	126	560
Calumet 8	451	65	386
Calumet 9	465	28	437
Calumet 10	655	23	632
Calumet 11	854	39	815
Calumet 12	449	19	430
Cicero 1	749	118	631
Cicero 2	340	49	291
Cicero 3	474	92	382
Cicero 4	575	98	477
Cicero 5	666	190	476
Cicero 6	563	154	409
Cicero 7	429	62	367
Cicero 8	322	60	262
Cicero 9	644	85	559
Cicero 10	700	141	559
Cicero 11	581	179	402
Cicero 12	453	119	334
Cicero 13	500	177	323
Cicero 14	499	112	387
Cicero 15	570	123	447
Cicero 16	451	86	365
Cicero 17	691	101	590
Cicero 18	399	82	317
Cicero 19	765	178	587
Cicero 20	440	90	350
Cicero 21	583	129	454
Cicero 22	452	80	372
Cicero 23	726	151	575
Cicero 24	668	116	552
Cicero 25	518	104	414
Cicero 26	411	78	333
Cicero 27	607	131	476
Cicero 28	615	100	515
Cicero 29	546	85	461
Cicero 30	494	82	412
Cicero 31	457	90	367
Cicero 32	465	84	381
Elk Grove 1	518	280	238
Elk Grove 2	529	218	311
Elk Grove 3	723	383	340
Elk Grove 4	683	311	372
Elk Grove 5	877	501	376
Elk Grove 6	462	234	228
Elk Grove 7	689	387	302
Elk Grove 8	568	348	220
Elk Grove 9	601	348	253
Elk Grove 10	882	548	334
Elk Grove 11	713	457	256
Elk Grove 12	419	288	131
Elk Grove 13	600	285	315
Elk Grove 14	710	418	292
Elk Grove 15	520	286	234
Elk Grove 16	704	430	274
Elk Grove 17	599	272	327
Elk Grove 18	825	445	380
Elk Grove 19	782	507	275
Elk Grove 20	690	377	313
Elk Grove 21	549	250	299
Elk Grove 22	630	269	361
Elk Grove 23	946	545	401
Elk Grove 24	581	312	269
Elk Grove 25	569	385	184
Elk Grove 26	521	303	218
Elk Grove 27	773	509	264
Elk Grove 28	625	291	334
Elk Grove 29	611	379	232
Elk Grove 30	578	338	240
Elk Grove 31	404	164	240
Elk Grove 32	452	187	265
Elk Grove 33	403	230	173
Elk Grove 34	1,030	583	447
Elk Grove 35	569	263	306
Elk Grove 36	429	126	303
Elk Grove 37	786	427	359
Elk Grove 38	458	115	343
Elk Grove 39	849	357	492
Elk Grove 40	614	274	340
Elk Grove 41	483	300	183
Elk Grove 42	577	191	386
Elk Grove 43	530	311	219
Elk Grove 44	523	324	199
Elk Grove 45	558	350	208
Elk Grove 46	483	350	133
Elk Grove 47	763	462	301
Elk Grove 48	422	299	123
Elk Grove 49	783	366	417
Elk Grove 50	369	157	212
Elk Grove 51	873	545	328
Elk Grove 52	302	125	177
Evanston Ward 1 Precinct 1	613	101	512
Evanston Ward 1 Precinct 2	722	202	520
Evanston Ward 1 Precinct 3	678	201	477
Evanston Ward 1 Precinct 4	989	328	661
Evanston Ward 2 Precinct 1	1,266	307	959
Evanston Ward 2 Precinct 2	531	72	459
Evanston Ward 2 Precinct 3	709	52	657
Evanston Ward 2 Precinct 4	875	88	787
Evanston Ward 2 Precinct 5	606	68	538
Evanston Ward 3 Precinct 1	736	223	513
Evanston Ward 3 Precinct 2	866	221	645
Evanston Ward 3 Precinct 3	760	177	583
Evanston Ward 3 Precinct 4	405	111	294
Evanston Ward 3 Precinct 5	750	191	559
Evanston Ward 3 Precinct 6	721	175	546
Evanston Ward 3 Precinct 7	614	144	470
Evanston Ward 4 Precinct 1	409	74	335
Evanston Ward 4 Precinct 2	655	123	532
Evanston Ward 4 Precinct 3	488	129	359
Evanston Ward 4 Precinct 4	1,014	239	775
Evanston Ward 4 Precinct 5	400	90	310
Evanston Ward 4 Precinct 6	922	242	680
Evanston Ward 5 Precinct 1	685	36	649
Evanston Ward 5 Precinct 2	931	192	739
Evanston Ward 5 Precinct 3	706	65	641
Evanston Ward 5 Precinct 4	433	23	410
Evanston Ward 6 Precinct 1	1,035	369	666
Evanston Ward 6 Precinct 2	531	157	374
Evanston Ward 6 Precinct 3	590	193	397
Evanston Ward 6 Precinct 4	741	208	533
Evanston Ward 6 Precinct 5	902	312	590
Evanston Ward 6 Precinct 6	546	252	294
Evanston Ward 6 Precinct 7	857	267	590
Evanston Ward 7 Precinct 1	1,021	302	719
Evanston Ward 7 Precinct 2	1,094	341	753
Evanston Ward 7 Precinct 3	422	101	321
Evanston Ward 7 Precinct 4	493	105	388
Evanston Ward 7 Precinct 5	933	317	616
Evanston Ward 7 Precinct 6	141	20	121
Evanston Ward 8 Precinct 1	832	140	692
Evanston Ward 8 Precinct 2	658	98	560
Evanston Ward 8 Precinct 3	600	88	512
Evanston Ward 8 Precinct 4	718	158	560
Evanston Ward 8 Precinct 5	915	162	753
Evanston Ward 9 Precinct 1	571	109	462
Evanston Ward 9 Precinct 2	602	103	499
Evanston Ward 9 Precinct 3	945	208	737
Evanston Ward 9 Precinct 4	786	154	632
Evanston Ward 9 Precinct 5	486	107	379
Evanston Ward 9 Precinct 6	691	136	555
Hanover 1	957	441	516
Hanover 2	754	382	372
Hanover 3	323	111	212
Hanover 4	714	312	402
Hanover 5	687	322	365
Hanover 6	594	256	338
Hanover 7	711	326	385
Hanover 8	614	310	304
Hanover 9	667	385	282
Hanover 10	384	146	238
Hanover 11	668	250	418
Hanover 12	518	159	359
Hanover 13	474	199	275
Hanover 14	801	396	405
Hanover 15	552	180	372
Hanover 16	873	472	401
Hanover 17	530	235	295
Hanover 18	638	240	398
Hanover 19	577	334	243
Hanover 20	1,036	519	517
Hanover 21	452	249	203
Hanover 22	632	296	336
Hanover 23	685	351	334
Hanover 24	682	227	455
Hanover 25	569	289	280
Hanover 26	926	465	461
Hanover 27	1,883	982	901
Hanover 28	890	431	459
Hanover 29	443	133	310
Hanover 30	715	315	400
Hanover 31	541	352	189
Hanover 32	507	169	338
Hanover 33	677	279	398
Hanover 34	826	332	494
Hanover 35	692	240	452
Hanover 36	500	224	276
Hanover 37	935	432	503
Hanover 38	757	373	384
Hanover 39	767	309	458
Hanover 40	769	374	395
Hanover 41	961	467	494
Hanover 42	682	366	316
Hanover 43	731	343	388
Hanover 44	858	490	368
Lemont 1	716	544	172
Lemont 2	516	375	141
Lemont 3	764	579	185
Lemont 4	697	498	199
Lemont 5	660	401	259
Lemont 6	725	487	238
Lemont 7	535	344	191
Lemont 8	754	493	261
Lemont 9	481	393	88
Lemont 10	488	292	196
Lemont 11	935	684	251
Lemont 12	1,121	833	288
Lemont 13	923	687	236
Lemont 14	672	532	140
Leyden 1	446	187	259
Leyden 2	361	165	196
Leyden 3	742	374	368
Leyden 4	563	193	370
Leyden 5	597	269	328
Leyden 6	747	321	426
Leyden 7	332	133	199
Leyden 8	712	334	378
Leyden 9	806	476	330
Leyden 10	773	349	424
Leyden 11	652	346	306
Leyden 12	727	597	130
Leyden 13	658	291	367
Leyden 14	504	258	246
Leyden 15	667	303	364
Leyden 16	692	291	401
Leyden 17	552	271	281
Leyden 18	409	180	229
Leyden 19	633	303	330
Leyden 20	339	174	165
Leyden 21	446	88	358
Leyden 22	471	305	166
Leyden 23	1,034	643	391
Leyden 24	724	244	480
Leyden 25	432	207	225
Leyden 26	944	503	441
Leyden 27	166	76	90
Leyden 28	318	102	216
Leyden 29	416	118	298
Leyden 30	726	395	331
Leyden 31	676	263	413
Leyden 32	693	297	396
Leyden 33	676	285	391
Leyden 34	486	227	259
Leyden 35	305	118	187
Leyden 36	599	241	358
Leyden 37	451	192	259
Leyden 38	252	158	94
Leyden 39	426	215	211
Leyden 40	593	235	358
Leyden 41	340	107	233
Leyden 42	634	374	260
Leyden 43	458	186	272
Leyden 44	576	292	284
Leyden 45	529	257	272
Leyden 46	522	218	304
Leyden 47	598	268	330
Leyden 48	715	281	434
Leyden 49	895	473	422
Leyden 50	771	376	395
Lyons 1	76	42	34
Lyons 2	507	258	249
Lyons 3	563	281	282
Lyons 4	904	400	504
Lyons 5	665	323	342
Lyons 6	416	209	207
Lyons 7	562	125	437
Lyons 8	349	145	204
Lyons 9	719	360	359
Lyons 10	536	278	258
Lyons 11	456	263	193
Lyons 12	436	333	103
Lyons 13	276	16	260
Lyons 14	756	482	274
Lyons 15	679	405	274
Lyons 16	1,031	554	477
Lyons 17	410	282	128
Lyons 18	537	331	206
Lyons 19	654	278	376
Lyons 20	979	640	339
Lyons 21	991	648	343
Lyons 22	422	173	249
Lyons 23	741	470	271
Lyons 24	532	343	189
Lyons 25	612	354	258
Lyons 26	409	277	132
Lyons 27	574	456	118
Lyons 28	746	508	238
Lyons 29	551	310	241
Lyons 30	114	54	60
Lyons 31	614	419	195
Lyons 32	264	165	99
Lyons 33	235	136	99
Lyons 34	304	165	139
Lyons 35	614	384	230
Lyons 36	634	474	160
Lyons 37	448	196	252
Lyons 38	278	120	158
Lyons 39	628	420	208
Lyons 40	509	326	183
Lyons 41	434	297	137
Lyons 42	595	422	173
Lyons 43	519	341	178
Lyons 44	969	704	265
Lyons 45	865	416	449
Lyons 46	523	342	181
Lyons 47	605	386	219
Lyons 48	596	260	336
Lyons 49	415	262	153
Lyons 50	703	398	305
Lyons 51	518	258	260
Lyons 52	661	382	279
Lyons 53	634	408	226
Lyons 54	327	195	132
Lyons 55	678	484	194
Lyons 56	869	289	580
Lyons 57	663	149	514
Lyons 58	519	270	249
Lyons 59	547	230	317
Lyons 60	946	129	817
Lyons 61	626	420	206
Lyons 62	312	252	60
Lyons 63	904	633	271
Lyons 64	589	261	328
Lyons 65	781	380	401
Lyons 66	403	165	238
Lyons 67	686	293	393
Lyons 68	461	215	246
Lyons 69	796	553	243
Lyons 70	566	22	544
Lyons 71	328	115	213
Lyons 72	773	506	267
Lyons 73	582	340	242
Lyons 74	344	166	178
Lyons 75	455	221	234
Lyons 76	476	236	240
Lyons 77	496	251	245
Lyons 78	430	280	150
Maine 1	518	235	283
Maine 2	551	210	341
Maine 3	349	169	180
Maine 4	612	340	272
Maine 5	889	326	563
Maine 6	913	403	510
Maine 7	469	209	260
Maine 8	717	399	318
Maine 9	969	406	563
Maine 10	458	221	237
Maine 11	437	245	192
Maine 12	429	233	196
Maine 13	617	314	303
Maine 14	777	402	375
Maine 15	371	162	209
Maine 16	451	229	222
Maine 17	630	309	321
Maine 18	526	239	287
Maine 19	403	219	184
Maine 20	349	194	155
Maine 21	802	496	306
Maine 22	780	476	304
Maine 23	650	295	355
Maine 24	813	486	327
Maine 25	670	396	274
Maine 26	516	272	244
Maine 27	426	249	177
Maine 28	377	116	261
Maine 29	928	605	323
Maine 30	1,382	903	479
Maine 31	626	316	310
Maine 32	390	233	157
Maine 33	536	130	406
Maine 34	761	345	416
Maine 35	522	219	303
Maine 36	592	369	223
Maine 37	649	447	202
Maine 38	510	264	246
Maine 39	668	383	285
Maine 40	631	335	296
Maine 41	527	263	264
Maine 42	870	562	308
Maine 43	514	373	141
Maine 44	425	243	182
Maine 45	302	98	204
Maine 46	678	386	292
Maine 47	654	282	372
Maine 48	720	360	360
Maine 49	618	281	337
Maine 50	551	360	191
Maine 51	647	283	364
Maine 52	541	273	268
Maine 53	578	249	329
Maine 54	625	381	244
Maine 55	533	319	214
Maine 56	812	368	444
Maine 57	491	169	322
Maine 58	735	445	290
Maine 59	616	361	255
Maine 60	1,097	717	380
Maine 61	364	181	183
Maine 62	346	143	203
Maine 63	461	234	227
Maine 64	471	255	216
Maine 65	463	286	177
Maine 66	335	211	124
Maine 67	909	634	275
Maine 68	442	204	238
Maine 69	657	352	305
Maine 70	735	258	477
Maine 71	312	140	172
Maine 72	506	296	210
Maine 73	250	137	113
Maine 74	506	274	232
Maine 75	569	332	237
Maine 76	341	197	144
Maine 77	921	505	416
Maine 78	569	201	368
Maine 79	626	198	428
Maine 80	532	310	222
Maine 81	465	209	256
Maine 82	538	293	245
Maine 83	435	276	159
Maine 84	384	175	209
Maine 85	345	221	124
Maine 86	531	174	357
Maine 87	394	247	147
Maine 88	425	299	126
Maine 89	490	215	275
Maine 90	370	226	144
Maine 91	859	461	398
Maine 92	526	248	278
New Trier 1	1,013	533	480
New Trier 2	1,094	516	578
New Trier 3	687	305	382
New Trier 4	894	451	443
New Trier 5	575	248	327
New Trier 6	520	258	262
New Trier 7	695	396	299
New Trier 8	582	369	213
New Trier 9	765	521	244
New Trier 10	691	442	249
New Trier 11	905	623	282
New Trier 12	800	514	286
New Trier 13	933	494	439
New Trier 14	841	532	309
New Trier 15	952	568	384
New Trier 16	995	664	331
New Trier 17	663	304	359
New Trier 18	535	318	217
New Trier 19	557	426	131
New Trier 20	978	566	412
New Trier 21	776	363	413
New Trier 22	710	505	205
New Trier 23	752	590	162
New Trier 24	832	339	493
New Trier 25	612	377	235
New Trier 26	536	238	298
New Trier 27	682	329	353
New Trier 28	598	318	280
New Trier 29	654	381	273
New Trier 30	895	561	334
New Trier 31	715	342	373
New Trier 32	615	309	306
New Trier 33	808	345	463
New Trier 34	568	277	291
New Trier 35	432	240	192
New Trier 36	908	436	472
New Trier 37	718	327	391
New Trier 38	701	348	353
New Trier 39	498	253	245
New Trier 40	432	277	155
New Trier 41	588	371	217
Niles 1	712	436	276
Niles 2	778	373	405
Niles 3	1,042	628	414
Niles 4	581	281	300
Niles 5	400	211	189
Niles 6	628	402	226
Niles 7	964	367	597
Niles 8	287	123	164
Niles 9	461	265	196
Niles 10	731	325	406
Niles 11	365	204	161
Niles 12	486	145	341
Niles 13	745	405	340
Niles 14	786	280	506
Niles 15	742	256	486
Niles 16	895	347	548
Niles 17	765	272	493
Niles 18	412	148	264
Niles 19	696	390	306
Niles 20	613	268	345
Niles 21	923	292	631
Niles 22	631	204	427
Niles 23	689	278	411
Niles 24	790	264	526
Niles 25	414	172	242
Niles 26	779	355	424
Niles 27	617	155	462
Niles 28	697	336	361
Niles 29	428	187	241
Niles 30	531	243	288
Niles 31	715	254	461
Niles 32	311	127	184
Niles 33	817	243	574
Niles 34	685	279	406
Niles 35	741	290	451
Niles 36	447	106	341
Niles 37	688	230	458
Niles 38	1,107	512	595
Niles 39	745	297	448
Niles 40	353	181	172
Niles 41	757	268	489
Niles 42	634	205	429
Niles 43	868	433	435
Niles 44	769	248	521
Niles 45	503	193	310
Niles 46	740	354	386
Niles 47	385	156	229
Niles 48	670	211	459
Niles 49	815	251	564
Niles 50	768	343	425
Niles 51	393	189	204
Niles 52	546	256	290
Niles 53	915	384	531
Niles 54	417	197	220
Niles 55	400	138	262
Niles 56	828	453	375
Niles 57	812	362	450
Niles 58	745	317	428
Niles 59	984	463	521
Niles 60	926	361	565
Niles 61	909	336	573
Niles 62	435	138	297
Niles 63	771	263	508
Niles 64	903	350	553
Northfield 1	824	356	468
Northfield 2	654	379	275
Northfield 3	470	231	239
Northfield 4	683	398	285
Northfield 5	504	307	197
Northfield 6	714	517	197
Northfield 7	936	553	383
Northfield 8	764	522	242
Northfield 9	512	344	168
Northfield 10	604	313	291
Northfield 11	391	228	163
Northfield 12	1,101	701	400
Northfield 13	606	370	236
Northfield 14	557	307	250
Northfield 15	538	272	266
Northfield 16	825	456	369
Northfield 17	618	322	296
Northfield 18	917	493	424
Northfield 19	701	412	289
Northfield 20	673	386	287
Northfield 21	990	573	417
Northfield 22	737	370	367
Northfield 23	539	382	157
Northfield 24	621	361	260
Northfield 25	633	355	278
Northfield 26	595	268	327
Northfield 27	677	291	386
Northfield 28	1,045	534	511
Northfield 29	583	330	253
Northfield 30	721	450	271
Northfield 31	875	554	321
Northfield 32	972	517	455
Northfield 33	471	211	260
Northfield 34	521	342	179
Northfield 35	712	457	255
Northfield 36	505	279	226
Northfield 37	801	491	310
Northfield 38	560	304	256
Northfield 39	410	208	202
Northfield 40	443	266	177
Northfield 41	616	332	284
Northfield 42	607	373	234
Northfield 43	701	340	361
Northfield 44	524	304	220
Northfield 45	831	467	364
Northfield 46	900	478	422
Northfield 47	904	462	442
Northfield 48	689	410	279
Northfield 49	542	278	264
Northfield 50	843	496	347
Northfield 51	1,559	956	603
Northfield 52	613	362	251
Northfield 53	690	382	308
Northfield 54	536	234	302
Northfield 55	598	249	349
Northfield 56	890	524	366
Northfield 57	468	257	211
Northfield 58	393	228	165
Northfield 59	676	322	354
Northfield 60	765	388	377
Northfield 61	513	344	169
Northfield 62	758	439	319
Norwood Park 1	676	320	356
Norwood Park 2	658	329	329
Norwood Park 3	707	389	318
Norwood Park 4	740	422	318
Norwood Park 5	563	333	230
Norwood Park 6	867	538	329
Norwood Park 7	549	324	225
Norwood Park 8	461	292	169
Norwood Park 9	443	262	181
Norwood Park 10	443	310	133
Norwood Park 11	871	525	346
Norwood Park 12	512	251	261
Norwood Park 13	542	350	192
Norwood Park 14	537	311	226
Norwood Park 15	493	262	231
Norwood Park 16	476	241	235
Norwood Park 17	601	329	272
Oak Park 1	569	102	467
Oak Park 2	928	359	569
Oak Park 3	995	276	719
Oak Park 4	889	302	587
Oak Park 5	866	289	577
Oak Park 6	969	199	770
Oak Park 7	597	171	426
Oak Park 8	756	125	631
Oak Park 9	514	118	396
Oak Park 10	735	189	546
Oak Park 11	723	153	570
Oak Park 12	410	115	295
Oak Park 13	784	140	644
Oak Park 14	822	286	536
Oak Park 15	994	174	820
Oak Park 16	1,095	338	757
Oak Park 17	1,097	317	780
Oak Park 18	678	247	431
Oak Park 19	799	224	575
Oak Park 20	1,057	329	728
Oak Park 21	585	98	487
Oak Park 22	534	122	412
Oak Park 23	743	226	517
Oak Park 24	568	203	365
Oak Park 25	714	179	535
Oak Park 26	666	166	500
Oak Park 27	255	65	190
Oak Park 28	1,013	233	780
Oak Park 29	689	224	465
Oak Park 30	917	160	757
Oak Park 31	1,162	305	857
Oak Park 32	533	93	440
Oak Park 33	731	131	600
Oak Park 34	668	175	493
Oak Park 35	938	303	635
Oak Park 36	892	272	620
Oak Park 37	503	146	357
Orland 1	852	487	365
Orland 2	774	523	251
Orland 3	392	191	201
Orland 4	463	307	156
Orland 5	465	269	196
Orland 6	405	247	158
Orland 7	401	237	164
Orland 8	545	299	246
Orland 9	746	459	287
Orland 10	637	389	248
Orland 11	449	269	180
Orland 12	320	186	134
Orland 13	819	468	351
Orland 14	709	418	291
Orland 15	835	589	246
Orland 16	658	484	174
Orland 17	436	228	208
Orland 18	768	477	291
Orland 19	457	285	172
Orland 20	342	237	105
Orland 21	814	573	241
Orland 22	598	350	248
Orland 23	521	337	184
Orland 24	596	376	220
Orland 25	1,056	641	415
Orland 26	564	326	238
Orland 27	436	265	171
Orland 28	460	331	129
Orland 29	952	629	323
Orland 30	410	247	163
Orland 31	494	308	186
Orland 32	404	264	140
Orland 33	488	336	152
Orland 34	721	466	255
Orland 35	673	418	255
Orland 36	798	405	393
Orland 37	712	454	258
Orland 38	366	210	156
Orland 39	509	339	170
Orland 40	731	473	258
Orland 41	603	365	238
Orland 42	709	451	258
Orland 43	584	379	205
Orland 44	536	332	204
Orland 45	596	396	200
Orland 46	504	312	192
Orland 47	910	617	293
Orland 48	634	382	252
Orland 49	470	300	170
Orland 50	531	297	234
Orland 51	764	520	244
Orland 52	632	445	187
Orland 53	514	337	177
Orland 54	879	616	263
Orland 55	512	349	163
Orland 56	570	440	130
Orland 57	639	463	176
Orland 58	661	438	223
Orland 59	659	439	220
Orland 60	451	292	159
Orland 61	529	364	165
Orland 62	698	442	256
Orland 63	705	473	232
Orland 64	852	619	233
Orland 65	562	406	156
Orland 66	596	394	202
Orland 67	422	249	173
Orland 68	494	331	163
Orland 69	390	166	224
Orland 70	777	461	316
Orland 71	601	461	140
Orland 72	501	290	211
Orland 73	844	525	319
Orland 74	414	253	161
Orland 75	759	571	188
Palatine 1	486	273	213
Palatine 2	836	516	320
Palatine 3	580	436	144
Palatine 4	512	170	342
Palatine 5	885	461	424
Palatine 6	732	399	333
Palatine 7	691	398	293
Palatine 8	702	390	312
Palatine 9	624	425	199
Palatine 10	812	611	201
Palatine 11	598	315	283
Palatine 12	604	438	166
Palatine 13	591	312	279
Palatine 14	585	332	253
Palatine 15	729	427	302
Palatine 16	571	195	376
Palatine 17	623	349	274
Palatine 18	449	261	188
Palatine 19	689	451	238
Palatine 20	592	225	367
Palatine 21	835	446	389
Palatine 22	658	381	277
Palatine 23	488	388	100
Palatine 24	790	429	361
Palatine 25	524	329	195
Palatine 26	835	475	360
Palatine 27	514	232	282
Palatine 28	464	276	188
Palatine 29	837	471	366
Palatine 30	511	265	246
Palatine 31	462	325	137
Palatine 32	655	439	216
Palatine 33	435	189	246
Palatine 34	851	561	290
Palatine 35	571	346	225
Palatine 36	605	359	246
Palatine 37	751	402	349
Palatine 38	620	443	177
Palatine 39	933	534	399
Palatine 40	973	586	387
Palatine 41	882	547	335
Palatine 42	792	475	317
Palatine 43	559	347	212
Palatine 44	868	661	207
Palatine 45	529	371	158
Palatine 46	750	449	301
Palatine 47	692	415	277
Palatine 48	568	386	182
Palatine 49	497	350	147
Palatine 50	967	613	354
Palatine 51	392	208	184
Palatine 52	652	444	208
Palatine 53	520	287	233
Palatine 54	815	498	317
Palatine 55	490	302	188
Palatine 56	723	430	293
Palatine 57	885	476	409
Palatine 58	631	297	334
Palatine 59	889	501	388
Palatine 60	668	248	420
Palatine 61	442	187	255
Palatine 62	517	213	304
Palatine 63	664	358	306
Palatine 64	660	325	335
Palatine 65	550	329	221
Palatine 66	830	288	542
Palatine 67	610	450	160
Palatine 68	591	386	205
Palatine 69	627	344	283
Palos 1	432	329	103
Palos 2	465	337	128
Palos 3	507	341	166
Palos 4	472	256	216
Palos 5	459	278	181
Palos 6	407	194	213
Palos 7	640	355	285
Palos 8	282	168	114
Palos 9	456	341	115
Palos 10	783	571	212
Palos 11	632	459	173
Palos 12	580	297	283
Palos 13	652	462	190
Palos 14	379	214	165
Palos 15	613	431	182
Palos 16	806	566	240
Palos 17	777	410	367
Palos 18	673	364	309
Palos 19	730	429	301
Palos 20	692	397	295
Palos 21	416	236	180
Palos 22	103	69	34
Palos 23	426	207	219
Palos 24	415	318	97
Palos 25	374	80	294
Palos 26	378	222	156
Palos 27	667	353	314
Palos 28	549	102	447
Palos 29	646	463	183
Palos 30	697	438	259
Palos 31	714	434	280
Palos 32	320	193	127
Palos 33	683	503	180
Palos 34	452	274	178
Palos 35	836	495	341
Palos 36	723	429	294
Palos 37	766	563	203
Palos 38	591	364	227
Palos 39	759	521	238
Proviso 1	531	111	420
Proviso 2	521	88	433
Proviso 3	712	170	542
Proviso 4	683	28	655
Proviso 5	651	36	615
Proviso 6	482	260	222
Proviso 7	143	54	89
Proviso 8	409	84	325
Proviso 9	536	36	500
Proviso 10	514	80	434
Proviso 11	539	148	391
Proviso 12	725	245	480
Proviso 13	670	193	477
Proviso 14	468	151	317
Proviso 15	560	105	455
Proviso 16	574	146	428
Proviso 17	401	20	381
Proviso 18	802	54	748
Proviso 19	697	26	671
Proviso 20	530	18	512
Proviso 21	476	231	245
Proviso 22	491	25	466
Proviso 23	288	173	115
Proviso 24	899	539	360
Proviso 25	743	410	333
Proviso 26	734	384	350
Proviso 27	700	329	371
Proviso 28	685	383	302
Proviso 29	826	383	443
Proviso 30	656	141	515
Proviso 31	382	15	367
Proviso 32	761	376	385
Proviso 33	693	34	659
Proviso 34	995	89	906
Proviso 35	770	452	318
Proviso 36	684	33	651
Proviso 37	430	22	408
Proviso 38	596	50	546
Proviso 39	753	152	601
Proviso 40	612	35	577
Proviso 41	547	36	511
Proviso 42	400	15	385
Proviso 43	434	18	416
Proviso 44	470	38	432
Proviso 45	635	21	614
Proviso 46	171	111	60
Proviso 47	374	25	349
Proviso 48	743	96	647
Proviso 49	463	75	388
Proviso 50	930	269	661
Proviso 51	699	285	414
Proviso 52	503	35	468
Proviso 53	678	22	656
Proviso 54	979	490	489
Proviso 55	593	332	261
Proviso 56	486	43	443
Proviso 57	563	246	317
Proviso 58	416	33	383
Proviso 59	521	144	377
Proviso 60	449	89	360
Proviso 61	691	151	540
Proviso 62	726	197	529
Proviso 63	705	359	346
Proviso 64	609	39	570
Proviso 65	489	84	405
Proviso 66	728	232	496
Proviso 67	831	227	604
Proviso 68	382	179	203
Proviso 69	560	26	534
Proviso 70	531	305	226
Proviso 71	1,052	329	723
Proviso 72	536	147	389
Proviso 73	563	173	390
Proviso 74	581	157	424
Proviso 75	670	303	367
Proviso 76	710	188	522
Proviso 77	418	192	226
Proviso 78	274	94	180
Proviso 79	498	38	460
Proviso 80	473	98	375
Proviso 81	488	138	350
Proviso 82	862	45	817
Proviso 83	744	28	716
Proviso 84	496	315	181
Proviso 85	732	334	398
Proviso 86	632	27	605
Proviso 87	704	269	435
Proviso 88	358	64	294
Proviso 89	481	232	249
Proviso 90	996	434	562
Proviso 91	543	119	424
Proviso 92	803	346	457
Proviso 93	454	144	310
Proviso 94	513	36	477
Proviso 95	491	160	331
Proviso 96	415	214	201
Proviso 97	883	523	360
Proviso 98	626	265	361
Proviso 99	640	47	593
Proviso 100	792	408	384
Proviso 101	575	236	339
Proviso 102	749	322	427
Rich 1	2,072	110	1,962
Rich 2	598	70	528
Rich 3	861	204	657
Rich 4	566	52	514
Rich 5	780	124	656
Rich 6	857	110	747
Rich 7	590	199	391
Rich 8	1,108	132	976
Rich 9	840	80	760
Rich 10	513	70	443
Rich 11	639	168	471
Rich 12	780	148	632
Rich 13	431	69	362
Rich 14	583	154	429
Rich 15	963	65	898
Rich 16	564	130	434
Rich 17	620	161	459
Rich 18	722	64	658
Rich 19	444	238	206
Rich 20	1,037	688	349
Rich 21	866	105	761
Rich 22	686	130	556
Rich 23	927	82	845
Rich 24	724	142	582
Rich 25	986	130	856
Rich 26	788	131	657
Rich 27	750	90	660
Rich 28	547	30	517
Rich 29	661	265	396
Rich 30	905	55	850
Rich 31	539	232	307
Rich 32	872	142	730
Rich 33	522	236	286
Rich 34	565	66	499
Rich 35	491	95	396
Rich 36	1,337	137	1,200
Rich 37	496	28	468
Rich 38	689	57	632
Rich 39	694	152	542
Rich 40	629	51	578
Rich 41	454	78	376
Rich 42	613	31	582
Rich 43	786	56	730
Rich 44	524	29	495
Rich 45	797	152	645
Rich 46	988	57	931
Rich 47	1,046	99	947
Rich 48	717	41	676
Rich 49	670	148	522
Rich 50	389	214	175
Rich 51	671	66	605
River Forest 1	957	519	438
River Forest 2	633	386	247
River Forest 3	709	329	380
River Forest 4	765	369	396
River Forest 5	499	234	265
River Forest 6	481	252	229
River Forest 7	694	322	372
River Forest 8	895	391	504
Riverside 1	724	425	299
Riverside 2	80	37	43
Riverside 3	416	219	197
Riverside 4	876	480	396
Riverside 5	456	181	275
Riverside 6	561	297	264
Riverside 7	471	252	219
Riverside 8	773	417	356
Riverside 9	554	318	236
Riverside 10	763	469	294
Riverside 11	850	449	401
Riverside 12	459	199	260
Riverside 13	737	354	383
Schaumburg 1	1,128	452	676
Schaumburg 2	1,027	367	660
Schaumburg 3	652	339	313
Schaumburg 4	420	144	276
Schaumburg 5	399	247	152
Schaumburg 6	597	288	309
Schaumburg 7	502	150	352
Schaumburg 8	543	243	300
Schaumburg 9	511	193	318
Schaumburg 10	444	206	238
Schaumburg 11	581	330	251
Schaumburg 12	679	292	387
Schaumburg 13	483	274	209
Schaumburg 14	708	429	279
Schaumburg 15	624	326	298
Schaumburg 16	827	350	477
Schaumburg 17	696	392	304
Schaumburg 18	552	212	340
Schaumburg 19	507	218	289
Schaumburg 20	494	291	203
Schaumburg 21	869	484	385
Schaumburg 22	756	237	519
Schaumburg 23	715	313	402
Schaumburg 24	749	413	336
Schaumburg 25	707	330	377
Schaumburg 26	743	354	389
Schaumburg 27	508	232	276
Schaumburg 28	771	357	414
Schaumburg 29	729	395	334
Schaumburg 30	585	319	266
Schaumburg 31	863	442	421
Schaumburg 32	798	390	408
Schaumburg 33	540	275	265
Schaumburg 34	804	241	563
Schaumburg 35	477	223	254
Schaumburg 36	463	217	246
Schaumburg 37	446	236	210
Schaumburg 38	573	251	322
Schaumburg 39	908	495	413
Schaumburg 40	595	345	250
Schaumburg 41	624	325	299
Schaumburg 42	745	300	445
Schaumburg 43	581	163	418
Schaumburg 44	795	218	577
Schaumburg 45	692	317	375
Schaumburg 46	486	236	250
Schaumburg 47	607	343	264
Schaumburg 48	551	275	276
Schaumburg 49	467	200	267
Schaumburg 50	481	295	186
Schaumburg 51	521	164	357
Schaumburg 52	873	545	328
Schaumburg 53	624	332	292
Schaumburg 54	802	444	358
Schaumburg 55	583	349	234
Schaumburg 56	691	391	300
Schaumburg 57	845	491	354
Schaumburg 58	422	225	197
Schaumburg 59	826	514	312
Schaumburg 60	492	175	317
Schaumburg 61	929	459	470
Schaumburg 62	726	272	454
Schaumburg 63	546	307	239
Schaumburg 64	571	314	257
Schaumburg 65	515	284	231
Schaumburg 66	576	342	234
Schaumburg 67	632	329	303
Schaumburg 68	529	292	237
Schaumburg 69	501	299	202
Schaumburg 70	521	331	190
Schaumburg 71	621	294	327
Schaumburg 72	632	302	330
Schaumburg 73	775	409	366
Schaumburg 74	507	295	212
Schaumburg 75	544	329	215
Schaumburg 76	592	342	250
Schaumburg 77	845	385	460
Schaumburg 78	595	239	356
Stickney 1	311	163	148
Stickney 2	472	173	299
Stickney 3	902	397	505
Stickney 4	725	345	380
Stickney 5	779	382	397
Stickney 6	915	438	477
Stickney 7	379	140	239
Stickney 8	596	278	318
Stickney 9	591	279	312
Stickney 10	792	312	480
Stickney 11	675	332	343
Stickney 12	664	308	356
Stickney 13	512	211	301
Stickney 14	779	385	394
Stickney 15	715	290	425
Stickney 16	697	273	424
Stickney 17	465	200	265
Stickney 18	366	163	203
Stickney 19	551	217	334
Stickney 20	506	198	308
Thornton 1	323	23	300
Thornton 2	297	37	260
Thornton 3	614	76	538
Thornton 4	752	43	709
Thornton 5	532	54	478
Thornton 6	731	39	692
Thornton 7	516	29	487
Thornton 8	702	53	649
Thornton 9	319	16	303
Thornton 10	594	86	508
Thornton 11	374	44	330
Thornton 12	469	61	408
Thornton 13	547	195	352
Thornton 14	590	145	445
Thornton 15	541	49	492
Thornton 16	581	231	350
Thornton 17	691	169	522
Thornton 18	898	404	494
Thornton 19	774	206	568
Thornton 20	426	219	207
Thornton 21	796	148	648
Thornton 22	590	30	560
Thornton 23	533	90	443
Thornton 24	671	280	391
Thornton 25	572	247	325
Thornton 26	606	156	450
Thornton 27	755	85	670
Thornton 28	513	59	454
Thornton 29	363	11	352
Thornton 30	404	15	389
Thornton 31	235	33	202
Thornton 32	531	20	511
Thornton 33	578	34	544
Thornton 34	871	47	824
Thornton 35	779	81	698
Thornton 36	371	18	353
Thornton 37	747	255	492
Thornton 38	844	95	749
Thornton 39	437	18	419
Thornton 40	444	26	418
Thornton 41	400	57	343
Thornton 42	399	12	387
Thornton 43	488	238	250
Thornton 44	434	29	405
Thornton 45	490	20	470
Thornton 46	676	43	633
Thornton 47	463	170	293
Thornton 48	533	25	508
Thornton 49	355	15	340
Thornton 50	491	107	384
Thornton 51	467	211	256
Thornton 52	615	28	587
Thornton 53	402	20	382
Thornton 54	845	112	733
Thornton 55	398	39	359
Thornton 56	600	117	483
Thornton 57	440	239	201
Thornton 58	669	119	550
Thornton 59	480	56	424
Thornton 60	378	17	361
Thornton 61	398	48	350
Thornton 62	216	81	135
Thornton 63	353	68	285
Thornton 64	487	23	464
Thornton 65	771	315	456
Thornton 66	834	112	722
Thornton 67	731	306	425
Thornton 68	644	235	409
Thornton 69	453	15	438
Thornton 70	338	24	314
Thornton 71	360	17	343
Thornton 72	590	21	569
Thornton 73	876	117	759
Thornton 74	682	28	654
Thornton 75	568	31	537
Thornton 76	648	87	561
Thornton 77	936	53	883
Thornton 78	634	35	599
Thornton 79	807	135	672
Thornton 80	510	81	429
Thornton 81	545	50	495
Thornton 82	558	308	250
Thornton 83	798	44	754
Thornton 84	753	42	711
Thornton 85	487	22	465
Thornton 86	448	29	419
Thornton 87	808	28	780
Thornton 88	561	35	526
Thornton 89	803	85	718
Thornton 90	593	73	520
Thornton 91	569	88	481
Thornton 92	678	116	562
Thornton 93	408	23	385
Thornton 94	654	68	586
Thornton 95	487	24	463
Thornton 96	510	32	478
Thornton 97	343	80	263
Thornton 98	249	13	236
Thornton 99	525	59	466
Thornton 100	414	25	389
Thornton 101	541	22	519
Thornton 102	392	20	372
Thornton 103	367	17	350
Thornton 104	284	14	270
Thornton 105	535	26	509
Thornton 106	456	17	439
Thornton 107	763	58	705
Thornton 108	381	22	359
Thornton 109	527	18	509
Thornton 110	418	15	403
Thornton 111	449	21	428
Thornton 112	375	52	323
Thornton 113	346	16	330
Thornton 114	586	177	409
Thornton 115	568	34	534
Thornton 116	704	90	614
Thornton 117	657	231	426
Thornton 118	555	171	384
Thornton 119	670	43	627
Thornton 120	887	88	799
Thornton 121	483	30	453
Thornton 122	804	157	647
Thornton 123	422	61	361
Wheeling 1	654	332	322
Wheeling 2	489	306	183
Wheeling 3	632	375	257
Wheeling 4	512	264	248
Wheeling 5	581	311	270
Wheeling 6	420	238	182
Wheeling 7	856	492	364
Wheeling 8	439	277	162
Wheeling 9	577	221	356
Wheeling 10	787	488	299
Wheeling 11	918	504	414
Wheeling 12	971	607	364
Wheeling 13	602	381	221
Wheeling 14	521	330	191
Wheeling 15	567	338	229
Wheeling 16	277	102	175
Wheeling 17	665	291	374
Wheeling 18	593	375	218
Wheeling 19	842	524	318
Wheeling 20	726	442	284
Wheeling 21	464	321	143
Wheeling 22	699	370	329
Wheeling 23	601	425	176
Wheeling 24	555	423	132
Wheeling 25	771	376	395
Wheeling 26	913	546	367
Wheeling 27	1,016	573	443
Wheeling 28	881	538	343
Wheeling 29	401	215	186
Wheeling 30	922	612	310
Wheeling 31	481	260	221
Wheeling 32	458	302	156
Wheeling 33	439	148	291
Wheeling 34	838	510	328
Wheeling 35	627	364	263
Wheeling 36	947	576	371
Wheeling 37	795	290	505
Wheeling 38	752	396	356
Wheeling 39	705	384	321
Wheeling 40	673	408	265
Wheeling 41	1,045	686	359
Wheeling 42	886	500	386
Wheeling 43	660	334	326
Wheeling 44	804	526	278
Wheeling 45	495	272	223
Wheeling 46	1,080	656	424
Wheeling 47	610	318	292
Wheeling 48	593	339	254
Wheeling 49	797	316	481
Wheeling 50	540	207	333
Wheeling 51	822	473	349
Wheeling 52	538	306	232
Wheeling 53	720	492	228
Wheeling 54	771	522	249
Wheeling 55	637	323	314
Wheeling 56	589	341	248
Wheeling 57	703	466	237
Wheeling 58	549	327	222
Wheeling 59	729	400	329
Wheeling 60	473	253	220
Wheeling 61	794	537	257
Wheeling 62	767	436	331
Wheeling 63	531	248	283
Wheeling 64	916	469	447
Wheeling 65	854	532	322
Wheeling 66	825	456	369
Wheeling 67	390	209	181
Wheeling 68	401	259	142
Wheeling 69	602	344	258
Wheeling 70	889	479	410
Wheeling 71	1,027	631	396
Wheeling 72	661	331	330
Wheeling 73	651	365	286
Wheeling 74	498	222	276
Wheeling 75	695	397	298
Wheeling 76	868	384	484
Wheeling 77	312	116	196
Wheeling 78	978	576	402
Wheeling 79	609	286	323
Wheeling 80	632	244	388
Wheeling 81	522	323	199
Wheeling 82	857	483	374
Wheeling 83	965	607	358
Wheeling 84	906	401	505
Wheeling 85	553	316	237
Wheeling 86	736	467	269
Wheeling 87	637	389	248
Wheeling 88	689	306	383
Wheeling 89	429	214	215
Wheeling 90	640	404	236
Wheeling 91	777	420	357
Wheeling 92	1,046	633	413
Worth 1	350	144	206
Worth 2	717	366	351
Worth 3	625	343	282
Worth 4	908	311	597
Worth 5	697	400	297
Worth 6	710	411	299
Worth 7	647	465	182
Worth 8	707	232	475
Worth 9	727	355	372
Worth 10	733	301	432
Worth 11	651	355	296
Worth 12	420	198	222
Worth 13	692	342	350
Worth 14	599	187	412
Worth 15	886	376	510
Worth 16	856	478	378
Worth 17	711	196	515
Worth 18	508	394	114
Worth 19	641	263	378
Worth 20	440	151	289
Worth 21	903	393	510
Worth 22	483	260	223
Worth 23	670	432	238
Worth 24	378	89	289
Worth 25	748	391	357
Worth 26	493	245	248
Worth 27	518	304	214
Worth 28	421	156	265
Worth 29	520	149	371
Worth 30	675	370	305
Worth 31	801	327	474
Worth 32	417	252	165
Worth 33	602	289	313
Worth 34	607	199	408
Worth 35	721	425	296
Worth 36	655	293	362
Worth 37	494	124	370
Worth 38	625	235	390
Worth 39	602	331	271
Worth 40	687	267	420
Worth 41	334	182	152
Worth 42	563	265	298
Worth 43	442	20	422
Worth 44	430	227	203
Worth 45	505	284	221
Worth 46	759	417	342
Worth 47	359	185	174
Worth 48	453	262	191
Worth 49	376	200	176
Worth 50	705	414	291
Worth 51	463	264	199
Worth 52	399	240	159
Worth 53	647	322	325
Worth 54	680	286	394
Worth 55	389	149	240
Worth 56	651	437	214
Worth 57	667	340	327
Worth 58	701	350	351
Worth 59	790	161	629
Worth 60	395	257	138
Worth 61	552	330	222
Worth 62	362	202	160
Worth 63	640	269	371
Worth 64	893	609	284
Worth 65	925	647	278
Worth 66	435	256	179
Worth 67	416	262	154
Worth 68	486	124	362
Worth 69	722	260	462
Worth 70	753	409	344
Worth 71	505	266	239
Worth 72	695	328	367
Worth 73	386	173	213
Worth 74	323	167	156
Worth 75	759	382	377
Worth 76	323	144	179
Worth 77	648	333	315
Worth 78	757	362	395
Worth 79	433	285	148
Worth 80	716	205	511
Worth 81	460	295	165
Worth 82	603	337	266
Worth 83	306	100	206
Worth 84	629	359	270
Worth 85	627	350	277
Worth 86	617	327	290
Worth 87	551	300	251
Worth 88	384	172	212
Worth 89	811	570	241
Worth 90	682	279	403
Worth 91	358	206	152
Worth 92	671	381	290
Worth 93	380	186	194
Worth 94	729	360	369
Worth 95	644	463	181
Worth 96	760	265	495
Worth 97	500	123	377
Worth 98	734	413	321
Worth 99	419	243	176
Worth 100	665	372	293
