Precinct	total_votes	votes|YES	votes|NO
01001	535	497	38
01002	554	519	35
01003	703	610	93
01004	684	608	76
01005	647	570	77
01006	585	510	75
01007	419	366	53
01008	530	481	49
01009	447	409	38
01010	753	652	101
01011	668	591	77
01012	690	616	74
01013	254	224	30
01014	608	535	73
01015	525	476	49
01016	568	531	37
01017	498	466	32
01018	618	573	45
01019	658	606	52
01020	473	439	34
01021	727	633	94
01022	380	341	39
01023	803	751	52
01024	519	489	30
01025	558	517	41
01026	410	386	24
01027	632	556	76
01028	159	149	10
01029	579	519	60
01030	672	626	46
01031	572	521	51
01032	588	520	68
01033	670	566	104
01034	533	489	44
01035	746	644	102
01036	654	563	91
01037	622	536	86
01038	606	545	61
01039	508	450	58
01040	562	509	53
01041	319	300	19
01042	183	158	25
01043	393	360	33
01044	480	448	32
02001	679	601	78
02002	489	370	119
02003	743	646	97
02004	557	495	62
02005	758	669	89
02006	616	544	72
02007	594	508	86
02008	735	645	90
02009	570	435	135
02010	539	363	176
02011	632	453	179
02012	565	468	97
02013	566	423	143
02014	565	502	63
02015	580	504	76
02016	584	520	64
02017	698	632	66
02018	615	496	119
02019	424	286	138
02020	737	619	118
02021	619	549	70
02022	672	502	170
02023	418	275	143
02024	582	459	123
02025	710	612	98
02026	540	435	105
02027	591	442	149
02028	708	558	150
02029	690	540	150
02030	547	414	133
02031	770	568	202
02032	579	454	125
02033	890	679	211
02034	501	329	172
02035	847	689	158
02036	514	419	95
02037	547	447	100
02038	597	421	176
02039	419	341	78
02040	679	586	93
02041	678	554	124
02042	705	603	102
02043	875	709	166
02044	412	328	84
02045	585	507	78
02046	383	294	89
03001	663	624	39
03002	597	565	32
03003	470	436	34
03004	607	573	34
03005	402	373	29
03006	741	599	142
03007	391	368	23
03008	548	511	37
03009	577	534	43
03010	235	221	14
03011	570	539	31
03012	517	482	35
03013	712	587	125
03014	533	470	63
03015	588	551	37
03016	568	533	35
03017	741	678	63
03018	800	748	52
03019	711	589	122
03020	587	556	31
03021	642	519	123
03022	848	754	94
03023	522	492	30
03024	497	470	27
03025	984	775	209
03026	697	558	139
03027	767	651	116
03028	333	313	20
03029	653	612	41
03030	542	519	23
03031	705	659	46
03032	683	617	66
03033	757	658	99
03034	762	675	87
03035	272	256	16
03036	361	346	15
03037	526	501	25
03038	441	422	19
03039	820	671	149
03040	666	620	46
03041	445	398	47
04001	740	686	54
04002	758	644	114
04003	532	498	34
04004	762	711	51
04005	558	516	42
04006	646	607	39
04007	450	417	33
04008	659	624	35
04009	630	602	28
04010	651	606	45
04011	625	589	36
04012	633	602	31
04013	704	639	65
04014	590	563	27
04015	701	652	49
04016	882	761	121
04017	813	734	79
04018	509	484	25
04019	549	525	24
04020	540	453	87
04021	810	721	89
04022	586	528	58
04023	749	714	35
04024	545	493	52
04025	696	579	117
04026	552	516	36
04027	678	641	37
04028	551	517	34
04029	591	561	30
04030	817	779	38
04031	553	521	32
04032	618	584	34
04033	620	583	37
04034	500	475	25
04035	668	632	36
04036	647	609	38
04037	987	847	140
04038	608	579	29
05001	535	524	11
05002	471	450	21
05003	597	560	37
05004	683	641	42
05005	533	507	26
05006	469	442	27
05007	526	487	39
05008	576	528	48
05009	656	621	35
05010	506	481	25
05011	582	538	44
05012	446	423	23
05013	478	454	24
05014	458	430	28
05015	542	506	36
05016	500	476	24
05017	488	455	33
05018	526	500	26
05019	539	496	43
05020	621	584	37
05021	596	556	40
05022	613	547	66
05023	972	910	62
05024	631	597	34
05025	506	457	49
05026	594	568	26
05027	756	698	58
05028	570	526	44
05029	611	576	35
05030	454	437	17
05031	468	444	24
05032	588	559	29
05033	561	529	32
05034	702	612	90
05035	567	523	44
05036	341	318	23
05037	556	506	50
05038	546	519	27
05039	449	398	51
05040	420	396	24
05041	278	251	27
06001	481	448	33
06002	467	431	36
06003	471	442	29
06004	392	377	15
06005	390	356	34
06006	440	417	23
06007	481	446	35
06008	480	462	18
06009	491	460	31
06010	358	337	21
06011	428	412	16
06012	437	414	23
06013	352	332	20
06014	476	458	18
06015	460	436	24
06016	459	431	28
06017	367	343	24
06018	366	351	15
06019	464	450	14
06020	351	332	19
06021	341	321	20
06022	386	368	18
06023	294	286	8
06024	280	255	25
06025	291	268	23
06026	407	386	21
06027	327	310	17
06028	303	291	12
06029	475	445	30
06030	444	415	29
06031	462	429	33
06032	445	424	21
06033	471	457	14
06034	498	475	23
06035	409	387	22
06036	477	459	18
06037	466	440	26
06038	486	458	28
06039	445	418	27
06040	425	397	28
06041	466	439	27
06042	507	482	25
06043	408	385	23
06044	525	505	20
06045	527	496	31
06046	342	319	23
06047	369	343	26
06048	492	466	26
07001	399	379	20
07002	469	443	26
07003	445	412	33
07004	420	401	19
07005	385	364	21
07006	587	547	40
07007	462	436	26
07008	366	334	32
07009	740	703	37
07010	491	466	25
07011	536	506	30
07012	445	425	20
07013	285	277	8
07014	496	468	28
07015	436	421	15
07016	384	362	22
07017	401	382	19
07018	442	420	22
07019	437	418	19
07020	341	320	21
07021	406	380	26
07022	362	335	27
07023	438	399	39
07024	365	346	19
07025	460	434	26
07026	337	323	14
07027	372	348	24
07028	357	336	21
07029	323	291	32
07030	375	353	22
07031	304	291	13
07032	582	551	31
07033	511	474	37
07034	485	452	33
07035	444	422	22
07036	529	509	20
07037	466	435	31
07038	405	393	12
07039	406	391	15
07040	399	381	18
07041	424	403	21
07042	411	394	17
07043	429	415	14
07044	404	388	16
07045	499	463	36
07046	148	137	11
08001	391	369	22
08002	421	402	19
08003	465	434	31
08004	486	456	30
08005	474	438	36
08006	458	429	29
08007	506	483	23
08008	410	388	22
08009	310	287	23
08010	533	502	31
08011	426	396	30
08012	286	268	18
08013	530	491	39
08014	462	435	27
08015	472	451	21
08016	183	169	14
08017	376	351	25
08018	471	438	33
08019	483	459	24
08020	493	468	25
08021	620	584	36
08022	431	413	18
08023	426	400	26
08024	285	272	13
08025	471	444	27
08026	471	448	23
08027	482	448	34
08028	479	464	15
08029	537	503	34
08030	489	452	37
08031	378	349	29
08032	380	366	14
08033	383	365	18
08034	428	405	23
08035	464	434	30
08036	493	465	28
08037	367	338	29
08038	312	295	17
08039	490	459	31
08040	366	347	19
08041	505	480	25
08042	482	452	30
08043	259	248	11
08044	315	301	14
08045	497	476	21
08046	363	341	22
08047	381	358	23
08048	467	448	19
08049	391	372	19
08050	451	421	30
08051	488	471	17
08052	578	547	31
08053	257	244	13
08054	438	423	15
08055	351	334	17
08056	482	453	29
09001	440	412	28
09002	419	406	13
09003	450	412	38
09004	361	334	27
09005	397	372	25
09006	435	403	32
09007	334	312	22
09008	518	486	32
09009	494	467	27
09010	329	314	15
09011	356	329	27
09012	518	486	32
09013	466	433	33
09014	524	508	16
09015	563	520	43
09016	401	380	21
09017	405	383	22
09018	327	311	16
09019	432	413	19
09020	446	430	16
09021	398	378	20
09022	464	445	19
09023	487	461	26
09024	423	399	24
09025	447	432	15
09026	644	608	36
09027	409	388	21
09028	349	320	29
09029	430	411	19
09030	387	367	20
09031	368	343	25
09032	435	412	23
09033	394	375	19
09034	399	379	20
09035	428	399	29
09036	414	399	15
09037	545	496	49
09038	462	440	22
09039	480	459	21
09040	464	441	23
09041	360	343	17
09042	448	424	24
09043	457	427	30
09044	377	357	20
09045	415	396	19
09046	480	450	30
09047	469	447	22
09048	466	441	25
09049	461	442	19
09050	553	523	30
09051	414	395	19
10001	430	399	31
10002	418	370	48
10003	423	363	60
10004	413	376	37
10005	362	309	53
10006	370	326	44
10007	345	315	30
10008	345	326	19
10009	418	359	59
10010	469	420	49
10011	538	481	57
10012	319	284	35
10013	445	401	44
10014	566	495	71
10015	848	796	52
10016	361	322	39
10017	572	502	70
10018	314	296	18
10019	482	423	59
10020	471	402	69
10021	468	410	58
10022	288	265	23
10023	414	376	38
10024	452	376	76
10025	143	137	6
10026	365	329	36
10027	475	446	29
10028	498	450	48
10029	426	387	39
10030	426	391	35
10031	364	331	33
10032	431	382	49
10033	302	265	37
10034	338	318	20
10035	465	390	75
10036	96	87	9
11001	521	458	63
11002	72	64	8
11003	465	431	34
11004	447	391	56
11005	678	631	47
11006	763	673	90
11007	880	817	63
11008	480	430	50
11009	443	393	50
11010	462	428	34
11011	555	469	86
11012	665	584	81
11013	613	529	84
11014	272	232	40
11015	182	163	19
11016	316	268	48
11017	586	517	69
11018	398	363	35
11019	645	581	64
11020	355	297	58
11021	628	540	88
11022	616	538	78
11023	299	247	52
11024	561	486	75
11025	576	509	67
11026	586	508	78
11027	196	174	22
11028	248	224	24
11029	572	485	87
11030	267	232	35
11031	499	433	66
11032	241	209	32
11033	572	482	90
11034	153	134	19
11035	107	93	14
11036	229	210	19
11037	161	145	16
11038	263	241	22
12001	482	423	59
12002	256	231	25
12003	573	509	64
12004	463	421	42
12005	415	375	40
12006	463	415	48
12007	472	445	27
12008	491	441	50
12009	392	345	47
12010	517	482	35
12011	468	433	35
12012	492	440	52
12013	491	449	42
12014	413	379	34
12015	411	375	36
12016	441	413	28
12017	513	461	52
12018	408	369	39
12019	442	397	45
12020	589	536	53
12021	493	455	38
12022	422	391	31
12023	483	434	49
13001	347	308	39
13002	344	291	53
13003	323	289	34
13004	425	361	64
13005	473	430	43
13006	379	323	56
13007	306	267	39
13008	331	283	48
13009	420	377	43
13010	353	294	59
13011	421	367	54
13012	361	319	42
13013	385	347	38
13014	410	367	43
13015	593	540	53
13016	301	280	21
13017	387	337	50
13018	343	311	32
13019	447	423	24
13020	265	229	36
13021	454	370	84
13022	424	364	60
13023	356	324	32
13024	383	336	47
13025	410	369	41
13026	418	370	48
13027	373	334	39
13028	318	281	37
13029	342	310	32
13030	325	304	21
13031	422	370	52
13032	344	284	60
13033	364	308	56
13034	449	419	30
13035	358	321	37
13036	260	231	29
13037	442	392	50
13038	348	301	47
13039	401	357	44
13040	322	290	32
13041	466	434	32
13042	384	313	71
13043	412	371	41
13044	425	382	43
13045	445	392	53
13046	507	458	49
13047	475	442	33
13048	350	300	50
14001	490	404	86
14002	569	501	68
14003	499	458	41
14004	440	373	67
14005	617	577	40
14006	218	199	19
14007	544	491	53
14008	512	453	59
14009	507	435	72
14010	313	272	41
14011	266	254	12
14012	471	424	47
14013	361	322	39
14014	447	411	36
14015	507	467	40
14016	329	298	31
14017	381	354	27
14018	183	156	27
14019	448	419	29
14020	309	277	32
14021	428	386	42
14022	568	510	58
14023	348	309	39
14024	513	435	78
14025	292	275	17
14026	330	302	28
14027	438	403	35
14028	348	324	24
14029	373	351	22
14030	267	246	21
14031	271	237	34
15001	421	380	41
15002	306	282	24
15003	325	308	17
15004	440	403	37
15005	408	367	41
15006	493	447	46
15007	306	285	21
15008	398	362	36
15009	557	496	61
15010	608	553	55
15011	554	516	38
15012	526	477	49
15013	418	382	36
15014	414	386	28
15015	385	357	28
15016	467	432	35
15017	331	312	19
15018	323	300	23
15019	391	367	24
15020	249	232	17
15021	319	299	20
15022	372	346	26
15023	387	361	26
15024	343	320	23
16001	491	451	40
16002	418	390	28
16003	337	315	22
16004	384	357	27
16005	209	200	9
16006	359	335	24
16007	370	348	22
16008	296	286	10
16009	429	405	24
16010	331	307	24
16011	396	363	33
16012	291	271	20
16013	447	415	32
16014	362	339	23
16015	417	386	31
16016	363	336	27
16017	446	411	35
16018	369	349	20
16019	387	368	19
16020	340	323	17
16021	330	318	12
16022	376	357	19
16023	438	392	46
16024	228	213	15
16025	425	402	23
16026	330	300	30
16027	342	323	19
16028	366	342	24
16029	356	330	26
16030	348	320	28
16031	402	378	24
16032	459	432	27
16033	277	262	15
16034	338	316	22
16035	479	446	33
16036	197	183	14
17001	413	388	25
17002	427	405	22
17003	478	452	26
17004	558	538	20
17005	339	320	19
17006	431	406	25
17007	389	361	28
17008	416	387	29
17009	346	326	20
17010	561	537	24
17011	350	323	27
17012	574	540	34
17013	366	353	13
17014	467	433	34
17015	516	488	28
17016	456	422	34
17017	429	394	35
17018	447	432	15
17019	300	277	23
17020	506	475	31
17021	457	424	33
17022	407	385	22
17023	288	276	12
17024	466	445	21
17025	354	338	16
17026	431	396	35
17027	434	423	11
17028	344	323	21
17029	421	401	20
17030	401	364	37
17031	307	281	26
17032	401	378	23
17033	309	293	16
17034	340	323	17
17035	345	327	18
17036	437	414	23
17037	379	347	32
17038	460	434	26
17039	402	380	22
17040	437	406	31
17041	516	485	31
18001	405	381	24
18002	445	414	31
18003	398	347	51
18004	460	434	26
18005	327	305	22
18006	403	346	57
18007	483	443	40
18008	446	413	33
18009	422	393	29
18010	548	513	35
18011	382	353	29
18012	419	386	33
18013	474	449	25
18014	442	416	26
18015	522	471	51
18016	411	384	27
18017	450	422	28
18018	361	338	23
18019	440	415	25
18020	362	342	20
18021	536	505	31
18022	465	442	23
18023	415	375	40
18024	443	399	44
18025	463	406	57
18026	512	476	36
18027	372	355	17
18028	438	380	58
18029	480	444	36
18030	505	444	61
18031	438	408	30
18032	461	431	30
18033	329	309	20
18034	502	469	33
18035	471	449	22
18036	475	429	46
18037	492	462	30
18038	382	361	21
18039	390	367	23
18040	517	468	49
18041	514	489	25
18042	422	405	17
18043	308	278	30
18044	377	326	51
18045	443	408	35
18046	490	436	54
18047	386	364	22
18048	362	336	26
18049	308	294	14
18050	384	368	16
19001	444	352	92
19002	626	559	67
19003	382	295	87
19004	562	449	113
19005	508	419	89
19006	501	412	89
19007	459	385	74
19008	562	454	108
19009	382	322	60
19010	573	468	105
19011	490	375	115
19012	416	326	90
19013	585	540	45
19014	539	460	79
19015	646	497	149
19016	521	427	94
19017	455	361	94
19018	440	337	103
19019	603	468	135
19020	423	383	40
19021	520	433	87
19022	511	405	106
19023	480	381	99
19024	359	284	75
19025	459	359	100
19026	507	372	135
19027	472	426	46
19028	548	509	39
19029	527	433	94
19030	469	365	104
19031	436	353	83
19032	429	370	59
19033	519	398	121
19034	441	343	98
19035	434	353	81
19036	678	626	52
19037	460	412	48
19038	426	389	37
19039	221	207	14
19040	519	441	78
19041	467	363	104
19042	374	318	56
19043	659	617	42
19044	558	442	116
19045	489	405	84
19046	489	357	132
19047	681	598	83
19048	609	578	31
19049	576	539	37
19050	414	335	79
19051	543	440	103
19052	577	475	102
19053	460	375	85
19054	407	321	86
19055	427	338	89
19056	519	412	107
19057	410	356	54
20001	488	459	29
20002	193	185	8
20003	385	363	22
20004	236	216	20
20005	502	462	40
20006	237	226	11
20007	484	467	17
20008	436	413	23
20009	593	562	31
20010	402	383	19
20011	409	389	20
20012	334	314	20
20013	225	211	14
20014	242	232	10
20015	477	444	33
20016	512	493	19
20017	286	268	18
20018	352	325	27
20019	484	452	32
20020	408	375	33
20021	395	375	20
20022	412	389	23
20023	511	484	27
20024	462	439	23
20025	363	338	25
20026	478	440	38
20027	235	220	15
20028	297	274	23
20029	536	506	30
20030	237	224	13
20031	554	527	27
20032	434	414	20
20033	341	330	11
20034	690	646	44
20035	428	404	24
20036	174	167	7
20037	128	122	6
20038	194	182	12
20039	55	49	6
21001	451	422	29
21002	376	359	17
21003	441	414	27
21004	438	411	27
21005	489	466	23
21006	412	389	23
21007	413	387	26
21008	475	447	28
21009	481	451	30
21010	426	400	26
21011	403	386	17
21012	425	402	23
21013	470	451	19
21014	506	483	23
21015	426	402	24
21016	406	378	28
21017	430	411	19
21018	492	465	27
21019	469	439	30
21020	405	387	18
21021	387	369	18
21022	425	403	22
21023	411	388	23
21024	448	429	19
21025	371	356	15
21026	485	458	27
21027	420	396	24
21028	581	554	27
21029	506	482	24
21030	379	366	13
21031	311	296	15
21032	442	418	24
21033	437	408	29
21034	470	438	32
21035	444	423	21
21036	472	441	31
21037	375	353	22
21038	473	447	26
21039	386	364	22
21040	379	361	18
21041	436	413	23
21042	496	470	26
21043	455	439	16
21044	447	426	21
21045	425	407	18
21046	494	471	23
21047	445	411	34
21048	426	401	25
21049	497	455	42
21050	389	366	23
21051	426	395	31
21052	483	458	25
21053	365	338	27
21054	378	358	20
22001	254	236	18
22002	505	438	67
22003	612	570	42
22004	346	318	28
22005	366	347	19
22006	432	390	42
22007	316	282	34
22008	571	510	61
22009	366	342	24
22010	580	540	40
22011	368	340	28
22012	397	357	40
22013	432	400	32
22014	364	330	34
22015	408	369	39
22016	363	320	43
22017	459	423	36
22018	435	406	29
22019	253	233	20
22020	430	399	31
22021	500	469	31
22022	388	359	29
22023	540	513	27
22024	507	462	45
22025	414	382	32
23001	409	339	70
23002	428	380	48
23003	411	344	67
23004	470	410	60
23005	436	393	43
23006	477	429	48
23007	420	389	31
23008	491	436	55
23009	393	365	28
23010	508	454	54
23011	509	464	45
23012	413	330	83
23013	392	353	39
23014	380	313	67
23015	385	347	38
23016	395	312	83
23017	328	303	25
23018	391	340	51
23019	375	356	19
23020	311	278	33
23021	420	327	93
23022	410	348	62
23023	422	358	64
23024	374	340	34
23025	437	402	35
23026	426	391	35
23027	377	314	63
23028	409	354	55
23029	361	303	58
23030	503	461	42
23031	340	311	29
23032	445	386	59
23033	464	416	48
23034	438	406	32
23035	346	291	55
23036	411	342	69
23037	389	318	71
23038	363	310	53
23039	443	407	36
24001	337	320	17
24002	389	358	31
24003	445	416	29
24004	315	297	18
24005	245	233	12
24006	412	390	22
24007	237	221	16
24008	198	178	20
24009	460	424	36
24010	201	188	13
24011	476	436	40
24012	268	251	17
24013	258	238	20
24014	383	359	24
24015	263	246	17
24016	467	424	43
24017	337	314	23
24018	415	402	13
24019	519	481	38
24020	346	315	31
24021	230	212	18
24022	563	537	26
24023	118	108	10
24024	600	573	27
24025	310	294	16
24026	560	537	23
24027	424	404	20
24028	307	296	11
24029	288	260	28
24030	215	206	9
24031	461	426	35
24032	251	227	24
24033	260	245	15
24034	364	349	15
24035	296	274	22
24036	493	461	32
24037	274	260	14
24038	333	304	29
24039	444	416	28
24040	422	398	24
24041	294	270	24
25001	445	414	31
25002	498	469	29
25003	751	636	115
25004	486	456	30
25005	539	487	52
25006	157	125	32
25007	497	455	42
25008	551	505	46
25009	572	528	44
25010	863	715	148
25011	561	513	48
25012	488	440	48
25013	533	508	25
25014	328	276	52
25015	449	410	39
25016	819	686	133
25017	530	484	46
25018	275	244	31
25019	520	480	40
25020	434	410	24
25021	933	800	133
25022	502	474	28
25023	591	546	45
25024	531	490	41
25025	571	497	74
25026	477	443	34
25027	750	657	93
25028	546	504	42
25029	493	457	36
25030	514	472	42
25031	983	790	193
25032	430	392	38
26001	443	410	33
26002	387	369	18
26003	420	383	37
26004	306	286	20
26005	375	341	34
26006	347	319	28
26007	392	375	17
26008	207	196	11
26009	350	329	21
26010	380	363	17
26011	380	354	26
26012	417	396	21
26013	230	212	18
26014	317	295	22
26015	272	254	18
26016	253	226	27
26017	334	271	63
26018	321	298	23
26019	279	264	15
26020	353	325	28
26021	507	482	25
26022	246	228	18
26023	264	245	19
26024	376	356	20
26025	362	346	16
26026	284	266	18
26027	425	402	23
26028	533	472	61
26029	239	219	20
26030	318	295	23
26031	190	170	20
26032	475	405	70
26033	396	370	26
26034	457	431	26
26035	319	295	24
26036	409	375	34
26037	447	430	17
26038	222	210	12
26039	442	398	44
26040	268	253	15
26041	477	450	27
26042	314	289	25
26043	244	231	13
26044	225	213	12
26045	210	190	20
26046	299	249	50
26047	293	270	23
26048	398	369	29
26049	218	207	11
27001	724	599	125
27002	511	446	65
27003	288	269	19
27004	285	262	23
27005	342	327	15
27006	474	411	63
27007	710	643	67
27008	402	382	20
27009	273	220	53
27010	474	442	32
27011	608	497	111
27012	374	291	83
27013	548	516	32
27014	245	232	13
27015	342	308	34
27016	632	534	98
27017	498	463	35
27018	345	321	24
27019	310	287	23
27020	473	431	42
27021	531	448	83
27022	269	253	16
27023	353	332	21
27024	380	359	21
27025	443	403	40
27026	375	348	27
27027	618	564	54
27028	238	215	23
27029	361	343	18
27030	213	200	13
27031	309	292	17
27032	398	368	30
27033	526	457	69
27034	412	350	62
27035	571	475	96
27036	256	241	15
27037	533	460	73
27038	726	648	78
27039	319	302	17
27040	680	595	85
27041	169	161	8
27042	346	296	50
27043	337	311	26
27044	350	332	18
27045	1000	844	156
27046	371	279	92
27047	353	318	35
27048	777	702	75
27049	355	335	20
27050	319	305	14
28001	398	379	19
28002	381	351	30
28003	357	333	24
28004	396	344	52
28005	195	176	19
28006	196	162	34
28007	470	447	23
28008	485	411	74
28009	402	374	28
28010	552	492	60
28011	848	779	69
28012	448	417	31
28013	388	370	18
28014	394	375	19
28015	72	68	4
28016	279	259	20
28017	388	372	16
28018	317	303	14
28019	388	343	45
28020	355	341	14
28021	263	245	18
28022	382	359	23
28023	512	484	28
28024	371	342	29
28025	511	478	33
28026	479	449	30
28027	461	390	71
28028	511	420	91
28029	247	224	23
28030	68	61	7
28031	500	458	42
28032	417	395	22
28033	378	356	22
28034	813	767	46
28035	512	495	17
28036	226	213	13
28037	546	521	25
28038	170	160	10
28039	351	335	16
28040	530	500	30
28041	337	312	25
28042	507	479	28
28043	524	500	24
28044	292	276	16
28045	499	436	63
28046	772	682	90
29001	592	516	76
29002	687	647	40
29003	562	538	24
29004	561	532	29
29005	447	427	20
29006	428	403	25
29007	465	417	48
29008	470	448	22
29009	532	464	68
29010	587	517	70
29011	278	266	12
29012	591	558	33
29013	535	509	26
29014	445	431	14
29015	567	542	25
29016	546	523	23
29017	457	439	18
29018	519	496	23
29019	541	509	32
29020	615	592	23
29021	673	634	39
29022	405	375	30
29023	515	469	46
29024	452	433	19
29025	554	523	31
29026	477	452	25
29027	449	414	35
29028	628	593	35
29029	509	422	87
29030	557	496	61
29031	479	410	69
29032	462	399	63
29033	330	310	20
29034	306	285	21
29035	354	337	17
29036	426	411	15
29037	408	384	24
29038	472	420	52
29039	451	421	30
29040	350	331	19
29041	422	397	25
29042	557	529	28
29043	577	535	42
29044	619	571	48
30001	543	483	60
30002	458	408	50
30003	375	340	35
30004	449	392	57
30005	385	346	39
30006	360	324	36
30007	528	475	53
30008	547	488	59
30009	379	343	36
30010	536	481	55
30011	454	414	40
30012	463	424	39
30013	424	370	54
30014	320	281	39
30015	409	344	65
30016	231	206	25
30017	476	426	50
30018	554	522	32
30019	479	443	36
30020	530	474	56
30021	369	326	43
30022	635	579	56
30023	532	490	42
30024	575	538	37
30025	628	575	53
30026	305	275	30
30027	323	293	30
30028	524	491	33
30029	331	297	34
30030	222	205	17
30031	321	289	32
30032	380	347	33
31001	331	307	24
31002	271	249	22
31003	331	297	34
31004	440	415	25
31005	340	312	28
31006	267	251	16
31007	523	494	29
31008	266	243	23
31009	350	330	20
31010	324	301	23
31011	308	272	36
31012	301	269	32
31013	355	327	28
31014	313	294	19
31015	283	257	26
31016	399	367	32
31017	328	292	36
31018	293	263	30
31019	285	263	22
31020	296	278	18
31021	330	301	29
31022	305	275	30
31023	317	283	34
31024	344	315	29
31025	309	270	39
31026	297	273	24
31027	369	336	33
31028	315	287	28
31029	330	301	29
31030	258	240	18
31031	302	271	31
31032	304	280	24
31033	312	275	37
31034	353	314	39
31035	352	319	33
31036	333	307	26
31037	307	278	29
31038	338	321	17
31039	345	319	26
31040	367	337	30
31041	333	307	26
32001	740	641	99
32002	716	589	127
32003	666	603	63
32004	588	476	112
32005	647	547	100
32006	706	628	78
32007	683	575	108
32008	756	599	157
32009	645	558	87
32010	672	549	123
32011	567	543	24
32012	454	418	36
32013	664	567	97
32014	644	586	58
32015	599	476	123
32016	619	527	92
32017	579	522	57
32018	595	459	136
32019	593	512	81
32020	574	522	52
32021	645	529	116
32022	792	734	58
32023	645	500	145
32024	533	432	101
32025	621	515	106
32026	644	572	72
32027	631	480	151
32028	608	565	43
32029	682	611	71
32030	647	496	151
32031	680	554	126
32032	621	504	117
32033	630	536	94
32034	683	593	90
32035	632	520	112
32036	652	533	119
32037	627	544	83
32038	618	507	111
32039	661	485	176
32040	670	546	124
32041	651	518	133
32042	581	490	91
32043	493	447	46
33001	649	607	42
33002	713	661	52
33003	728	682	46
33004	830	758	72
33005	553	497	56
33006	564	518	46
33007	663	620	43
33008	773	673	100
33009	706	615	91
33010	551	486	65
33011	695	610	85
33012	661	608	53
33013	611	561	50
33014	333	308	25
33015	688	646	42
33016	850	766	84
33017	700	631	69
33018	814	764	50
33019	674	604	70
33020	715	659	56
33021	681	618	63
33022	595	547	48
33023	670	602	68
33024	772	663	109
33025	768	696	72
33026	504	471	33
33027	667	624	43
33028	581	541	40
34001	484	460	24
34002	344	328	16
34003	510	480	30
34004	384	360	24
34005	368	358	10
34006	514	487	27
34007	494	478	16
34008	376	356	20
34009	397	377	20
34010	425	407	18
34011	391	373	18
34012	502	467	35
34013	494	455	39
34014	393	370	23
34015	459	437	22
34016	419	392	27
34017	584	547	37
34018	365	337	28
34019	590	555	35
34020	492	470	22
34021	502	472	30
34022	409	377	32
34023	374	355	19
34024	435	402	33
34025	492	469	23
34026	508	485	23
34027	411	391	20
34028	342	320	22
34029	383	365	18
34030	400	377	23
34031	412	387	25
34032	449	439	10
34033	438	417	21
34034	478	455	23
34035	520	490	30
34036	419	396	23
34037	329	317	12
34038	272	248	24
34039	343	328	15
34040	489	460	29
34041	323	306	17
34042	420	387	33
34043	402	382	20
34044	449	419	30
34045	465	445	20
34046	289	271	18
34047	470	449	21
34048	468	441	27
34049	559	534	25
34050	404	380	24
34051	476	446	30
34052	313	293	20
34053	346	320	26
35001	540	493	47
35002	519	463	56
35003	520	491	29
35004	504	457	47
35005	476	455	21
35006	508	462	46
35007	540	501	39
35008	544	517	27
35009	502	471	31
35010	652	623	29
35011	571	540	31
35012	372	351	21
35013	380	347	33
35014	416	396	20
35015	618	584	34
35016	366	339	27
35017	593	553	40
35018	415	385	30
35019	330	305	25
35020	496	461	35
35021	484	444	40
35022	613	577	36
35023	534	496	38
35024	486	438	48
35025	644	613	31
35026	471	419	52
35027	498	448	50
35028	500	461	39
35029	512	479	33
35030	524	482	42
35031	586	528	58
36001	501	466	35
36002	462	432	30
36003	414	364	50
36004	506	471	35
36005	430	394	36
36006	411	377	34
36007	515	429	86
36008	391	361	30
36009	440	405	35
36010	498	460	38
36011	364	324	40
36012	295	276	19
36013	325	299	26
36014	509	453	56
36015	504	444	60
36016	483	423	60
36017	491	431	60
36018	440	375	65
36019	565	513	52
36020	462	410	52
36021	422	389	33
36022	416	391	25
36023	366	330	36
36024	484	435	49
36025	452	431	21
36026	421	356	65
36027	446	401	45
36028	438	397	41
36029	502	447	55
36030	478	433	45
37001	334	313	21
37002	345	321	24
37003	381	352	29
37004	414	381	33
37005	452	421	31
37006	471	449	22
37007	311	291	20
37008	376	361	15
37009	498	463	35
37010	559	517	42
37011	366	351	15
37012	388	351	37
37013	372	348	24
37014	488	465	23
37015	502	477	25
37016	484	452	32
37017	434	414	20
37018	421	395	26
37019	404	380	24
37020	387	362	25
37021	392	366	26
37022	407	377	30
37023	412	399	13
37024	474	453	21
37025	457	433	24
37026	536	499	37
37027	476	448	28
37028	409	385	24
37029	453	427	26
37030	432	408	24
37031	467	449	18
37032	411	384	27
37033	534	503	31
37034	446	423	23
37035	488	464	24
37036	423	404	19
37037	531	494	37
37038	465	443	22
37039	417	392	25
37040	481	451	30
37041	443	417	26
38001	457	394	63
38002	492	371	121
38003	483	422	61
38004	469	384	85
38005	497	433	64
38006	490	426	64
38007	465	398	67
38008	456	390	66
38009	515	435	80
38010	452	384	68
38011	446	387	59
38012	461	379	82
38013	507	424	83
38014	530	474	56
38015	447	379	68
38016	491	421	70
38017	568	479	89
38018	506	410	96
38019	528	464	64
38020	528	452	76
38021	418	362	56
38022	451	399	52
38023	523	455	68
38024	539	445	94
38025	406	347	59
38026	473	410	63
38027	512	451	61
38028	583	492	91
38029	461	391	70
38030	473	411	62
38031	491	421	70
38032	472	412	60
38033	489	431	58
38034	485	419	66
38035	461	396	65
38036	433	377	56
38037	490	416	74
38038	447	395	52
38039	539	476	63
38040	475	405	70
38041	468	417	51
39001	484	352	132
39002	333	292	41
39003	538	465	73
39004	477	364	113
39005	531	462	69
39006	506	454	52
39007	435	386	49
39008	551	503	48
39009	508	441	67
39010	254	232	22
39011	472	398	74
39012	651	603	48
39013	443	381	62
39014	497	421	76
39015	555	413	142
39016	477	442	35
39017	554	462	92
39018	484	432	52
39019	503	428	75
39020	601	500	101
39021	471	386	85
39022	471	429	42
39023	506	395	111
39024	628	504	124
39025	447	405	42
39026	482	401	81
39027	91	63	28
39028	583	511	72
39029	271	252	19
39030	617	559	58
39031	480	431	49
39032	438	377	61
39033	587	537	50
39034	580	508	72
39035	497	444	53
39036	157	145	12
39037	491	379	112
39038	287	232	55
39039	331	261	70
39040	454	377	77
39041	554	441	113
39042	525	383	142
39043	534	404	130
39044	399	289	110
39045	482	361	121
40001	510	457	53
40002	534	476	58
40003	707	651	56
40004	316	278	38
40005	567	512	55
40006	667	622	45
40007	545	474	71
40008	699	647	52
40009	441	401	40
40010	612	557	55
40011	588	529	59
40012	460	404	56
40013	855	803	52
40014	482	439	43
40015	480	433	47
40016	714	648	66
40017	463	413	50
40018	488	457	31
40019	668	599	69
40020	550	509	41
40021	652	601	51
40022	554	501	53
40023	639	581	58
40024	505	460	45
40025	678	610	68
40026	543	493	50
40027	724	675	49
40028	622	581	41
40029	521	444	77
40030	483	392	91
40031	636	580	56
40032	625	551	74
40033	559	504	55
40034	493	423	70
40035	405	366	39
40036	520	465	55
40037	574	524	50
40038	705	641	64
40039	186	167	19
41001	494	396	98
41002	552	451	101
41003	473	407	66
41004	523	398	125
41005	605	497	108
41006	599	409	190
41007	598	482	116
41008	536	437	99
41009	530	427	103
41010	569	434	135
41011	599	488	111
41012	537	453	84
41013	629	515	114
41014	605	451	154
41015	662	531	131
41016	527	427	100
41017	535	414	121
41018	502	405	97
41019	598	436	162
41020	425	343	82
41021	513	425	88
41022	555	450	105
41023	554	446	108
41024	477	387	90
41025	495	436	59
41026	510	388	122
41027	478	407	71
41028	616	541	75
41029	433	373	60
41030	525	436	89
41031	538	436	102
41032	453	376	77
41033	495	413	82
41034	457	369	88
41035	611	482	129
41036	529	436	93
41037	606	505	101
41038	483	397	86
41039	571	444	127
41040	586	471	115
41041	534	412	122
41042	563	445	118
41043	567	462	105
41044	564	435	129
41045	523	449	74
41046	534	411	123
41047	535	421	114
42001	580	402	178
42002	763	673	90
42003	707	612	95
42004	1188	999	189
42005	550	442	108
42006	614	482	132
42007	776	568	208
42008	562	444	118
42009	737	611	126
42010	839	665	174
42011	409	276	133
42012	546	385	161
42013	535	386	149
42014	742	577	165
42015	606	442	164
42016	702	585	117
42017	939	729	210
42018	868	726	142
42019	830	604	226
42020	718	553	165
42021	700	579	121
42022	379	290	89
42023	713	524	189
42024	649	496	153
42025	733	543	190
42026	799	629	170
42027	471	386	85
42028	737	594	143
42029	719	555	164
42030	531	361	170
42031	855	637	218
42032	692	527	165
42033	728	603	125
42034	589	413	176
42035	927	763	164
42036	1118	930	188
42037	516	409	107
42038	626	481	145
42039	766	614	152
42040	928	763	165
42041	700	570	130
42042	1076	866	210
43001	351	273	78
43002	670	521	149
43003	631	447	184
43004	864	670	194
43005	581	450	131
43006	505	401	104
43007	410	339	71
43008	510	401	109
43009	674	520	154
43010	741	540	201
43011	637	486	151
43012	462	382	80
43013	614	519	95
43014	631	449	182
43015	713	585	128
43016	762	604	158
43017	547	409	138
43018	733	547	186
43019	711	569	142
43020	709	580	129
43021	685	556	129
43022	456	385	71
43023	464	388	76
43024	518	397	121
43025	508	423	85
43026	411	316	95
43027	618	471	147
43028	800	646	154
43029	647	519	128
43030	817	670	147
43031	606	491	115
43032	699	581	118
43033	656	456	200
43034	463	378	85
43035	730	528	202
43036	388	344	44
43037	774	688	86
43038	551	349	202
43039	736	621	115
43040	508	449	59
43041	858	682	176
43042	605	498	107
43043	688	487	201
43044	618	491	127
43045	395	317	78
43046	379	314	65
44001	1081	938	143
44002	672	579	93
44003	401	317	84
44004	609	526	83
44005	721	651	70
44006	884	780	104
44007	489	376	113
44008	903	814	89
44009	652	551	101
44010	699	573	126
44011	745	636	109
44012	727	628	99
44013	593	488	105
44014	646	571	75
44015	627	545	82
44016	733	597	136
44017	887	773	114
44018	671	575	96
44019	810	707	103
44020	720	642	78
44021	820	720	100
44022	700	599	101
44023	704	620	84
44024	502	429	73
44025	693	557	136
44026	786	705	81
44027	771	639	132
44028	701	638	63
44029	781	657	124
44030	790	655	135
44031	544	471	73
44032	796	675	121
44033	700	634	66
44034	708	609	99
44035	772	641	131
44036	734	641	93
44037	751	641	110
44038	712	618	94
44039	697	586	111
44040	671	537	134
44041	871	787	84
45001	437	385	52
45002	455	406	49
45003	448	382	66
45004	626	541	85
45005	515	426	89
45006	620	518	102
45007	720	617	103
45008	529	471	58
45009	538	478	60
45010	543	472	71
45011	396	354	42
45012	484	417	67
45013	447	381	66
45014	646	574	72
45015	616	544	72
45016	439	373	66
45017	580	500	80
45018	540	459	81
45019	291	256	35
45020	386	331	55
45021	455	384	71
45022	474	393	81
45023	487	412	75
45024	391	329	62
45025	319	264	55
45026	283	238	45
45027	484	415	69
45028	427	372	55
45029	344	301	43
45030	492	446	46
45031	410	362	48
45032	431	372	59
45033	344	303	41
45034	541	479	62
45035	525	442	83
45036	521	433	88
45037	487	399	88
45038	441	380	61
45039	512	443	69
45040	485	422	63
45041	470	403	67
45042	481	403	78
45043	527	440	87
45044	500	404	96
45045	351	281	70
45046	409	354	55
45047	374	303	71
45048	410	333	77
46001	461	410	51
46002	546	505	41
46003	713	615	98
46004	576	525	51
46005	795	705	90
46006	534	496	38
46007	593	517	76
46008	447	408	39
46009	679	627	52
46010	1034	928	106
46011	591	538	53
46012	678	619	59
46013	627	557	70
46014	653	609	44
46015	679	588	91
46016	687	628	59
46017	703	626	77
46018	699	623	76
46019	443	392	51
46020	525	479	46
46021	437	421	16
46022	476	444	32
46023	464	435	29
46024	686	621	65
46025	579	538	41
46026	638	592	46
46027	781	708	73
46028	610	519	91
46029	547	478	69
46030	679	640	39
46031	656	587	69
46032	575	530	45
46033	729	636	93
46034	732	657	75
46035	762	678	84
46036	605	540	65
46037	399	372	27
46038	664	610	54
46039	602	537	65
46040	533	463	70
47001	400	342	58
47002	629	517	112
47003	584	503	81
47004	659	547	112
47005	687	626	61
47006	737	631	106
47007	585	503	82
47008	641	549	92
47009	571	484	87
47010	794	743	51
47011	648	550	98
47012	674	593	81
47013	582	535	47
47014	574	474	100
47015	751	709	42
47016	592	502	90
47017	567	495	72
47018	649	557	92
47019	780	720	60
47020	590	532	58
47021	580	535	45
47022	698	617	81
47023	658	611	47
47024	666	573	93
47025	747	662	85
47026	864	803	61
47027	579	498	81
47028	591	518	73
47029	664	578	86
47030	789	719	70
47031	608	543	65
47032	739	669	70
47033	638	546	92
47034	638	570	68
47035	645	540	105
47036	739	673	66
47037	692	626	66
47038	639	574	65
47039	636	568	68
47040	607	527	80
47041	721	649	72
47042	639	592	47
47043	634	498	136
47044	606	530	76
47045	608	540	68
47046	566	483	83
47047	773	656	117
47048	64	55	9
48001	535	494	41
48002	281	228	53
48003	707	657	50
48004	599	562	37
48005	314	275	39
48006	730	680	50
48007	604	552	52
48008	314	274	40
48009	432	363	69
48010	805	743	62
48011	476	427	49
48012	674	619	55
48013	729	640	89
48014	292	267	25
48015	407	382	25
48016	616	567	49
48017	543	497	46
48018	390	359	31
48019	393	357	36
48020	649	593	56
48021	727	677	50
48022	490	429	61
48023	607	541	66
48024	703	649	54
48025	529	476	53
48026	329	294	35
48027	1146	1079	67
48028	682	633	49
48029	262	227	35
48030	516	477	39
48031	865	810	55
48032	657	628	29
48033	332	293	39
48034	529	483	46
48035	357	317	40
48036	340	306	34
48037	630	588	42
48038	578	506	72
48039	480	404	76
48040	525	468	57
48041	756	709	47
48042	710	677	33
48043	617	579	38
48044	716	669	47
48045	454	420	34
48046	382	342	40
49001	434	409	25
49002	409	380	29
49003	655	615	40
49004	755	714	41
49005	579	543	36
49006	582	543	39
49007	652	596	56
49008	504	467	37
49009	642	600	42
49010	581	524	57
49011	717	669	48
49012	873	820	53
49013	726	666	60
49014	496	447	49
49015	490	458	32
49016	550	502	48
49017	393	359	34
49018	763	723	40
49019	578	546	32
49020	892	837	55
49021	388	359	29
49022	590	539	51
49023	726	693	33
49024	526	492	34
49025	832	776	56
49026	682	641	41
49027	733	698	35
49028	797	737	60
49029	727	683	44
49030	680	628	52
49031	510	462	48
49032	598	555	43
49033	536	497	39
50001	437	349	88
50002	314	256	58
50003	383	319	64
50004	493	437	56
50005	338	280	58
50006	518	469	49
50007	544	480	64
50008	494	456	38
50009	385	345	40
50010	532	452	80
50011	318	225	93
50012	203	168	35
50013	578	537	41
50014	164	142	22
50015	521	460	61
50016	167	143	24
50017	441	395	46
50018	99	85	14
50019	351	315	36
50020	494	442	52
50021	435	376	59
50022	420	374	46
50023	315	281	34
50024	383	299	84
50025	424	328	96
50026	507	475	32
50027	132	118	14
50028	487	452	35
50029	484	455	29
50030	342	297	45
50031	589	566	23
50032	595	548	47
50033	383	285	98
50034	620	545	75
50035	565	516	49
50036	426	368	58
50037	475	440	35
50038	200	176	24
50039	330	298	32
50040	445	343	102
Barrington 1	666	479	187
Barrington 2	646	500	146
Barrington 3	791	459	332
Barrington 4	1,000	594	406
Barrington 5	742	378	364
Barrington 6	874	599	275
Barrington 7	245	133	112
Barrington 8	1,057	635	422
Barrington 9	533	326	207
Barrington 10	988	764	224
Barrington 11	571	325	246
Berwyn Ward 1 Precinct 1	420	369	51
Berwyn Ward 1 Precinct 2	526	458	68
Berwyn Ward 1 Precinct 3	731	639	92
Berwyn Ward 1 Precinct 4	430	383	47
Berwyn Ward 1 Precinct 5	442	366	76
Berwyn Ward 2 Precinct 1	333	286	47
Berwyn Ward 2 Precinct 2	534	464	70
Berwyn Ward 2 Precinct 3	678	596	82
Berwyn Ward 2 Precinct 4	936	824	112
Berwyn Ward 3 Precinct 1	563	479	84
Berwyn Ward 3 Precinct 2	418	357	61
Berwyn Ward 3 Precinct 3	442	384	58
Berwyn Ward 3 Precinct 4	587	514	73
Berwyn Ward 3 Precinct 5	713	608	105
Berwyn Ward 4 Precinct 1	387	350	37
Berwyn Ward 4 Precinct 2	607	532	75
Berwyn Ward 4 Precinct 3	753	645	108
Berwyn Ward 4 Precinct 4	395	349	46
Berwyn Ward 5 Precinct 1	878	800	78
Berwyn Ward 5 Precinct 2	526	475	51
Berwyn Ward 5 Precinct 3	450	422	28
Berwyn Ward 6 Precinct 1	304	266	38
Berwyn Ward 6 Precinct 2	396	357	39
Berwyn Ward 6 Precinct 3	557	506	51
Berwyn Ward 6 Precinct 4	631	573	58
Berwyn Ward 7 Precinct 1	521	473	48
Berwyn Ward 7 Precinct 2	499	458	41
Berwyn Ward 7 Precinct 3	642	574	68
Berwyn Ward 7 Precinct 4	650	579	71
Berwyn Ward 8 Precinct 1	871	798	73
Berwyn Ward 8 Precinct 2	563	494	69
Berwyn Ward 8 Precinct 3	344	315	29
Bloom 1	665	505	160
Bloom 2	669	569	100
Bloom 3	505	454	51
Bloom 4	572	523	49
Bloom 5	428	339	89
Bloom 6	330	306	24
Bloom 7	644	512	132
Bloom 8	596	511	85
Bloom 9	589	507	82
Bloom 10	295	275	20
Bloom 11	414	359	55
Bloom 12	638	567	71
Bloom 13	964	898	66
Bloom 14	795	635	160
Bloom 15	519	446	73
Bloom 16	606	544	62
Bloom 17	480	452	28
Bloom 18	533	430	103
Bloom 19	592	514	78
Bloom 20	583	497	86
Bloom 21	186	174	12
Bloom 22	529	480	49
Bloom 23	632	586	46
Bloom 24	1,073	952	121
Bloom 25	488	426	62
Bloom 26	480	435	45
Bloom 27	603	557	46
Bloom 28	566	483	83
Bloom 29	291	276	15
Bloom 30	743	659	84
Bloom 31	559	461	98
Bloom 32	435	399	36
Bloom 33	509	454	55
Bloom 34	364	327	37
Bloom 35	314	295	19
Bloom 36	746	690	56
Bloom 37	353	313	40
Bloom 38	1,329	1,216	113
Bloom 39	488	456	32
Bloom 40	378	344	34
Bloom 41	713	656	57
Bloom 42	528	448	80
Bloom 43	533	497	36
Bloom 44	719	581	138
Bloom 45	838	757	81
Bloom 46	495	443	52
Bloom 47	744	619	125
Bloom 48	445	393	52
Bloom 49	580	543	37
Bloom 50	555	433	122
Bloom 51	309	296	13
Bloom 52	488	457	31
Bloom 53	354	291	63
Bloom 54	592	522	70
Bloom 55	513	477	36
Bloom 56	494	422	72
Bloom 57	582	502	80
Bloom 58	423	378	45
Bloom 59	460	412	48
Bloom 60	505	464	41
Bloom 61	544	451	93
Bremen 1	536	501	35
Bremen 2	645	514	131
Bremen 3	532	430	102
Bremen 4	575	476	99
Bremen 5	429	366	63
Bremen 6	436	379	57
Bremen 7	384	351	33
Bremen 8	454	421	33
Bremen 9	493	379	114
Bremen 10	724	564	160
Bremen 11	653	533	120
Bremen 12	472	436	36
Bremen 13	638	536	102
Bremen 14	469	415	54
Bremen 15	436	388	48
Bremen 16	592	463	129
Bremen 17	487	463	24
Bremen 18	880	719	161
Bremen 19	194	184	10
Bremen 20	455	377	78
Bremen 21	695	609	86
Bremen 22	503	404	99
Bremen 23	245	230	15
Bremen 24	489	360	129
Bremen 25	790	637	153
Bremen 26	517	464	53
Bremen 27	655	562	93
Bremen 28	454	390	64
Bremen 29	794	741	53
Bremen 30	641	483	158
Bremen 31	593	546	47
Bremen 32	519	478	41
Bremen 33	566	445	121
Bremen 34	818	628	190
Bremen 35	381	364	17
Bremen 36	421	337	84
Bremen 37	360	317	43
Bremen 38	502	466	36
Bremen 39	404	376	28
Bremen 40	847	778	69
Bremen 41	373	315	58
Bremen 42	798	651	147
Bremen 43	483	437	46
Bremen 44	422	393	29
Bremen 45	341	306	35
Bremen 46	570	446	124
Bremen 47	474	445	29
Bremen 48	483	450	33
Bremen 49	458	427	31
Bremen 50	669	473	196
Bremen 51	734	690	44
Bremen 52	513	416	97
Bremen 53	394	329	65
Bremen 54	483	386	97
Bremen 55	478	420	58
Bremen 56	625	590	35
Bremen 57	641	499	142
Bremen 58	752	610	142
Bremen 59	537	431	106
Bremen 60	507	421	86
Bremen 61	581	465	116
Bremen 62	622	530	92
Bremen 63	748	700	48
Bremen 64	666	524	142
Bremen 65	284	266	18
Bremen 66	433	402	31
Bremen 67	811	640	171
Bremen 68	394	295	99
Bremen 69	583	480	103
Bremen 70	394	363	31
Bremen 71	420	386	34
Bremen 72	387	310	77
Bremen 73	625	515	110
Bremen 74	693	582	111
Bremen 75	655	561	94
Bremen 76	490	396	94
Bremen 77	938	751	187
Bremen 78	507	482	25
Bremen 79	605	453	152
Bremen 80	526	500	26
Calumet 1	606	533	73
Calumet 2	592	535	57
Calumet 3	588	549	39
Calumet 4	584	546	38
Calumet 5	472	442	30
Calumet 6	802	739	63
Calumet 7	666	600	66
Calumet 8	430	395	35
Calumet 9	452	417	35
Calumet 10	635	610	25
Calumet 11	811	775	36
Calumet 12	422	386	36
Cicero 1	727	673	54
Cicero 2	325	301	24
Cicero 3	464	421	43
Cicero 4	556	505	51
Cicero 5	662	586	76
Cicero 6	579	499	80
Cicero 7	422	388	34
Cicero 8	321	292	29
Cicero 9	622	571	51
Cicero 10	682	625	57
Cicero 11	578	514	64
Cicero 12	449	396	53
Cicero 13	494	434	60
Cicero 14	503	454	49
Cicero 15	575	519	56
Cicero 16	445	399	46
Cicero 17	674	608	66
Cicero 18	406	373	33
Cicero 19	764	692	72
Cicero 20	435	402	33
Cicero 21	578	521	57
Cicero 22	460	418	42
Cicero 23	716	644	72
Cicero 24	656	592	64
Cicero 25	512	456	56
Cicero 26	403	363	40
Cicero 27	610	546	64
Cicero 28	602	537	65
Cicero 29	552	495	57
Cicero 30	486	450	36
Cicero 31	446	400	46
Cicero 32	458	411	47
Elk Grove 1	531	437	94
Elk Grove 2	537	477	60
Elk Grove 3	729	619	110
Elk Grove 4	665	562	103
Elk Grove 5	876	690	186
Elk Grove 6	475	394	81
Elk Grove 7	684	522	162
Elk Grove 8	576	429	147
Elk Grove 9	615	478	137
Elk Grove 10	910	673	237
Elk Grove 11	711	509	202
Elk Grove 12	426	308	118
Elk Grove 13	608	508	100
Elk Grove 14	703	561	142
Elk Grove 15	510	417	93
Elk Grove 16	708	521	187
Elk Grove 17	598	508	90
Elk Grove 18	831	676	155
Elk Grove 19	797	581	216
Elk Grove 20	686	560	126
Elk Grove 21	551	478	73
Elk Grove 22	630	539	91
Elk Grove 23	971	744	227
Elk Grove 24	577	457	120
Elk Grove 25	577	411	166
Elk Grove 26	512	418	94
Elk Grove 27	782	584	198
Elk Grove 28	615	521	94
Elk Grove 29	599	474	125
Elk Grove 30	574	429	145
Elk Grove 31	397	326	71
Elk Grove 32	435	392	43
Elk Grove 33	408	323	85
Elk Grove 34	1,070	790	280
Elk Grove 35	552	462	90
Elk Grove 36	405	364	41
Elk Grove 37	767	600	167
Elk Grove 38	449	418	31
Elk Grove 39	811	675	136
Elk Grove 40	604	514	90
Elk Grove 41	487	365	122
Elk Grove 42	572	523	49
Elk Grove 43	554	425	129
Elk Grove 44	524	392	132
Elk Grove 45	559	415	144
Elk Grove 46	490	336	154
Elk Grove 47	774	579	195
Elk Grove 48	405	291	114
Elk Grove 49	755	637	118
Elk Grove 50	368	315	53
Elk Grove 51	883	627	256
Elk Grove 52	313	270	43
Evanston Ward 1 Precinct 1	652	627	25
Evanston Ward 1 Precinct 2	718	619	99
Evanston Ward 1 Precinct 3	689	595	94
Evanston Ward 1 Precinct 4	995	847	148
Evanston Ward 2 Precinct 1	1,316	1,158	158
Evanston Ward 2 Precinct 2	537	499	38
Evanston Ward 2 Precinct 3	695	651	44
Evanston Ward 2 Precinct 4	862	816	46
Evanston Ward 2 Precinct 5	596	560	36
Evanston Ward 3 Precinct 1	767	649	118
Evanston Ward 3 Precinct 2	898	791	107
Evanston Ward 3 Precinct 3	800	717	83
Evanston Ward 3 Precinct 4	423	382	41
Evanston Ward 3 Precinct 5	782	701	81
Evanston Ward 3 Precinct 6	730	644	86
Evanston Ward 3 Precinct 7	631	571	60
Evanston Ward 4 Precinct 1	422	382	40
Evanston Ward 4 Precinct 2	661	596	65
Evanston Ward 4 Precinct 3	529	448	81
Evanston Ward 4 Precinct 4	1,042	895	147
Evanston Ward 4 Precinct 5	398	369	29
Evanston Ward 4 Precinct 6	970	887	83
Evanston Ward 5 Precinct 1	661	634	27
Evanston Ward 5 Precinct 2	978	883	95
Evanston Ward 5 Precinct 3	673	630	43
Evanston Ward 5 Precinct 4	415	386	29
Evanston Ward 6 Precinct 1	1,091	891	200
Evanston Ward 6 Precinct 2	561	469	92
Evanston Ward 6 Precinct 3	612	527	85
Evanston Ward 6 Precinct 4	758	659	99
Evanston Ward 6 Precinct 5	942	786	156
Evanston Ward 6 Precinct 6	546	440	106
Evanston Ward 6 Precinct 7	862	730	132
Evanston Ward 7 Precinct 1	1,063	926	137
Evanston Ward 7 Precinct 2	1,121	962	159
Evanston Ward 7 Precinct 3	454	415	39
Evanston Ward 7 Precinct 4	513	455	58
Evanston Ward 7 Precinct 5	975	799	176
Evanston Ward 7 Precinct 6	155	148	7
Evanston Ward 8 Precinct 1	837	765	72
Evanston Ward 8 Precinct 2	657	607	50
Evanston Ward 8 Precinct 3	587	557	30
Evanston Ward 8 Precinct 4	720	668	52
Evanston Ward 8 Precinct 5	912	849	63
Evanston Ward 9 Precinct 1	590	556	34
Evanston Ward 9 Precinct 2	607	568	39
Evanston Ward 9 Precinct 3	967	884	83
Evanston Ward 9 Precinct 4	803	748	55
Evanston Ward 9 Precinct 5	517	465	52
Evanston Ward 9 Precinct 6	702	643	59
Hanover 1	966	785	181
Hanover 2	749	606	143
Hanover 3	320	268	52
Hanover 4	713	588	125
Hanover 5	689	590	99
Hanover 6	601	514	87
Hanover 7	714	612	102
Hanover 8	623	510	113
Hanover 9	661	496	165
Hanover 10	387	327	60
Hanover 11	676	600	76
Hanover 12	513	451	62
Hanover 13	469	397	72
Hanover 14	802	665	137
Hanover 15	542	467	75
Hanover 16	881	711	170
Hanover 17	523	446	77
Hanover 18	638	553	85
Hanover 19	581	412	169
Hanover 20	1,054	891	163
Hanover 21	438	326	112
Hanover 22	638	523	115
Hanover 23	691	577	114
Hanover 24	666	584	82
Hanover 25	563	457	106
Hanover 26	924	778	146
Hanover 27	1,843	1,426	417
Hanover 28	893	756	137
Hanover 29	452	399	53
Hanover 30	706	599	107
Hanover 31	546	374	172
Hanover 32	508	455	53
Hanover 33	669	571	98
Hanover 34	812	693	119
Hanover 35	696	587	109
Hanover 36	494	435	59
Hanover 37	928	802	126
Hanover 38	758	604	154
Hanover 39	776	664	112
Hanover 40	767	633	134
Hanover 41	970	790	180
Hanover 42	676	540	136
Hanover 43	697	607	90
Hanover 44	863	667	196
Lemont 1	697	420	277
Lemont 2	516	381	135
Lemont 3	790	526	264
Lemont 4	702	505	197
Lemont 5	691	563	128
Lemont 6	747	558	189
Lemont 7	563	445	118
Lemont 8	806	593	213
Lemont 9	489	274	215
Lemont 10	504	403	101
Lemont 11	961	637	324
Lemont 12	1,136	776	360
Lemont 13	948	662	286
Lemont 14	682	463	219
Leyden 1	433	377	56
Leyden 2	344	303	41
Leyden 3	747	650	97
Leyden 4	565	502	63
Leyden 5	576	478	98
Leyden 6	751	646	105
Leyden 7	320	273	47
Leyden 8	696	600	96
Leyden 9	817	664	153
Leyden 10	775	679	96
Leyden 11	634	548	86
Leyden 12	630	524	106
Leyden 13	647	578	69
Leyden 14	492	434	58
Leyden 15	648	549	99
Leyden 16	695	607	88
Leyden 17	531	432	99
Leyden 18	399	321	78
Leyden 19	620	527	93
Leyden 20	333	278	55
Leyden 21	432	392	40
Leyden 22	485	374	111
Leyden 23	1,049	742	307
Leyden 24	702	619	83
Leyden 25	420	341	79
Leyden 26	952	787	165
Leyden 27	164	147	17
Leyden 28	312	279	33
Leyden 29	417	368	49
Leyden 30	741	628	113
Leyden 31	646	553	93
Leyden 32	656	562	94
Leyden 33	667	562	105
Leyden 34	484	417	67
Leyden 35	311	271	40
Leyden 36	595	518	77
Leyden 37	431	384	47
Leyden 38	233	211	22
Leyden 39	427	366	61
Leyden 40	585	509	76
Leyden 41	337	291	46
Leyden 42	613	500	113
Leyden 43	447	373	74
Leyden 44	544	462	82
Leyden 45	527	444	83
Leyden 46	517	437	80
Leyden 47	579	497	82
Leyden 48	684	590	94
Leyden 49	873	733	140
Leyden 50	761	656	105
Lyons 1	76	54	22
Lyons 2	537	447	90
Lyons 3	560	474	86
Lyons 4	941	782	159
Lyons 5	663	528	135
Lyons 6	438	359	79
Lyons 7	569	500	69
Lyons 8	337	286	51
Lyons 9	748	566	182
Lyons 10	534	425	109
Lyons 11	474	336	138
Lyons 12	445	270	175
Lyons 13	266	252	14
Lyons 14	796	512	284
Lyons 15	715	489	226
Lyons 16	1,078	822	256
Lyons 17	418	269	149
Lyons 18	571	404	167
Lyons 19	659	559	100
Lyons 20	1,011	685	326
Lyons 21	1,023	668	355
Lyons 22	424	367	57
Lyons 23	755	546	209
Lyons 24	544	351	193
Lyons 25	615	470	145
Lyons 26	426	291	135
Lyons 27	590	323	267
Lyons 28	757	526	231
Lyons 29	546	459	87
Lyons 30	116	88	28
Lyons 31	641	415	226
Lyons 32	268	219	49
Lyons 33	242	196	46
Lyons 34	302	233	69
Lyons 35	591	492	99
Lyons 36	641	396	245
Lyons 37	460	387	73
Lyons 38	274	229	45
Lyons 39	645	449	196
Lyons 40	544	391	153
Lyons 41	449	295	154
Lyons 42	620	414	206
Lyons 43	543	351	192
Lyons 44	1,026	675	351
Lyons 45	907	751	156
Lyons 46	534	390	144
Lyons 47	620	431	189
Lyons 48	592	506	86
Lyons 49	441	318	123
Lyons 50	702	563	139
Lyons 51	500	421	79
Lyons 52	673	522	151
Lyons 53	640	449	191
Lyons 54	359	272	87
Lyons 55	709	473	236
Lyons 56	854	745	109
Lyons 57	644	579	65
Lyons 58	502	417	85
Lyons 59	553	476	77
Lyons 60	891	809	82
Lyons 61	646	423	223
Lyons 62	315	184	131
Lyons 63	936	569	367
Lyons 64	590	503	87
Lyons 65	752	617	135
Lyons 66	416	352	64
Lyons 67	698	585	113
Lyons 68	478	409	69
Lyons 69	839	579	260
Lyons 70	552	528	24
Lyons 71	316	291	25
Lyons 72	800	565	235
Lyons 73	572	443	129
Lyons 74	349	304	45
Lyons 75	446	387	59
Lyons 76	492	391	101
Lyons 77	505	420	85
Lyons 78	423	304	119
Maine 1	502	408	94
Maine 2	543	472	71
Maine 3	344	277	67
Maine 4	618	465	153
Maine 5	839	725	114
Maine 6	920	728	192
Maine 7	478	391	87
Maine 8	703	536	167
Maine 9	968	819	149
Maine 10	471	370	101
Maine 11	428	321	107
Maine 12	434	338	96
Maine 13	624	489	135
Maine 14	788	617	171
Maine 15	363	311	52
Maine 16	458	332	126
Maine 17	629	507	122
Maine 18	536	441	95
Maine 19	408	301	107
Maine 20	351	265	86
Maine 21	827	591	236
Maine 22	809	586	223
Maine 23	612	492	120
Maine 24	836	613	223
Maine 25	700	480	220
Maine 26	519	396	123
Maine 27	429	328	101
Maine 28	344	308	36
Maine 29	938	662	276
Maine 30	1,407	909	498
Maine 31	607	489	118
Maine 32	387	290	97
Maine 33	496	454	42
Maine 34	764	619	145
Maine 35	547	466	81
Maine 36	614	447	167
Maine 37	662	441	221
Maine 38	502	389	113
Maine 39	676	546	130
Maine 40	626	517	109
Maine 41	528	439	89
Maine 42	893	625	268
Maine 43	514	334	180
Maine 44	429	319	110
Maine 45	295	263	32
Maine 46	659	527	132
Maine 47	651	527	124
Maine 48	729	572	157
Maine 49	607	507	100
Maine 50	551	389	162
Maine 51	611	520	91
Maine 52	548	439	109
Maine 53	573	476	97
Maine 54	643	438	205
Maine 55	540	417	123
Maine 56	798	641	157
Maine 57	430	392	38
Maine 58	734	539	195
Maine 59	610	480	130
Maine 60	1,102	770	332
Maine 61	377	305	72
Maine 62	339	285	54
Maine 63	456	369	87
Maine 64	469	374	95
Maine 65	462	333	129
Maine 66	312	267	45
Maine 67	910	625	285
Maine 68	430	341	89
Maine 69	610	488	122
Maine 70	690	604	86
Maine 71	309	263	46
Maine 72	503	373	130
Maine 73	239	203	36
Maine 74	490	400	90
Maine 75	563	437	126
Maine 76	340	267	73
Maine 77	925	716	209
Maine 78	504	438	66
Maine 79	615	535	80
Maine 80	524	398	126
Maine 81	416	341	75
Maine 82	550	433	117
Maine 83	432	324	108
Maine 84	357	299	58
Maine 85	352	277	75
Maine 86	505	446	59
Maine 87	401	278	123
Maine 88	424	273	151
Maine 89	442	374	68
Maine 90	353	279	74
Maine 91	896	699	197
Maine 92	457	387	70
New Trier 1	1,058	719	339
New Trier 2	1,097	792	305
New Trier 3	739	581	158
New Trier 4	918	637	281
New Trier 5	593	438	155
New Trier 6	528	374	154
New Trier 7	710	487	223
New Trier 8	600	397	203
New Trier 9	778	458	320
New Trier 10	702	452	250
New Trier 11	911	562	349
New Trier 12	829	556	273
New Trier 13	936	705	231
New Trier 14	845	528	317
New Trier 15	964	646	318
New Trier 16	1,021	610	411
New Trier 17	693	557	136
New Trier 18	555	347	208
New Trier 19	557	283	274
New Trier 20	978	720	258
New Trier 21	776	631	145
New Trier 22	723	442	281
New Trier 23	770	420	350
New Trier 24	865	726	139
New Trier 25	631	426	205
New Trier 26	553	423	130
New Trier 27	728	544	184
New Trier 28	617	434	183
New Trier 29	675	460	215
New Trier 30	925	603	322
New Trier 31	752	575	177
New Trier 32	661	495	166
New Trier 33	844	655	189
New Trier 34	580	457	123
New Trier 35	426	302	124
New Trier 36	933	695	238
New Trier 37	736	536	200
New Trier 38	729	542	187
New Trier 39	501	383	118
New Trier 40	458	300	158
New Trier 41	604	382	222
Niles 1	689	507	182
Niles 2	762	637	125
Niles 3	1,039	699	340
Niles 4	554	454	100
Niles 5	381	290	91
Niles 6	611	409	202
Niles 7	944	804	140
Niles 8	299	244	55
Niles 9	444	367	77
Niles 10	677	566	111
Niles 11	380	304	76
Niles 12	463	419	44
Niles 13	756	613	143
Niles 14	786	697	89
Niles 15	731	653	78
Niles 16	909	790	119
Niles 17	758	675	83
Niles 18	401	340	61
Niles 19	705	572	133
Niles 20	615	512	103
Niles 21	933	827	106
Niles 22	600	544	56
Niles 23	684	580	104
Niles 24	748	669	79
Niles 25	423	360	63
Niles 26	761	645	116
Niles 27	598	551	47
Niles 28	700	549	151
Niles 29	411	341	70
Niles 30	518	427	91
Niles 31	697	626	71
Niles 32	291	254	37
Niles 33	794	716	78
Niles 34	663	566	97
Niles 35	712	603	109
Niles 36	441	407	34
Niles 37	656	586	70
Niles 38	1,093	911	182
Niles 39	753	636	117
Niles 40	348	285	63
Niles 41	762	675	87
Niles 42	634	576	58
Niles 43	849	726	123
Niles 44	769	700	69
Niles 45	515	437	78
Niles 46	720	591	129
Niles 47	377	314	63
Niles 48	634	567	67
Niles 49	846	733	113
Niles 50	745	629	116
Niles 51	388	332	56
Niles 52	524	430	94
Niles 53	905	758	147
Niles 54	431	373	58
Niles 55	419	381	38
Niles 56	817	628	189
Niles 57	823	694	129
Niles 58	745	622	123
Niles 59	929	759	170
Niles 60	888	787	101
Niles 61	889	772	117
Niles 62	430	376	54
Niles 63	783	686	97
Niles 64	885	756	129
Northfield 1	764	701	63
Northfield 2	673	466	207
Northfield 3	468	369	99
Northfield 4	687	514	173
Northfield 5	517	408	109
Northfield 6	737	463	274
Northfield 7	919	650	269
Northfield 8	769	487	282
Northfield 9	526	354	172
Northfield 10	591	472	119
Northfield 11	410	292	118
Northfield 12	1,130	801	329
Northfield 13	608	443	165
Northfield 14	557	431	126
Northfield 15	545	391	154
Northfield 16	821	614	207
Northfield 17	619	454	165
Northfield 18	955	708	247
Northfield 19	731	530	201
Northfield 20	677	490	187
Northfield 21	1,007	746	261
Northfield 22	753	554	199
Northfield 23	534	316	218
Northfield 24	627	468	159
Northfield 25	630	470	160
Northfield 26	607	503	104
Northfield 27	651	552	99
Northfield 28	1,046	807	239
Northfield 29	606	426	180
Northfield 30	761	514	247
Northfield 31	879	610	269
Northfield 32	996	771	225
Northfield 33	440	382	58
Northfield 34	505	384	121
Northfield 35	725	480	245
Northfield 36	497	367	130
Northfield 37	810	549	261
Northfield 38	569	449	120
Northfield 39	408	328	80
Northfield 40	452	337	115
Northfield 41	628	485	143
Northfield 42	606	443	163
Northfield 43	723	570	153
Northfield 44	529	400	129
Northfield 45	849	614	235
Northfield 46	932	729	203
Northfield 47	909	694	215
Northfield 48	688	521	167
Northfield 49	547	408	139
Northfield 50	861	635	226
Northfield 51	1,581	1,118	463
Northfield 52	634	460	174
Northfield 53	703	527	176
Northfield 54	557	447	110
Northfield 55	576	472	104
Northfield 56	898	677	221
Northfield 57	482	362	120
Northfield 58	387	297	90
Northfield 59	672	545	127
Northfield 60	764	602	162
Northfield 61	514	345	169
Northfield 62	782	562	220
Norwood Park 1	648	540	108
Norwood Park 2	662	534	128
Norwood Park 3	705	530	175
Norwood Park 4	745	584	161
Norwood Park 5	545	449	96
Norwood Park 6	831	630	201
Norwood Park 7	553	431	122
Norwood Park 8	455	358	97
Norwood Park 9	442	335	107
Norwood Park 10	440	333	107
Norwood Park 11	875	614	261
Norwood Park 12	498	423	75
Norwood Park 13	535	419	116
Norwood Park 14	548	390	158
Norwood Park 15	474	388	86
Norwood Park 16	453	371	82
Norwood Park 17	589	490	99
Oak Park 1	591	540	51
Oak Park 2	974	769	205
Oak Park 3	1,037	930	107
Oak Park 4	909	713	196
Oak Park 5	898	734	164
Oak Park 6	996	900	96
Oak Park 7	607	509	98
Oak Park 8	772	704	68
Oak Park 9	542	490	52
Oak Park 10	789	689	100
Oak Park 11	746	665	81
Oak Park 12	434	381	53
Oak Park 13	803	741	62
Oak Park 14	864	695	169
Oak Park 15	1,032	937	95
Oak Park 16	1,129	983	146
Oak Park 17	1,146	1,010	136
Oak Park 18	711	570	141
Oak Park 19	819	717	102
Oak Park 20	1,097	952	145
Oak Park 21	591	554	37
Oak Park 22	549	477	72
Oak Park 23	766	642	124
Oak Park 24	595	484	111
Oak Park 25	745	670	75
Oak Park 26	691	608	83
Oak Park 27	262	227	35
Oak Park 28	1,033	922	111
Oak Park 29	710	624	86
Oak Park 30	924	846	78
Oak Park 31	1,213	1,080	133
Oak Park 32	542	491	51
Oak Park 33	735	676	59
Oak Park 34	693	596	97
Oak Park 35	976	829	147
Oak Park 36	928	803	125
Oak Park 37	524	457	67
Orland 1	879	682	197
Orland 2	782	576	206
Orland 3	402	333	69
Orland 4	495	368	127
Orland 5	478	370	108
Orland 6	437	355	82
Orland 7	405	323	82
Orland 8	552	482	70
Orland 9	768	594	174
Orland 10	642	493	149
Orland 11	467	381	86
Orland 12	326	259	67
Orland 13	843	663	180
Orland 14	731	589	142
Orland 15	845	570	275
Orland 16	662	411	251
Orland 17	449	385	64
Orland 18	793	596	197
Orland 19	476	350	126
Orland 20	354	238	116
Orland 21	824	559	265
Orland 22	609	462	147
Orland 23	537	402	135
Orland 24	604	435	169
Orland 25	1,056	781	275
Orland 26	579	480	99
Orland 27	449	344	105
Orland 28	475	322	153
Orland 29	969	632	337
Orland 30	424	316	108
Orland 31	493	398	95
Orland 32	404	303	101
Orland 33	496	362	134
Orland 34	732	537	195
Orland 35	696	498	198
Orland 36	809	670	139
Orland 37	725	532	193
Orland 38	372	314	58
Orland 39	530	403	127
Orland 40	748	577	171
Orland 41	630	502	128
Orland 42	723	546	177
Orland 43	586	441	145
Orland 44	556	419	137
Orland 45	621	455	166
Orland 46	528	446	82
Orland 47	920	621	299
Orland 48	647	495	152
Orland 49	478	386	92
Orland 50	573	490	83
Orland 51	797	613	184
Orland 52	650	456	194
Orland 53	540	369	171
Orland 54	889	612	277
Orland 55	542	390	152
Orland 56	569	345	224
Orland 57	658	468	190
Orland 58	681	514	167
Orland 59	686	500	186
Orland 60	471	343	128
Orland 61	546	383	163
Orland 62	695	517	178
Orland 63	726	512	214
Orland 64	879	603	276
Orland 65	581	385	196
Orland 66	595	405	190
Orland 67	417	317	100
Orland 68	507	369	138
Orland 69	404	352	52
Orland 70	810	628	182
Orland 71	606	393	213
Orland 72	526	408	118
Orland 73	841	628	213
Orland 74	430	341	89
Orland 75	759	469	290
Palatine 1	499	376	123
Palatine 2	855	600	255
Palatine 3	595	376	219
Palatine 4	510	443	67
Palatine 5	913	735	178
Palatine 6	753	585	168
Palatine 7	716	548	168
Palatine 8	744	579	165
Palatine 9	648	406	242
Palatine 10	820	500	320
Palatine 11	612	492	120
Palatine 12	596	369	227
Palatine 13	625	506	119
Palatine 14	609	489	120
Palatine 15	761	567	194
Palatine 16	573	517	56
Palatine 17	660	510	150
Palatine 18	473	367	106
Palatine 19	709	497	212
Palatine 20	590	524	66
Palatine 21	858	678	180
Palatine 22	680	533	147
Palatine 23	486	242	244
Palatine 24	809	656	153
Palatine 25	549	391	158
Palatine 26	866	677	189
Palatine 27	519	437	82
Palatine 28	472	331	141
Palatine 29	851	651	200
Palatine 30	523	413	110
Palatine 31	490	355	135
Palatine 32	670	446	224
Palatine 33	437	362	75
Palatine 34	871	626	245
Palatine 35	605	448	157
Palatine 36	615	458	157
Palatine 37	759	594	165
Palatine 38	635	396	239
Palatine 39	976	747	229
Palatine 40	1,012	736	276
Palatine 41	926	675	251
Palatine 42	825	604	221
Palatine 43	590	452	138
Palatine 44	874	519	355
Palatine 45	547	370	177
Palatine 46	801	584	217
Palatine 47	703	521	182
Palatine 48	584	360	224
Palatine 49	501	320	181
Palatine 50	1,012	735	277
Palatine 51	402	313	89
Palatine 52	685	433	252
Palatine 53	543	415	128
Palatine 54	844	598	246
Palatine 55	495	368	127
Palatine 56	765	552	213
Palatine 57	933	705	228
Palatine 58	663	551	112
Palatine 59	938	725	213
Palatine 60	673	580	93
Palatine 61	449	382	67
Palatine 62	535	464	71
Palatine 63	694	534	160
Palatine 64	670	543	127
Palatine 65	578	450	128
Palatine 66	834	725	109
Palatine 67	618	346	272
Palatine 68	611	433	178
Palatine 69	637	483	154
Palos 1	445	285	160
Palos 2	489	322	167
Palos 3	525	376	149
Palos 4	489	385	104
Palos 5	433	321	112
Palos 6	403	338	65
Palos 7	644	513	131
Palos 8	284	228	56
Palos 9	482	324	158
Palos 10	814	519	295
Palos 11	637	419	218
Palos 12	569	470	99
Palos 13	658	394	264
Palos 14	364	275	89
Palos 15	624	401	223
Palos 16	816	543	273
Palos 17	759	629	130
Palos 18	656	544	112
Palos 19	734	567	167
Palos 20	687	522	165
Palos 21	406	335	71
Palos 22	107	74	33
Palos 23	441	368	73
Palos 24	418	280	138
Palos 25	424	384	40
Palos 26	388	307	81
Palos 27	672	540	132
Palos 28	540	495	45
Palos 29	656	415	241
Palos 30	730	541	189
Palos 31	716	554	162
Palos 32	336	267	69
Palos 33	707	459	248
Palos 34	451	358	93
Palos 35	841	660	181
Palos 36	723	580	143
Palos 37	764	506	258
Palos 38	597	454	143
Palos 39	781	536	245
Proviso 1	526	471	55
Proviso 2	518	467	51
Proviso 3	674	611	63
Proviso 4	636	571	65
Proviso 5	628	598	30
Proviso 6	493	381	112
Proviso 7	133	113	20
Proviso 8	398	358	40
Proviso 9	516	484	32
Proviso 10	501	455	46
Proviso 11	532	488	44
Proviso 12	697	613	84
Proviso 13	639	562	77
Proviso 14	464	415	49
Proviso 15	549	497	52
Proviso 16	565	507	58
Proviso 17	393	370	23
Proviso 18	769	708	61
Proviso 19	660	629	31
Proviso 20	513	478	35
Proviso 21	498	412	86
Proviso 22	466	454	12
Proviso 23	293	232	61
Proviso 24	927	663	264
Proviso 25	762	595	167
Proviso 26	757	578	179
Proviso 27	723	602	121
Proviso 28	675	533	142
Proviso 29	860	708	152
Proviso 30	629	564	65
Proviso 31	367	342	25
Proviso 32	791	662	129
Proviso 33	687	636	51
Proviso 34	975	902	73
Proviso 35	767	586	181
Proviso 36	657	620	37
Proviso 37	417	390	27
Proviso 38	584	542	42
Proviso 39	736	665	71
Proviso 40	590	557	33
Proviso 41	519	488	31
Proviso 42	398	372	26
Proviso 43	415	394	21
Proviso 44	458	423	35
Proviso 45	609	571	38
Proviso 46	176	125	51
Proviso 47	368	349	19
Proviso 48	709	650	59
Proviso 49	442	392	50
Proviso 50	929	813	116
Proviso 51	708	588	120
Proviso 52	472	435	37
Proviso 53	633	588	45
Proviso 54	1,015	831	184
Proviso 55	625	458	167
Proviso 56	428	386	42
Proviso 57	560	469	91
Proviso 58	389	358	31
Proviso 59	517	454	63
Proviso 60	440	388	52
Proviso 61	697	611	86
Proviso 62	726	649	77
Proviso 63	742	599	143
Proviso 64	590	548	42
Proviso 65	498	453	45
Proviso 66	740	649	91
Proviso 67	845	758	87
Proviso 68	393	332	61
Proviso 69	539	509	30
Proviso 70	529	387	142
Proviso 71	1,035	898	137
Proviso 72	538	485	53
Proviso 73	576	517	59
Proviso 74	588	520	68
Proviso 75	701	605	96
Proviso 76	706	639	67
Proviso 77	413	345	68
Proviso 78	258	233	25
Proviso 79	473	430	43
Proviso 80	437	394	43
Proviso 81	477	410	67
Proviso 82	830	779	51
Proviso 83	711	669	42
Proviso 84	482	362	120
Proviso 85	743	594	149
Proviso 86	610	569	41
Proviso 87	674	596	78
Proviso 88	348	309	39
Proviso 89	501	419	82
Proviso 90	1,046	873	173
Proviso 91	509	458	51
Proviso 92	814	667	147
Proviso 93	453	386	67
Proviso 94	492	460	32
Proviso 95	460	406	54
Proviso 96	401	326	75
Proviso 97	898	691	207
Proviso 98	618	536	82
Proviso 99	604	564	40
Proviso 100	789	649	140
Proviso 101	570	490	80
Proviso 102	749	642	107
Rich 1	2,073	1,921	152
Rich 2	597	527	70
Rich 3	864	753	111
Rich 4	559	520	39
Rich 5	790	703	87
Rich 6	848	769	79
Rich 7	589	503	86
Rich 8	1,084	1,006	78
Rich 9	835	777	58
Rich 10	507	469	38
Rich 11	632	575	57
Rich 12	780	711	69
Rich 13	431	409	22
Rich 14	576	534	42
Rich 15	952	882	70
Rich 16	562	506	56
Rich 17	620	558	62
Rich 18	704	665	39
Rich 19	450	363	87
Rich 20	1,029	741	288
Rich 21	848	793	55
Rich 22	670	604	66
Rich 23	907	840	67
Rich 24	720	644	76
Rich 25	981	897	84
Rich 26	766	686	80
Rich 27	739	680	59
Rich 28	540	508	32
Rich 29	669	544	125
Rich 30	884	829	55
Rich 31	554	434	120
Rich 32	865	785	80
Rich 33	535	415	120
Rich 34	568	516	52
Rich 35	489	414	75
Rich 36	1,320	1,212	108
Rich 37	495	458	37
Rich 38	669	640	29
Rich 39	693	610	83
Rich 40	619	575	44
Rich 41	457	418	39
Rich 42	610	573	37
Rich 43	771	723	48
Rich 44	522	489	33
Rich 45	801	703	98
Rich 46	949	894	55
Rich 47	1,037	964	73
Rich 48	709	670	39
Rich 49	674	616	58
Rich 50	388	328	60
Rich 51	662	627	35
River Forest 1	1,013	725	288
River Forest 2	667	418	249
River Forest 3	723	572	151
River Forest 4	822	602	220
River Forest 5	529	389	140
River Forest 6	514	371	143
River Forest 7	718	542	176
River Forest 8	945	751	194
Riverside 1	732	512	220
Riverside 2	83	59	24
Riverside 3	436	338	98
Riverside 4	903	677	226
Riverside 5	470	394	76
Riverside 6	557	464	93
Riverside 7	474	391	83
Riverside 8	794	588	206
Riverside 9	570	422	148
Riverside 10	786	546	240
Riverside 11	890	687	203
Riverside 12	476	413	63
Riverside 13	750	612	138
Schaumburg 1	1,115	936	179
Schaumburg 2	1,012	878	134
Schaumburg 3	663	533	130
Schaumburg 4	411	361	50
Schaumburg 5	384	300	84
Schaumburg 6	605	499	106
Schaumburg 7	483	434	49
Schaumburg 8	541	443	98
Schaumburg 9	505	448	57
Schaumburg 10	447	390	57
Schaumburg 11	586	429	157
Schaumburg 12	674	532	142
Schaumburg 13	491	402	89
Schaumburg 14	715	539	176
Schaumburg 15	625	517	108
Schaumburg 16	817	695	122
Schaumburg 17	683	486	197
Schaumburg 18	559	469	90
Schaumburg 19	492	428	64
Schaumburg 20	508	413	95
Schaumburg 21	870	680	190
Schaumburg 22	744	677	67
Schaumburg 23	738	639	99
Schaumburg 24	765	642	123
Schaumburg 25	711	586	125
Schaumburg 26	756	629	127
Schaumburg 27	477	397	80
Schaumburg 28	778	636	142
Schaumburg 29	743	605	138
Schaumburg 30	591	451	140
Schaumburg 31	882	736	146
Schaumburg 32	800	663	137
Schaumburg 33	531	424	107
Schaumburg 34	790	711	79
Schaumburg 35	476	400	76
Schaumburg 36	461	393	68
Schaumburg 37	440	344	96
Schaumburg 38	576	495	81
Schaumburg 39	917	740	177
Schaumburg 40	621	481	140
Schaumburg 41	620	485	135
Schaumburg 42	735	657	78
Schaumburg 43	576	522	54
Schaumburg 44	788	707	81
Schaumburg 45	703	591	112
Schaumburg 46	487	401	86
Schaumburg 47	607	463	144
Schaumburg 48	552	443	109
Schaumburg 49	470	427	43
Schaumburg 50	492	363	129
Schaumburg 51	517	454	63
Schaumburg 52	883	684	199
Schaumburg 53	642	512	130
Schaumburg 54	791	587	204
Schaumburg 55	584	472	112
Schaumburg 56	699	533	166
Schaumburg 57	852	664	188
Schaumburg 58	428	354	74
Schaumburg 59	826	612	214
Schaumburg 60	480	424	56
Schaumburg 61	930	764	166
Schaumburg 62	724	638	86
Schaumburg 63	564	441	123
Schaumburg 64	580	466	114
Schaumburg 65	527	417	110
Schaumburg 66	593	461	132
Schaumburg 67	620	536	84
Schaumburg 68	542	412	130
Schaumburg 69	520	409	111
Schaumburg 70	516	376	140
Schaumburg 71	630	513	117
Schaumburg 72	619	481	138
Schaumburg 73	781	606	175
Schaumburg 74	522	386	136
Schaumburg 75	556	421	135
Schaumburg 76	611	488	123
Schaumburg 77	857	716	141
Schaumburg 78	585	506	79
Stickney 1	319	249	70
Stickney 2	483	422	61
Stickney 3	917	742	175
Stickney 4	714	589	125
Stickney 5	788	650	138
Stickney 6	914	754	160
Stickney 7	378	329	49
Stickney 8	607	483	124
Stickney 9	595	522	73
Stickney 10	791	679	112
Stickney 11	679	532	147
Stickney 12	643	534	109
Stickney 13	510	429	81
Stickney 14	789	659	130
Stickney 15	709	614	95
Stickney 16	698	593	105
Stickney 17	473	399	74
Stickney 18	352	294	58
Stickney 19	560	477	83
Stickney 20	509	443	66
Thornton 1	308	289	19
Thornton 2	293	258	35
Thornton 3	596	544	52
Thornton 4	717	670	47
Thornton 5	509	466	43
Thornton 6	705	649	56
Thornton 7	511	480	31
Thornton 8	679	638	41
Thornton 9	303	280	23
Thornton 10	576	517	59
Thornton 11	363	326	37
Thornton 12	461	427	34
Thornton 13	537	453	84
Thornton 14	596	508	88
Thornton 15	528	488	40
Thornton 16	591	476	115
Thornton 17	683	607	76
Thornton 18	892	697	195
Thornton 19	754	666	88
Thornton 20	424	327	97
Thornton 21	796	698	98
Thornton 22	567	537	30
Thornton 23	520	467	53
Thornton 24	655	529	126
Thornton 25	597	486	111
Thornton 26	589	496	93
Thornton 27	745	683	62
Thornton 28	491	453	38
Thornton 29	356	319	37
Thornton 30	392	368	24
Thornton 31	230	207	23
Thornton 32	499	464	35
Thornton 33	566	527	39
Thornton 34	830	767	63
Thornton 35	762	682	80
Thornton 36	366	339	27
Thornton 37	718	579	139
Thornton 38	806	737	69
Thornton 39	418	395	23
Thornton 40	434	408	26
Thornton 41	393	359	34
Thornton 42	385	364	21
Thornton 43	496	389	107
Thornton 44	415	390	25
Thornton 45	478	447	31
Thornton 46	654	612	42
Thornton 47	464	387	77
Thornton 48	514	471	43
Thornton 49	346	326	20
Thornton 50	478	411	67
Thornton 51	479	399	80
Thornton 52	608	569	39
Thornton 53	390	367	23
Thornton 54	833	754	79
Thornton 55	384	348	36
Thornton 56	596	534	62
Thornton 57	442	348	94
Thornton 58	676	607	69
Thornton 59	477	446	31
Thornton 60	371	348	23
Thornton 61	388	358	30
Thornton 62	210	178	32
Thornton 63	345	308	37
Thornton 64	464	440	24
Thornton 65	773	643	130
Thornton 66	826	740	86
Thornton 67	748	622	126
Thornton 68	650	544	106
Thornton 69	451	431	20
Thornton 70	334	308	26
Thornton 71	339	313	26
Thornton 72	568	541	27
Thornton 73	859	780	79
Thornton 74	643	617	26
Thornton 75	546	515	31
Thornton 76	642	587	55
Thornton 77	899	841	58
Thornton 78	624	591	33
Thornton 79	797	730	67
Thornton 80	494	463	31
Thornton 81	535	490	45
Thornton 82	557	430	127
Thornton 83	775	732	43
Thornton 84	725	688	37
Thornton 85	464	431	33
Thornton 86	441	411	30
Thornton 87	770	714	56
Thornton 88	548	514	34
Thornton 89	784	729	55
Thornton 90	573	526	47
Thornton 91	559	518	41
Thornton 92	667	605	62
Thornton 93	401	375	26
Thornton 94	647	602	45
Thornton 95	464	439	25
Thornton 96	483	441	42
Thornton 97	336	304	32
Thornton 98	238	210	28
Thornton 99	497	462	35
Thornton 100	389	368	21
Thornton 101	512	476	36
Thornton 102	379	340	39
Thornton 103	345	313	32
Thornton 104	267	248	19
Thornton 105	513	483	30
Thornton 106	439	416	23
Thornton 107	749	689	60
Thornton 108	366	335	31
Thornton 109	490	446	44
Thornton 110	387	361	26
Thornton 111	452	422	30
Thornton 112	352	323	29
Thornton 113	317	286	31
Thornton 114	582	472	110
Thornton 115	553	520	33
Thornton 116	671	622	49
Thornton 117	668	532	136
Thornton 118	555	479	76
Thornton 119	639	582	57
Thornton 120	876	806	70
Thornton 121	464	439	25
Thornton 122	791	711	80
Thornton 123	413	370	43
Wheeling 1	597	505	92
Wheeling 2	505	373	132
Wheeling 3	643	474	169
Wheeling 4	517	435	82
Wheeling 5	619	485	134
Wheeling 6	433	360	73
Wheeling 7	892	663	229
Wheeling 8	451	337	114
Wheeling 9	571	497	74
Wheeling 10	804	582	222
Wheeling 11	904	671	233
Wheeling 12	984	753	231
Wheeling 13	619	433	186
Wheeling 14	540	378	162
Wheeling 15	579	412	167
Wheeling 16	278	248	30
Wheeling 17	655	563	92
Wheeling 18	608	461	147
Wheeling 19	864	641	223
Wheeling 20	744	550	194
Wheeling 21	472	310	162
Wheeling 22	716	544	172
Wheeling 23	618	384	234
Wheeling 24	501	354	147
Wheeling 25	785	651	134
Wheeling 26	928	696	232
Wheeling 27	1,026	776	250
Wheeling 28	902	627	275
Wheeling 29	406	336	70
Wheeling 30	935	677	258
Wheeling 31	490	383	107
Wheeling 32	473	348	125
Wheeling 33	418	366	52
Wheeling 34	868	623	245
Wheeling 35	647	488	159
Wheeling 36	963	686	277
Wheeling 37	784	654	130
Wheeling 38	760	637	123
Wheeling 39	722	586	136
Wheeling 40	677	517	160
Wheeling 41	1,063	765	298
Wheeling 42	888	691	197
Wheeling 43	660	541	119
Wheeling 44	811	578	233
Wheeling 45	503	381	122
Wheeling 46	1,094	852	242
Wheeling 47	604	519	85
Wheeling 48	591	463	128
Wheeling 49	813	695	118
Wheeling 50	545	459	86
Wheeling 51	791	625	166
Wheeling 52	548	437	111
Wheeling 53	751	526	225
Wheeling 54	779	524	255
Wheeling 55	648	530	118
Wheeling 56	596	439	157
Wheeling 57	726	522	204
Wheeling 58	567	449	118
Wheeling 59	739	578	161
Wheeling 60	483	400	83
Wheeling 61	818	542	276
Wheeling 62	795	641	154
Wheeling 63	526	438	88
Wheeling 64	933	792	141
Wheeling 65	865	657	208
Wheeling 66	842	652	190
Wheeling 67	385	287	98
Wheeling 68	407	286	121
Wheeling 69	615	485	130
Wheeling 70	895	724	171
Wheeling 71	1,052	788	264
Wheeling 72	668	555	113
Wheeling 73	686	551	135
Wheeling 74	495	412	83
Wheeling 75	715	553	162
Wheeling 76	836	730	106
Wheeling 77	296	269	27
Wheeling 78	1,010	764	246
Wheeling 79	598	501	97
Wheeling 80	607	540	67
Wheeling 81	532	372	160
Wheeling 82	889	694	195
Wheeling 83	979	698	281
Wheeling 84	896	752	144
Wheeling 85	547	429	118
Wheeling 86	735	514	221
Wheeling 87	650	481	169
Wheeling 88	676	553	123
Wheeling 89	416	359	57
Wheeling 90	659	497	162
Wheeling 91	808	651	157
Wheeling 92	1,077	782	295
Worth 1	340	294	46
Worth 2	728	594	134
Worth 3	649	520	129
Worth 4	908	822	86
Worth 5	703	553	150
Worth 6	718	583	135
Worth 7	647	458	189
Worth 8	715	628	87
Worth 9	731	617	114
Worth 10	742	647	95
Worth 11	662	533	129
Worth 12	426	354	72
Worth 13	698	585	113
Worth 14	599	519	80
Worth 15	868	755	113
Worth 16	865	665	200
Worth 17	697	620	77
Worth 18	505	327	178
Worth 19	649	549	100
Worth 20	435	373	62
Worth 21	923	765	158
Worth 22	489	401	88
Worth 23	687	566	121
Worth 24	372	319	53
Worth 25	761	619	142
Worth 26	514	424	90
Worth 27	513	393	120
Worth 28	425	370	55
Worth 29	512	455	57
Worth 30	665	544	121
Worth 31	789	690	99
Worth 32	428	337	91
Worth 33	612	507	105
Worth 34	605	539	66
Worth 35	728	592	136
Worth 36	663	549	114
Worth 37	489	450	39
Worth 38	630	537	93
Worth 39	612	488	124
Worth 40	692	580	112
Worth 41	341	260	81
Worth 42	573	473	100
Worth 43	422	399	23
Worth 44	435	363	72
Worth 45	519	411	108
Worth 46	799	663	136
Worth 47	366	316	50
Worth 48	455	349	106
Worth 49	402	322	80
Worth 50	708	590	118
Worth 51	473	385	88
Worth 52	416	327	89
Worth 53	659	562	97
Worth 54	678	587	91
Worth 55	396	342	54
Worth 56	666	481	185
Worth 57	656	542	114
Worth 58	726	608	118
Worth 59	787	710	77
Worth 60	398	317	81
Worth 61	566	444	122
Worth 62	368	286	82
Worth 63	648	547	101
Worth 64	903	649	254
Worth 65	943	655	288
Worth 66	447	332	115
Worth 67	432	352	80
Worth 68	477	439	38
Worth 69	720	632	88
Worth 70	756	610	146
Worth 71	510	430	80
Worth 72	708	591	117
Worth 73	408	361	47
Worth 74	335	277	58
Worth 75	760	624	136
Worth 76	315	275	40
Worth 77	663	545	118
Worth 78	779	686	93
Worth 79	447	332	115
Worth 80	716	639	77
Worth 81	463	377	86
Worth 82	631	532	99
Worth 83	291	260	31
Worth 84	657	528	129
Worth 85	631	515	116
Worth 86	635	528	107
Worth 87	553	450	103
Worth 88	395	325	70
Worth 89	824	583	241
Worth 90	666	570	96
Worth 91	366	286	80
Worth 92	684	546	138
Worth 93	388	320	68
Worth 94	733	594	139
Worth 95	654	435	219
Worth 96	754	650	104
Worth 97	504	465	39
Worth 98	737	573	164
Worth 99	411	322	89
Worth 100	672	532	140
