Precinct	total_votes	votes|YES	votes|NO
01001	449	314	135
01002	491	384	107
01003	631	423	208
01004	587	422	165
01005	569	387	182
01006	498	360	138
01007	371	241	130
01008	447	312	135
01009	362	268	94
01010	691	478	213
01011	609	418	191
01012	619	447	172
01013	232	173	59
01014	541	383	158
01015	454	335	119
01016	471	342	129
01017	413	270	143
01018	533	380	153
01019	586	409	177
01020	421	315	106
01021	662	415	247
01022	328	251	77
01023	688	443	245
01024	448	340	108
01025	488	350	138
01026	337	249	88
01027	560	380	180
01028	130	107	23
01029	517	346	171
01030	570	421	149
01031	491	356	135
01032	529	377	152
01033	595	435	160
01034	459	308	151
01035	660	490	170
01036	601	414	187
01037	558	401	157
01038	510	359	151
01039	448	307	141
01040	489	364	125
01041	270	186	84
01042	167	117	50
01043	325	245	80
01044	439	298	141
02001	609	454	155
02002	442	316	126
02003	644	432	212
02004	483	331	152
02005	693	497	196
02006	554	389	165
02007	509	354	155
02008	663	457	206
02009	506	357	149
02010	487	329	158
02011	569	403	166
02012	446	307	139
02013	500	323	177
02014	521	367	154
02015	517	340	177
02016	530	366	164
02017	625	408	217
02018	552	404	148
02019	373	243	130
02020	667	474	193
02021	557	377	180
02022	607	420	187
02023	387	277	110
02024	519	373	146
02025	645	427	218
02026	473	318	155
02027	525	389	136
02028	657	477	180
02029	608	457	151
02030	497	357	140
02031	728	497	231
02032	530	389	141
02033	806	564	242
02034	455	312	143
02035	778	565	213
02036	464	336	128
02037	488	352	136
02038	525	379	146
02039	355	272	83
02040	608	452	156
02041	609	449	160
02042	599	463	136
02043	774	538	236
02044	358	244	114
02045	502	381	121
02046	346	248	98
03001	540	464	76
03002	481	426	55
03003	369	299	70
03004	532	438	94
03005	323	259	64
03006	672	486	186
03007	331	288	43
03008	425	344	81
03009	461	383	78
03010	185	162	23
03011	484	395	89
03012	428	355	73
03013	657	466	191
03014	493	370	123
03015	504	419	85
03016	477	399	78
03017	670	521	149
03018	684	566	118
03019	645	484	161
03020	489	409	80
03021	545	422	123
03022	755	555	200
03023	445	374	71
03024	408	344	64
03025	909	691	218
03026	639	431	208
03027	687	505	182
03028	245	212	33
03029	538	447	91
03030	448	369	79
03031	574	494	80
03032	587	430	157
03033	677	518	159
03034	674	525	149
03035	249	200	49
03036	285	251	34
03037	438	373	65
03038	340	291	49
03039	763	536	227
03040	516	414	102
03041	370	294	76
04001	683	410	273
04002	699	476	223
04003	431	368	63
04004	635	535	100
04005	487	395	92
04006	565	467	98
04007	433	363	70
04008	571	480	91
04009	509	399	110
04010	565	453	112
04011	505	423	82
04012	575	487	88
04013	633	471	162
04014	503	393	110
04015	607	488	119
04016	787	564	223
04017	712	479	233
04018	428	367	61
04019	442	361	81
04020	486	340	146
04021	744	577	167
04022	543	377	166
04023	692	432	260
04024	481	356	125
04025	621	418	203
04026	462	386	76
04027	609	406	203
04028	472	400	72
04029	514	425	89
04030	673	570	103
04031	462	346	116
04032	554	439	115
04033	521	388	133
04034	427	326	101
04035	569	471	98
04036	566	465	101
04037	925	645	280
04038	505	426	79
05001	451	387	64
05002	384	325	59
05003	531	323	208
05004	593	444	149
05005	422	360	62
05006	387	332	55
05007	463	343	120
05008	546	300	246
05009	594	426	168
05010	427	357	70
05011	521	324	197
05012	353	292	61
05013	403	340	63
05014	381	313	68
05015	461	351	110
05016	411	338	73
05017	380	327	53
05018	473	326	147
05019	487	260	227
05020	557	394	163
05021	555	371	184
05022	561	374	187
05023	871	546	325
05024	585	397	188
05025	447	347	100
05026	505	429	76
05027	686	377	309
05028	499	410	89
05029	530	437	93
05030	367	310	57
05031	396	327	69
05032	509	432	77
05033	459	384	75
05034	658	308	350
05035	533	336	197
05036	277	230	47
05037	487	320	167
05038	462	390	72
05039	416	250	166
05040	350	298	52
05041	239	172	67
06001	413	336	77
06002	410	349	61
06003	382	343	39
06004	299	255	44
06005	298	251	47
06006	364	304	60
06007	414	351	63
06008	407	350	57
06009	376	310	66
06010	263	218	45
06011	322	287	35
06012	330	293	37
06013	292	250	42
06014	399	351	48
06015	357	300	57
06016	400	334	66
06017	326	272	54
06018	295	255	40
06019	370	312	58
06020	292	243	49
06021	271	220	51
06022	302	256	46
06023	222	181	41
06024	224	188	36
06025	214	185	29
06026	320	275	45
06027	258	213	45
06028	234	205	29
06029	393	335	58
06030	355	310	45
06031	400	327	73
06032	370	304	66
06033	399	338	61
06034	413	353	60
06035	355	293	62
06036	408	349	59
06037	401	339	62
06038	409	342	67
06039	359	310	49
06040	359	302	57
06041	389	324	65
06042	435	367	68
06043	352	297	55
06044	452	383	69
06045	453	382	71
06046	295	259	36
06047	311	257	54
06048	399	320	79
07001	316	272	44
07002	391	330	61
07003	376	310	66
07004	358	301	57
07005	306	253	53
07006	511	427	84
07007	373	315	58
07008	272	221	51
07009	635	546	89
07010	424	367	57
07011	425	361	64
07012	359	307	52
07013	213	179	34
07014	413	338	75
07015	378	326	52
07016	330	270	60
07017	344	294	50
07018	362	306	56
07019	342	290	52
07020	288	249	39
07021	336	294	42
07022	299	251	48
07023	370	321	49
07024	309	266	43
07025	365	307	58
07026	288	241	47
07027	305	255	50
07028	302	247	55
07029	260	221	39
07030	292	252	40
07031	254	229	25
07032	511	446	65
07033	445	398	47
07034	428	381	47
07035	376	321	55
07036	455	392	63
07037	409	362	47
07038	352	310	42
07039	356	311	45
07040	360	313	47
07041	360	315	45
07042	346	291	55
07043	395	346	49
07044	351	293	58
07045	408	367	41
07046	117	104	13
08001	314	268	46
08002	358	309	49
08003	405	331	74
08004	430	369	61
08005	418	369	49
08006	375	333	42
08007	424	363	61
08008	365	318	47
08009	268	213	55
08010	459	365	94
08011	338	292	46
08012	243	215	28
08013	453	397	56
08014	381	314	67
08015	374	321	53
08016	148	115	33
08017	310	265	45
08018	381	319	62
08019	434	378	56
08020	429	369	60
08021	523	454	69
08022	358	293	65
08023	346	297	49
08024	241	195	46
08025	374	305	69
08026	386	325	61
08027	413	345	68
08028	422	363	59
08029	443	368	75
08030	392	314	78
08031	308	264	44
08032	312	266	46
08033	304	255	49
08034	366	321	45
08035	395	336	59
08036	405	346	59
08037	324	276	48
08038	241	213	28
08039	412	349	63
08040	308	268	40
08041	417	345	72
08042	404	334	70
08043	214	187	27
08044	254	224	30
08045	418	365	53
08046	305	245	60
08047	323	273	50
08048	388	328	60
08049	329	270	59
08050	383	326	57
08051	391	338	53
08052	489	405	84
08053	216	180	36
08054	384	330	54
08055	287	250	37
08056	403	344	59
09001	382	318	64
09002	340	293	47
09003	314	255	59
09004	283	240	43
09005	356	308	48
09006	371	314	57
09007	261	221	40
09008	417	354	63
09009	435	358	77
09010	275	231	44
09011	306	258	48
09012	433	370	63
09013	385	328	57
09014	447	374	73
09015	427	367	60
09016	345	294	51
09017	304	262	42
09018	263	226	37
09019	362	305	57
09020	365	313	52
09021	333	284	49
09022	385	338	47
09023	430	360	70
09024	356	301	55
09025	370	306	64
09026	497	422	75
09027	327	277	50
09028	267	228	39
09029	367	298	69
09030	337	294	43
09031	297	244	53
09032	375	324	51
09033	300	258	42
09034	324	285	39
09035	366	313	53
09036	360	313	47
09037	471	357	114
09038	375	322	53
09039	422	367	55
09040	398	354	44
09041	304	264	40
09042	386	327	59
09043	393	334	59
09044	324	275	49
09045	341	292	49
09046	394	329	65
09047	422	371	51
09048	402	328	74
09049	410	337	73
09050	488	415	73
09051	356	303	53
10001	305	258	47
10002	354	306	48
10003	375	313	62
10004	338	288	50
10005	302	266	36
10006	288	238	50
10007	286	243	43
10008	272	217	55
10009	353	306	47
10010	402	333	69
10011	472	411	61
10012	285	242	43
10013	378	331	47
10014	477	399	78
10015	725	622	103
10016	285	223	62
10017	481	386	95
10018	254	210	44
10019	451	373	78
10020	416	364	52
10021	371	309	62
10022	238	199	39
10023	358	307	51
10024	389	322	67
10025	132	112	20
10026	298	258	40
10027	386	318	68
10028	428	361	67
10029	384	323	61
10030	361	301	60
10031	311	260	51
10032	390	331	59
10033	256	227	29
10034	270	235	35
10035	397	330	67
10036	85	76	9
11001	458	364	94
11002	64	50	14
11003	408	292	116
11004	385	319	66
11005	585	461	124
11006	690	516	174
11007	754	611	143
11008	408	329	79
11009	388	308	80
11010	405	338	67
11011	496	396	100
11012	532	451	81
11013	537	431	106
11014	222	187	35
11015	157	135	22
11016	294	234	60
11017	518	414	104
11018	356	305	51
11019	554	418	136
11020	310	250	60
11021	558	441	117
11022	531	413	118
11023	266	207	59
11024	510	424	86
11025	490	384	106
11026	517	407	110
11027	191	162	29
11028	199	161	38
11029	481	379	102
11030	255	204	51
11031	427	350	77
11032	214	170	44
11033	524	416	108
11034	130	104	26
11035	99	86	13
11036	215	193	22
11037	135	98	37
11038	238	183	55
12001	396	308	88
12002	207	172	35
12003	508	396	112
12004	422	337	85
12005	349	283	66
12006	400	349	51
12007	390	307	83
12008	404	326	78
12009	324	271	53
12010	426	327	99
12011	390	323	67
12012	422	352	70
12013	417	359	58
12014	324	259	65
12015	325	263	62
12016	358	289	69
12017	431	351	80
12018	342	277	65
12019	385	317	68
12020	468	393	75
12021	417	338	79
12022	363	296	67
12023	420	340	80
13001	315	279	36
13002	308	256	52
13003	269	224	45
13004	384	335	49
13005	386	331	55
13006	340	273	67
13007	258	215	43
13008	286	239	47
13009	364	310	54
13010	318	274	44
13011	355	297	58
13012	312	257	55
13013	316	275	41
13014	348	296	52
13015	514	430	84
13016	248	215	33
13017	334	281	53
13018	308	262	46
13019	350	288	62
13020	249	219	30
13021	408	345	63
13022	383	329	54
13023	308	257	51
13024	315	258	57
13025	346	295	51
13026	359	306	53
13027	336	279	57
13028	264	226	38
13029	298	248	50
13030	273	225	48
13031	369	311	58
13032	302	253	49
13033	317	264	53
13034	395	335	60
13035	313	265	48
13036	235	208	27
13037	372	323	49
13038	302	264	38
13039	338	290	48
13040	269	217	52
13041	390	327	63
13042	363	290	73
13043	357	302	55
13044	355	309	46
13045	393	341	52
13046	426	368	58
13047	426	361	65
13048	287	236	51
14001	414	346	68
14002	467	408	59
14003	383	326	57
14004	380	310	70
14005	485	399	86
14006	166	131	35
14007	461	382	79
14008	430	358	72
14009	445	363	82
14010	259	216	43
14011	226	206	20
14012	404	340	64
14013	313	255	58
14014	383	319	64
14015	390	332	58
14016	272	220	52
14017	310	254	56
14018	148	132	16
14019	368	281	87
14020	247	204	43
14021	343	278	65
14022	487	393	94
14023	285	235	50
14024	430	351	79
14025	239	206	33
14026	256	207	49
14027	351	298	53
14028	293	240	53
14029	288	232	56
14030	239	210	29
14031	223	189	34
15001	342	287	55
15002	267	231	36
15003	262	235	27
15004	362	292	70
15005	341	269	72
15006	378	322	56
15007	234	195	39
15008	322	265	57
15009	438	374	64
15010	482	406	76
15011	476	395	81
15012	442	383	59
15013	343	289	54
15014	331	283	48
15015	313	260	53
15016	365	302	63
15017	276	242	34
15018	258	224	34
15019	305	259	46
15020	208	176	32
15021	280	227	53
15022	281	238	43
15023	309	266	43
15024	262	212	50
16001	399	331	68
16002	351	297	54
16003	284	238	46
16004	316	255	61
16005	182	161	21
16006	300	255	45
16007	312	259	53
16008	235	204	31
16009	340	297	43
16010	270	237	33
16011	322	284	38
16012	248	205	43
16013	358	303	55
16014	270	230	40
16015	336	282	54
16016	279	224	55
16017	355	294	61
16018	294	250	44
16019	308	270	38
16020	267	221	46
16021	273	225	48
16022	297	252	45
16023	354	298	56
16024	187	164	23
16025	360	303	57
16026	247	204	43
16027	255	207	48
16028	276	225	51
16029	278	231	47
16030	267	227	40
16031	315	266	49
16032	382	325	57
16033	226	186	40
16034	275	230	45
16035	378	322	56
16036	168	148	20
17001	336	281	55
17002	345	292	53
17003	402	335	67
17004	427	357	70
17005	287	235	52
17006	364	314	50
17007	289	241	48
17008	336	280	56
17009	293	253	40
17010	468	386	82
17011	278	236	42
17012	461	398	63
17013	287	239	48
17014	347	292	55
17015	422	354	68
17016	371	310	61
17017	360	296	64
17018	374	321	53
17019	237	182	55
17020	452	381	71
17021	372	305	67
17022	323	273	50
17023	233	205	28
17024	363	319	44
17025	287	246	41
17026	356	283	73
17027	342	297	45
17028	309	237	72
17029	320	260	60
17030	329	279	50
17031	263	216	47
17032	304	264	40
17033	240	196	44
17034	252	209	43
17035	270	229	41
17036	324	270	54
17037	304	260	44
17038	371	323	48
17039	300	257	43
17040	384	314	70
17041	410	338	72
18001	345	303	42
18002	373	307	66
18003	333	275	58
18004	395	322	73
18005	259	214	45
18006	325	264	61
18007	426	378	48
18008	384	324	60
18009	360	313	47
18010	509	432	77
18011	321	270	51
18012	348	306	42
18013	400	344	56
18014	379	327	52
18015	448	372	76
18016	368	305	63
18017	386	317	69
18018	283	246	37
18019	389	331	58
18020	306	266	40
18021	465	386	79
18022	396	355	41
18023	345	291	54
18024	381	321	60
18025	381	318	63
18026	450	385	65
18027	336	277	59
18028	362	298	64
18029	417	344	73
18030	413	349	64
18031	367	307	60
18032	384	325	59
18033	257	214	43
18034	460	404	56
18035	418	358	60
18036	404	324	80
18037	444	368	76
18038	336	283	53
18039	334	286	48
18040	404	332	72
18041	428	362	66
18042	360	301	59
18043	250	211	39
18044	318	274	44
18045	354	291	63
18046	409	329	80
18047	327	274	53
18048	292	252	40
18049	264	233	31
18050	313	263	50
19001	373	300	73
19002	560	445	115
19003	343	273	70
19004	513	424	89
19005	456	324	132
19006	434	357	77
19007	405	309	96
19008	502	397	105
19009	326	255	71
19010	529	377	152
19011	444	353	91
19012	348	279	69
19013	500	414	86
19014	456	354	102
19015	579	455	124
19016	452	366	86
19017	407	322	85
19018	383	269	114
19019	554	396	158
19020	361	277	84
19021	484	400	84
19022	450	315	135
19023	431	317	114
19024	323	230	93
19025	415	295	120
19026	461	329	132
19027	424	322	102
19028	471	369	102
19029	446	346	100
19030	431	357	74
19031	392	279	113
19032	392	315	77
19033	453	349	104
19034	423	313	110
19035	385	272	113
19036	600	492	108
19037	405	286	119
19038	369	297	72
19039	199	162	37
19040	479	364	115
19041	414	326	88
19042	351	277	74
19043	574	460	114
19044	488	390	98
19045	421	336	85
19046	443	305	138
19047	617	509	108
19048	527	441	86
19049	527	407	120
19050	360	259	101
19051	469	353	116
19052	524	448	76
19053	413	316	97
19054	351	260	91
19055	387	295	92
19056	472	338	134
19057	369	265	104
20001	412	357	55
20002	162	138	24
20003	330	290	40
20004	200	155	45
20005	415	358	57
20006	181	157	24
20007	425	369	56
20008	338	288	50
20009	496	412	84
20010	347	301	46
20011	338	283	55
20012	294	251	43
20013	190	161	29
20014	193	162	31
20015	376	315	61
20016	442	351	91
20017	233	198	35
20018	298	257	41
20019	385	313	72
20020	329	260	69
20021	313	264	49
20022	365	307	58
20023	409	347	62
20024	406	319	87
20025	266	227	39
20026	426	337	89
20027	184	144	40
20028	228	194	34
20029	442	386	56
20030	181	160	21
20031	426	355	71
20032	337	284	53
20033	271	235	36
20034	595	424	171
20035	337	275	62
20036	144	130	14
20037	93	76	17
20038	140	120	20
20039	43	32	11
21001	383	309	74
21002	297	248	49
21003	370	309	61
21004	383	320	63
21005	410	352	58
21006	337	292	45
21007	350	311	39
21008	395	336	59
21009	389	324	65
21010	370	311	59
21011	317	261	56
21012	362	296	66
21013	392	323	69
21014	415	350	65
21015	351	294	57
21016	331	272	59
21017	347	282	65
21018	428	369	59
21019	394	337	57
21020	326	278	48
21021	341	280	61
21022	353	300	53
21023	367	313	54
21024	381	336	45
21025	309	273	36
21026	391	339	52
21027	365	313	52
21028	467	408	59
21029	431	360	71
21030	312	254	58
21031	267	236	31
21032	396	348	48
21033	351	301	50
21034	388	320	68
21035	377	325	52
21036	407	342	65
21037	318	255	63
21038	374	330	44
21039	322	267	55
21040	322	284	38
21041	372	315	57
21042	423	373	50
21043	385	325	60
21044	386	332	54
21045	343	289	54
21046	400	340	60
21047	392	337	55
21048	338	288	50
21049	422	340	82
21050	339	302	37
21051	359	304	55
21052	398	327	71
21053	289	247	42
21054	298	256	42
22001	196	162	34
22002	416	355	61
22003	513	436	77
22004	286	228	58
22005	297	246	51
22006	332	282	50
22007	250	192	58
22008	468	408	60
22009	284	235	49
22010	468	406	62
22011	283	239	44
22012	319	257	62
22013	362	296	66
22014	284	230	54
22015	344	276	68
22016	296	237	59
22017	388	326	62
22018	364	315	49
22019	193	156	37
22020	385	340	45
22021	415	340	75
22022	288	243	45
22023	407	344	63
22024	421	346	75
22025	344	280	64
23001	354	297	57
23002	380	324	56
23003	358	294	64
23004	414	333	81
23005	377	309	68
23006	401	351	50
23007	344	291	53
23008	435	367	68
23009	322	277	45
23010	430	342	88
23011	412	348	64
23012	375	305	70
23013	308	268	40
23014	312	257	55
23015	308	269	39
23016	351	296	55
23017	251	220	31
23018	363	317	46
23019	308	263	45
23020	242	198	44
23021	381	313	68
23022	352	288	64
23023	396	318	78
23024	313	264	49
23025	392	337	55
23026	363	302	61
23027	341	288	53
23028	349	302	47
23029	321	289	32
23030	426	352	74
23031	264	215	49
23032	356	294	62
23033	373	300	73
23034	353	288	65
23035	315	242	73
23036	386	308	78
23037	354	283	71
23038	326	278	48
23039	359	310	49
24001	258	220	38
24002	312	278	34
24003	380	318	62
24004	241	208	33
24005	191	163	28
24006	345	289	56
24007	199	156	43
24008	154	134	20
24009	322	276	46
24010	154	134	20
24011	359	307	52
24012	230	180	50
24013	205	178	27
24014	299	267	32
24015	185	155	30
24016	372	312	60
24017	260	213	47
24018	337	294	43
24019	405	328	77
24020	258	211	47
24021	189	160	29
24022	438	382	56
24023	120	112	8
24024	425	353	72
24025	239	201	38
24026	407	344	63
24027	332	287	45
24028	249	213	36
24029	224	184	40
24030	188	169	19
24031	351	289	62
24032	193	152	41
24033	213	182	31
24034	280	244	36
24035	256	226	30
24036	391	313	78
24037	198	172	26
24038	263	211	52
24039	328	275	53
24040	338	300	38
24041	235	202	33
25001	364	290	74
25002	397	280	117
25003	675	480	195
25004	392	309	83
25005	462	361	101
25006	147	123	24
25007	409	295	114
25008	463	332	131
25009	461	336	125
25010	778	557	221
25011	472	355	117
25012	418	304	114
25013	404	301	103
25014	292	231	61
25015	368	294	74
25016	723	527	196
25017	424	307	117
25018	261	212	49
25019	403	285	118
25020	260	229	31
25021	839	600	239
25022	407	320	87
25023	483	358	125
25024	470	345	125
25025	479	350	129
25026	394	312	82
25027	682	507	175
25028	439	338	101
25029	356	294	62
25030	403	296	107
25031	900	640	260
25032	348	283	65
26001	379	268	111
26002	305	221	84
26003	367	260	107
26004	230	180	50
26005	314	228	86
26006	290	220	70
26007	349	246	103
26008	170	145	25
26009	297	231	66
26010	310	240	70
26011	310	250	60
26012	365	268	97
26013	171	131	40
26014	255	186	69
26015	193	165	28
26016	194	163	31
26017	293	220	73
26018	263	211	52
26019	231	187	44
26020	297	209	88
26021	428	325	103
26022	207	172	35
26023	203	164	39
26024	292	231	61
26025	302	229	73
26026	228	179	49
26027	344	237	107
26028	462	338	124
26029	189	145	44
26030	273	196	77
26031	163	137	26
26032	418	301	117
26033	324	240	84
26034	377	269	108
26035	258	209	49
26036	344	254	90
26037	388	297	91
26038	158	130	28
26039	370	284	86
26040	230	188	42
26041	398	318	80
26042	266	196	70
26043	207	180	27
26044	176	143	33
26045	161	138	23
26046	252	186	66
26047	229	192	37
26048	351	257	94
26049	150	121	29
27001	672	513	159
27002	417	326	91
27003	228	194	34
27004	232	190	42
27005	286	245	41
27006	405	325	80
27007	640	465	175
27008	324	279	45
27009	227	160	67
27010	367	317	50
27011	532	395	137
27012	341	238	103
27013	454	363	91
27014	174	148	26
27015	252	207	45
27016	549	408	141
27017	387	313	74
27018	265	227	38
27019	227	193	34
27020	334	272	62
27021	448	338	110
27022	223	186	37
27023	250	219	31
27024	284	245	39
27025	378	304	74
27026	285	236	49
27027	527	433	94
27028	211	177	34
27029	274	232	42
27030	159	121	38
27031	249	213	36
27032	333	269	64
27033	454	347	107
27034	297	233	64
27035	534	387	147
27036	207	175	32
27037	435	362	73
27038	643	526	117
27039	265	213	52
27040	574	440	134
27041	153	133	20
27042	284	229	55
27043	257	214	43
27044	260	214	46
27045	899	661	238
27046	316	225	91
27047	274	227	47
27048	639	513	126
27049	274	209	65
27050	282	246	36
28001	291	235	56
28002	298	248	50
28003	272	231	41
28004	343	248	95
28005	144	118	26
28006	146	100	46
28007	359	309	50
28008	444	325	119
28009	302	268	34
28010	452	341	111
28011	729	586	143
28012	348	299	49
28013	289	249	40
28014	298	252	46
28015	57	51	6
28016	233	192	41
28017	294	251	43
28018	244	212	32
28019	319	235	84
28020	272	229	43
28021	221	193	28
28022	298	251	47
28023	390	335	55
28024	284	247	37
28025	378	321	57
28026	363	316	47
28027	410	293	117
28028	474	360	114
28029	168	144	24
28030	59	52	7
28031	378	322	56
28032	326	286	40
28033	291	247	44
28034	667	586	81
28035	405	354	51
28036	169	133	36
28037	390	341	49
28038	126	110	16
28039	280	242	38
28040	426	362	64
28041	274	227	47
28042	375	326	49
28043	401	347	54
28044	233	203	30
28045	432	317	115
28046	676	524	152
29001	513	388	125
29002	544	460	84
29003	415	360	55
29004	459	389	70
29005	362	322	40
29006	329	276	53
29007	418	332	86
29008	351	296	55
29009	472	379	93
29010	515	386	129
29011	196	167	29
29012	514	451	63
29013	416	357	59
29014	381	334	47
29015	475	413	62
29016	422	374	48
29017	394	360	34
29018	439	358	81
29019	454	384	70
29020	470	389	81
29021	512	444	68
29022	294	246	48
29023	438	345	93
29024	375	329	46
29025	475	410	65
29026	392	324	68
29027	352	294	58
29028	514	446	68
29029	442	373	69
29030	448	361	87
29031	425	342	83
29032	371	316	55
29033	253	212	41
29034	268	236	32
29035	287	249	38
29036	376	325	51
29037	313	258	55
29038	404	333	71
29039	375	302	73
29040	301	261	40
29041	346	289	57
29042	439	368	71
29043	494	399	95
29044	511	426	85
30001	450	371	79
30002	368	305	63
30003	306	229	77
30004	380	296	84
30005	313	264	49
30006	279	231	48
30007	461	351	110
30008	473	364	109
30009	297	241	56
30010	415	340	75
30011	361	307	54
30012	361	298	63
30013	359	306	53
30014	241	205	36
30015	370	243	127
30016	183	160	23
30017	386	317	69
30018	465	346	119
30019	378	322	56
30020	475	394	81
30021	301	245	56
30022	528	400	128
30023	457	357	100
30024	452	337	115
30025	521	392	129
30026	266	230	36
30027	276	231	45
30028	469	348	121
30029	264	221	43
30030	187	154	33
30031	290	237	53
30032	325	252	73
31001	258	212	46
31002	229	183	46
31003	262	200	62
31004	362	274	88
31005	275	224	51
31006	230	211	19
31007	445	329	116
31008	220	198	22
31009	290	248	42
31010	274	225	49
31011	259	207	52
31012	254	196	58
31013	291	253	38
31014	278	239	39
31015	231	192	39
31016	339	227	112
31017	282	237	45
31018	235	195	40
31019	241	205	36
31020	224	188	36
31021	251	215	36
31022	239	190	49
31023	249	194	55
31024	277	230	47
31025	274	235	39
31026	247	195	52
31027	316	274	42
31028	270	238	32
31029	253	206	47
31030	194	157	37
31031	239	208	31
31032	251	201	50
31033	277	234	43
31034	314	250	64
31035	274	232	42
31036	274	222	52
31037	243	197	46
31038	291	236	55
31039	293	219	74
31040	289	216	73
31041	267	212	55
32001	641	484	157
32002	648	431	217
32003	595	378	217
32004	526	369	157
32005	559	395	164
32006	654	423	231
32007	596	402	194
32008	697	457	240
32009	562	407	155
32010	604	421	183
32011	517	335	182
32012	408	240	168
32013	589	424	165
32014	583	381	202
32015	545	381	164
32016	537	360	177
32017	512	321	191
32018	529	385	144
32019	519	362	157
32020	498	318	180
32021	582	382	200
32022	707	476	231
32023	563	380	183
32024	478	369	109
32025	532	367	165
32026	607	394	213
32027	576	421	155
32028	556	361	195
32029	611	422	189
32030	567	416	151
32031	605	418	187
32032	595	403	192
32033	571	398	173
32034	619	407	212
32035	574	394	180
32036	605	384	221
32037	572	405	167
32038	530	385	145
32039	595	418	177
32040	591	383	208
32041	567	403	164
32042	502	346	156
32043	450	312	138
33001	535	374	161
33002	636	424	212
33003	605	386	219
33004	714	519	195
33005	482	370	112
33006	458	356	102
33007	548	414	134
33008	709	423	286
33009	615	448	167
33010	464	355	109
33011	604	454	150
33012	579	447	132
33013	513	359	154
33014	294	208	86
33015	565	399	166
33016	729	566	163
33017	599	463	136
33018	694	497	197
33019	598	460	138
33020	623	412	211
33021	589	435	154
33022	517	382	135
33023	598	423	175
33024	712	408	304
33025	668	497	171
33026	458	318	140
33027	574	419	155
33028	499	343	156
34001	419	355	64
34002	291	247	44
34003	454	379	75
34004	329	286	43
34005	296	258	38
34006	454	403	51
34007	414	367	47
34008	322	275	47
34009	324	271	53
34010	381	330	51
34011	322	271	51
34012	431	344	87
34013	416	345	71
34014	299	253	46
34015	375	333	42
34016	360	311	49
34017	499	430	69
34018	303	261	42
34019	485	396	89
34020	421	366	55
34021	451	392	59
34022	360	302	58
34023	329	278	51
34024	360	310	50
34025	418	355	63
34026	432	386	46
34027	345	288	57
34028	265	228	37
34029	312	265	47
34030	341	282	59
34031	329	272	57
34032	404	356	48
34033	362	309	53
34034	396	346	50
34035	424	364	60
34036	347	293	54
34037	274	232	42
34038	209	179	30
34039	280	248	32
34040	416	355	61
34041	257	221	36
34042	324	279	45
34043	360	305	55
34044	383	339	44
34045	399	348	51
34046	262	236	26
34047	405	362	43
34048	404	361	43
34049	494	418	76
34050	349	311	38
34051	412	363	49
34052	280	243	37
34053	271	239	32
35001	453	334	119
35002	460	302	158
35003	433	313	120
35004	440	336	104
35005	413	286	127
35006	432	315	117
35007	454	292	162
35008	459	334	125
35009	418	339	79
35010	568	361	207
35011	486	353	133
35012	274	221	53
35013	300	254	46
35014	338	276	62
35015	503	357	146
35016	289	235	54
35017	508	331	177
35018	311	242	69
35019	255	215	40
35020	393	317	76
35021	380	293	87
35022	530	385	145
35023	427	306	121
35024	414	310	104
35025	576	381	195
35026	406	317	89
35027	429	327	102
35028	444	307	137
35029	437	362	75
35030	433	343	90
35031	514	391	123
36001	400	329	71
36002	394	317	77
36003	334	279	55
36004	428	367	61
36005	342	287	55
36006	330	281	49
36007	477	381	96
36008	316	263	53
36009	336	282	54
36010	439	366	73
36011	288	241	47
36012	221	181	40
36013	250	211	39
36014	449	359	90
36015	443	363	80
36016	412	326	86
36017	416	337	79
36018	369	312	57
36019	454	382	72
36020	392	330	62
36021	325	263	62
36022	321	265	56
36023	300	261	39
36024	400	323	77
36025	365	311	54
36026	375	315	60
36027	351	293	58
36028	383	325	58
36029	445	368	77
36030	397	337	60
37001	267	220	47
37002	274	230	44
37003	301	247	54
37004	327	277	50
37005	380	318	62
37006	398	351	47
37007	237	203	34
37008	282	239	43
37009	393	338	55
37010	435	357	78
37011	289	242	47
37012	304	250	54
37013	296	256	40
37014	398	344	54
37015	412	359	53
37016	384	336	48
37017	344	287	57
37018	316	270	46
37019	325	278	47
37020	302	262	40
37021	310	258	52
37022	304	254	50
37023	314	271	43
37024	388	338	50
37025	364	308	56
37026	474	408	66
37027	390	337	53
37028	327	271	56
37029	350	294	56
37030	349	288	61
37031	385	326	59
37032	340	287	53
37033	428	377	51
37034	360	308	52
37035	398	339	59
37036	345	292	53
37037	410	349	61
37038	395	341	54
37039	329	293	36
37040	382	317	65
37041	343	297	46
38001	388	293	95
38002	426	334	92
38003	391	307	84
38004	409	334	75
38005	430	348	82
38006	423	351	72
38007	405	339	66
38008	393	323	70
38009	473	399	74
38010	403	331	72
38011	389	320	69
38012	386	306	80
38013	455	364	91
38014	457	355	102
38015	368	289	79
38016	419	322	97
38017	510	411	99
38018	439	317	122
38019	477	410	67
38020	463	376	87
38021	359	294	65
38022	381	301	80
38023	449	347	102
38024	454	379	75
38025	331	268	63
38026	399	311	88
38027	442	370	72
38028	502	405	97
38029	397	328	69
38030	409	344	65
38031	427	318	109
38032	417	332	85
38033	386	297	89
38034	392	313	79
38035	392	294	98
38036	368	295	73
38037	409	334	75
38038	379	311	68
38039	476	371	105
38040	418	317	101
38041	405	299	106
39001	447	327	120
39002	304	249	55
39003	486	360	126
39004	432	332	100
39005	477	362	115
39006	453	353	100
39007	355	268	87
39008	447	353	94
39009	463	381	82
39010	228	170	58
39011	424	328	96
39012	546	423	123
39013	370	282	88
39014	437	349	88
39015	488	380	108
39016	418	352	66
39017	494	379	115
39018	433	319	114
39019	445	335	110
39020	532	401	131
39021	419	311	108
39022	398	315	83
39023	447	337	110
39024	557	425	132
39025	382	290	92
39026	431	322	109
39027	80	53	27
39028	515	349	166
39029	224	178	46
39030	529	376	153
39031	391	311	80
39032	354	273	81
39033	506	369	137
39034	505	384	121
39035	421	284	137
39036	127	101	26
39037	459	309	150
39038	265	196	69
39039	286	208	78
39040	420	311	109
39041	504	357	147
39042	467	307	160
39043	466	336	130
39044	358	240	118
39045	432	304	128
40001	456	378	78
40002	470	362	108
40003	640	451	189
40004	277	215	62
40005	502	340	162
40006	582	384	198
40007	479	314	165
40008	644	407	237
40009	375	321	54
40010	506	405	101
40011	534	345	189
40012	419	274	145
40013	761	507	254
40014	406	304	102
40015	447	346	101
40016	666	417	249
40017	409	272	137
40018	410	330	80
40019	601	483	118
40020	456	361	95
40021	574	411	163
40022	498	359	139
40023	573	368	205
40024	455	364	91
40025	625	405	220
40026	491	321	170
40027	639	463	176
40028	553	397	156
40029	488	353	135
40030	420	292	128
40031	581	370	211
40032	552	371	181
40033	513	333	180
40034	441	337	104
40035	326	257	69
40036	449	320	129
40037	494	375	119
40038	653	417	236
40039	150	126	24
41001	431	347	84
41002	503	382	121
41003	424	321	103
41004	472	331	141
41005	561	413	148
41006	557	384	173
41007	543	401	142
41008	508	397	111
41009	473	385	88
41010	515	384	131
41011	560	438	122
41012	457	378	79
41013	559	448	111
41014	553	381	172
41015	633	468	165
41016	484	376	108
41017	505	372	133
41018	444	343	101
41019	542	352	190
41020	371	295	76
41021	477	391	86
41022	506	370	136
41023	477	389	88
41024	432	341	91
41025	416	347	69
41026	478	347	131
41027	401	315	86
41028	490	420	70
41029	392	331	61
41030	470	354	116
41031	467	358	109
41032	392	303	89
41033	454	373	81
41034	404	314	90
41035	548	425	123
41036	476	350	126
41037	555	434	121
41038	437	360	77
41039	532	390	142
41040	510	396	114
41041	477	377	100
41042	503	396	107
41043	491	363	128
41044	519	414	105
41045	460	344	116
41046	476	357	119
41047	474	358	116
42001	527	357	170
42002	671	499	172
42003	641	463	178
42004	1082	816	266
42005	524	382	142
42006	539	381	158
42007	728	514	214
42008	497	354	143
42009	685	517	168
42010	811	598	213
42011	362	259	103
42012	503	361	142
42013	502	351	151
42014	663	508	155
42015	558	432	126
42016	622	439	183
42017	844	621	223
42018	785	601	184
42019	721	525	196
42020	642	452	190
42021	646	485	161
42022	324	237	87
42023	660	491	169
42024	570	417	153
42025	656	491	165
42026	701	502	199
42027	426	318	108
42028	647	467	180
42029	690	509	181
42030	498	339	159
42031	784	567	217
42032	602	450	152
42033	678	512	166
42034	531	385	146
42035	823	592	231
42036	1019	760	259
42037	441	337	104
42038	570	442	128
42039	673	488	185
42040	854	650	204
42041	632	470	162
42042	1004	745	259
43001	309	223	86
43002	603	412	191
43003	588	365	223
43004	778	555	223
43005	530	340	190
43006	440	314	126
43007	371	245	126
43008	450	319	131
43009	594	385	209
43010	660	413	247
43011	573	404	169
43012	398	284	114
43013	548	389	159
43014	571	355	216
43015	610	429	181
43016	688	487	201
43017	497	336	161
43018	657	434	223
43019	636	441	195
43020	650	426	224
43021	601	401	200
43022	408	276	132
43023	410	278	132
43024	436	313	123
43025	449	296	153
43026	349	216	133
43027	556	376	180
43028	730	536	194
43029	600	422	178
43030	744	523	221
43031	519	374	145
43032	592	389	203
43033	602	425	177
43034	422	269	153
43035	666	460	206
43036	352	255	97
43037	703	517	186
43038	511	329	182
43039	667	474	193
43040	456	314	142
43041	775	501	274
43042	535	364	171
43043	625	432	193
43044	569	371	198
43045	349	226	123
43046	343	236	107
44001	968	664	304
44002	621	428	193
44003	370	238	132
44004	532	382	150
44005	652	452	200
44006	791	550	241
44007	416	290	126
44008	801	583	218
44009	577	392	185
44010	638	427	211
44011	651	460	191
44012	666	467	199
44013	540	394	146
44014	572	411	161
44015	562	386	176
44016	654	428	226
44017	805	556	249
44018	606	425	181
44019	757	525	232
44020	660	471	189
44021	750	509	241
44022	644	436	208
44023	627	435	192
44024	444	289	155
44025	615	397	218
44026	692	526	166
44027	697	451	246
44028	629	438	191
44029	712	490	222
44030	701	457	244
44031	494	334	160
44032	710	506	204
44033	614	434	180
44034	639	442	197
44035	700	493	207
44036	624	425	199
44037	700	485	215
44038	655	472	183
44039	620	423	197
44040	592	401	191
44041	748	526	222
45001	389	274	115
45002	410	293	117
45003	404	277	127
45004	550	384	166
45005	463	326	137
45006	562	374	188
45007	646	478	168
45008	455	364	91
45009	462	377	85
45010	471	358	113
45011	348	255	93
45012	414	310	104
45013	401	303	98
45014	554	415	139
45015	560	421	139
45016	388	285	103
45017	505	390	115
45018	462	371	91
45019	261	205	56
45020	334	258	76
45021	405	300	105
45022	415	330	85
45023	410	310	100
45024	333	269	64
45025	275	211	64
45026	256	208	48
45027	426	312	114
45028	376	295	81
45029	275	219	56
45030	435	351	84
45031	364	290	74
45032	375	293	82
45033	301	226	75
45034	490	394	96
45035	481	363	118
45036	474	344	130
45037	422	321	101
45038	392	309	83
45039	432	342	90
45040	435	339	96
45041	416	343	73
45042	440	349	91
45043	457	357	100
45044	422	316	106
45045	309	247	62
45046	366	293	73
45047	322	247	75
45048	350	294	56
46001	413	297	116
46002	511	372	139
46003	649	453	196
46004	538	393	145
46005	697	502	195
46006	443	340	103
46007	509	381	128
46008	348	274	74
46009	615	456	159
46010	919	632	287
46011	500	379	121
46012	628	428	200
46013	563	392	171
46014	484	378	106
46015	597	448	149
46016	629	455	174
46017	621	447	174
46018	615	436	179
46019	374	275	99
46020	453	357	96
46021	367	290	77
46022	425	308	117
46023	419	304	115
46024	634	439	195
46025	535	373	162
46026	573	405	168
46027	690	487	203
46028	546	385	161
46029	488	349	139
46030	572	432	140
46031	593	400	193
46032	453	357	96
46033	629	443	186
46034	654	449	205
46035	651	491	160
46036	531	388	143
46037	327	263	64
46038	579	444	135
46039	510	384	126
46040	487	343	144
47001	373	250	123
47002	566	346	220
47003	510	379	131
47004	594	396	198
47005	618	390	228
47006	647	446	201
47007	522	385	137
47008	574	372	202
47009	502	358	144
47010	717	485	232
47011	578	395	183
47012	609	362	247
47013	543	360	183
47014	541	364	177
47015	682	446	236
47016	556	389	167
47017	515	352	163
47018	596	414	182
47019	712	448	264
47020	526	346	180
47021	516	335	181
47022	658	423	235
47023	578	344	234
47024	597	386	211
47025	657	440	217
47026	785	519	266
47027	541	357	184
47028	535	351	184
47029	603	405	198
47030	679	490	189
47031	557	381	176
47032	663	404	259
47033	578	382	196
47034	578	358	220
47035	579	383	196
47036	680	437	243
47037	621	387	234
47038	575	352	223
47039	570	379	191
47040	543	315	228
47041	657	431	226
47042	593	404	189
47043	581	384	197
47044	516	366	150
47045	567	348	219
47046	492	336	156
47047	676	434	242
47048	56	43	13
48001	510	338	172
48002	248	140	108
48003	620	466	154
48004	513	378	135
48005	284	181	103
48006	637	495	142
48007	526	349	177
48008	287	208	79
48009	370	287	83
48010	744	455	289
48011	427	259	168
48012	606	403	203
48013	658	500	158
48014	247	183	64
48015	369	276	93
48016	545	404	141
48017	475	344	131
48018	313	261	52
48019	357	194	163
48020	583	370	213
48021	593	463	130
48022	432	333	99
48023	541	388	153
48024	592	454	138
48025	495	297	198
48026	285	226	59
48027	958	769	189
48028	602	467	135
48029	214	168	46
48030	485	309	176
48031	781	621	160
48032	578	444	134
48033	296	199	97
48034	475	303	172
48035	301	252	49
48036	315	234	81
48037	585	398	187
48038	550	311	239
48039	393	304	89
48040	502	334	168
48041	672	490	182
48042	652	444	208
48043	537	392	145
48044	649	430	219
48045	431	289	142
48046	322	239	83
49001	359	274	85
49002	345	238	107
49003	578	424	154
49004	655	469	186
49005	496	391	105
49006	536	379	157
49007	583	428	155
49008	439	341	98
49009	553	405	148
49010	520	358	162
49011	650	486	164
49012	757	523	234
49013	658	495	163
49014	430	329	101
49015	445	357	88
49016	469	335	134
49017	318	239	79
49018	688	466	222
49019	516	393	123
49020	795	544	251
49021	313	249	64
49022	544	415	129
49023	621	466	155
49024	459	357	102
49025	722	499	223
49026	586	403	183
49027	636	473	163
49028	697	523	174
49029	636	460	176
49030	592	448	144
49031	428	321	107
49032	505	388	117
49033	467	337	130
50001	382	268	114
50002	272	216	56
50003	346	253	93
50004	429	331	98
50005	294	217	77
50006	443	343	100
50007	487	328	159
50008	404	338	66
50009	339	247	92
50010	467	385	82
50011	273	201	72
50012	167	123	44
50013	495	409	86
50014	133	100	33
50015	475	345	130
50016	110	71	39
50017	357	294	63
50018	79	55	24
50019	300	254	46
50020	470	351	119
50021	380	287	93
50022	362	292	70
50023	254	202	52
50024	309	228	81
50025	351	285	66
50026	398	323	75
50027	106	84	22
50028	400	349	51
50029	404	346	58
50030	292	239	53
50031	506	416	90
50032	498	403	95
50033	330	230	100
50034	560	391	169
50035	512	370	142
50036	362	267	95
50037	448	348	100
50038	172	138	34
50039	254	204	50
50040	386	272	114
Barrington 1	627	477	150
Barrington 2	590	460	130
Barrington 3	759	604	155
Barrington 4	943	755	188
Barrington 5	726	572	154
Barrington 6	804	615	189
Barrington 7	235	178	57
Barrington 8	1027	849	178
Barrington 9	507	391	116
Barrington 10	923	707	216
Barrington 11	560	464	96
Berwyn Ward 1 Precinct 1	384	296	88
Berwyn Ward 1 Precinct 2	432	363	69
Berwyn Ward 1 Precinct 3	642	530	112
Berwyn Ward 1 Precinct 4	396	316	80
Berwyn Ward 1 Precinct 5	400	309	91
Berwyn Ward 2 Precinct 1	282	213	69
Berwyn Ward 2 Precinct 2	479	400	79
Berwyn Ward 2 Precinct 3	603	503	100
Berwyn Ward 2 Precinct 4	798	630	168
Berwyn Ward 3 Precinct 1	499	421	78
Berwyn Ward 3 Precinct 2	380	314	66
Berwyn Ward 3 Precinct 3	381	300	81
Berwyn Ward 3 Precinct 4	532	431	101
Berwyn Ward 3 Precinct 5	637	496	141
Berwyn Ward 4 Precinct 1	346	290	56
Berwyn Ward 4 Precinct 2	522	435	87
Berwyn Ward 4 Precinct 3	649	542	107
Berwyn Ward 4 Precinct 4	344	294	50
Berwyn Ward 5 Precinct 1	693	575	118
Berwyn Ward 5 Precinct 2	444	372	72
Berwyn Ward 5 Precinct 3	415	357	58
Berwyn Ward 6 Precinct 1	265	226	39
Berwyn Ward 6 Precinct 2	348	297	51
Berwyn Ward 6 Precinct 3	464	390	74
Berwyn Ward 6 Precinct 4	548	462	86
Berwyn Ward 7 Precinct 1	444	372	72
Berwyn Ward 7 Precinct 2	435	361	74
Berwyn Ward 7 Precinct 3	568	457	111
Berwyn Ward 7 Precinct 4	536	449	87
Berwyn Ward 8 Precinct 1	742	596	146
Berwyn Ward 8 Precinct 2	487	408	79
Berwyn Ward 8 Precinct 3	307	252	55
Bloom 1	629	452	177
Bloom 2	620	480	140
Bloom 3	438	384	54
Bloom 4	490	425	65
Bloom 5	395	352	43
Bloom 6	271	235	36
Bloom 7	578	485	93
Bloom 8	531	449	82
Bloom 9	480	407	73
Bloom 10	250	215	35
Bloom 11	369	320	49
Bloom 12	537	451	86
Bloom 13	941	818	123
Bloom 14	723	632	91
Bloom 15	436	381	55
Bloom 16	543	490	53
Bloom 17	417	362	55
Bloom 18	502	430	72
Bloom 19	557	434	123
Bloom 20	552	427	125
Bloom 21	155	140	15
Bloom 22	496	435	61
Bloom 23	524	456	68
Bloom 24	915	787	128
Bloom 25	413	332	81
Bloom 26	420	355	65
Bloom 27	474	411	63
Bloom 28	497	409	88
Bloom 29	230	211	19
Bloom 30	691	534	157
Bloom 31	500	422	78
Bloom 32	387	338	49
Bloom 33	464	385	79
Bloom 34	334	284	50
Bloom 35	270	241	29
Bloom 36	667	595	72
Bloom 37	312	272	40
Bloom 38	1195	1015	180
Bloom 39	410	358	52
Bloom 40	359	278	81
Bloom 41	614	519	95
Bloom 42	499	417	82
Bloom 43	488	421	67
Bloom 44	648	547	101
Bloom 45	719	608	111
Bloom 46	407	361	46
Bloom 47	683	548	135
Bloom 48	413	342	71
Bloom 49	484	430	54
Bloom 50	495	394	101
Bloom 51	262	225	37
Bloom 52	389	338	51
Bloom 53	319	277	42
Bloom 54	505	428	77
Bloom 55	447	381	66
Bloom 56	448	372	76
Bloom 57	521	431	90
Bloom 58	388	328	60
Bloom 59	415	352	63
Bloom 60	445	405	40
Bloom 61	493	414	79
Bremen 1	448	388	60
Bremen 2	623	538	85
Bremen 3	509	429	80
Bremen 4	525	448	77
Bremen 5	386	313	73
Bremen 6	403	346	57
Bremen 7	336	289	47
Bremen 8	388	333	55
Bremen 9	463	378	85
Bremen 10	682	547	135
Bremen 11	619	536	83
Bremen 12	379	324	55
Bremen 13	599	534	65
Bremen 14	397	336	61
Bremen 15	384	334	50
Bremen 16	568	489	79
Bremen 17	443	387	56
Bremen 18	786	651	135
Bremen 19	168	148	20
Bremen 20	444	362	82
Bremen 21	606	520	86
Bremen 22	468	380	88
Bremen 23	217	191	26
Bremen 24	456	361	95
Bremen 25	706	578	128
Bremen 26	493	392	101
Bremen 27	604	525	79
Bremen 28	414	329	85
Bremen 29	673	592	81
Bremen 30	599	503	96
Bremen 31	502	441	61
Bremen 32	446	390	56
Bremen 33	543	465	78
Bremen 34	774	639	135
Bremen 35	314	277	37
Bremen 36	407	334	73
Bremen 37	269	239	30
Bremen 38	412	355	57
Bremen 39	360	325	35
Bremen 40	744	656	88
Bremen 41	349	296	53
Bremen 42	761	634	127
Bremen 43	413	362	51
Bremen 44	377	331	46
Bremen 45	278	248	30
Bremen 46	534	442	92
Bremen 47	410	348	62
Bremen 48	402	363	39
Bremen 49	394	344	50
Bremen 50	621	511	110
Bremen 51	618	520	98
Bremen 52	449	367	82
Bremen 53	373	312	61
Bremen 54	469	387	82
Bremen 55	398	330	68
Bremen 56	523	451	72
Bremen 57	602	507	95
Bremen 58	702	592	110
Bremen 59	509	420	89
Bremen 60	469	418	51
Bremen 61	514	430	84
Bremen 62	581	485	96
Bremen 63	586	520	66
Bremen 64	633	524	109
Bremen 65	226	196	30
Bremen 66	404	355	49
Bremen 67	760	644	116
Bremen 68	373	309	64
Bremen 69	530	447	83
Bremen 70	361	307	54
Bremen 71	319	278	41
Bremen 72	361	287	74
Bremen 73	580	492	88
Bremen 74	641	569	72
Bremen 75	608	505	103
Bremen 76	457	368	89
Bremen 77	864	747	117
Bremen 78	449	390	59
Bremen 79	579	481	98
Bremen 80	447	392	55
Calumet 1	463	396	67
Calumet 2	522	447	75
Calumet 3	524	449	75
Calumet 4	460	404	56
Calumet 5	400	348	52
Calumet 6	670	588	82
Calumet 7	551	483	68
Calumet 8	368	327	41
Calumet 9	372	329	43
Calumet 10	542	480	62
Calumet 11	735	648	87
Calumet 12	378	331	47
Cicero 1	567	479	88
Cicero 2	282	242	40
Cicero 3	385	323	62
Cicero 4	504	432	72
Cicero 5	563	493	70
Cicero 6	531	480	51
Cicero 7	357	314	43
Cicero 8	296	249	47
Cicero 9	542	471	71
Cicero 10	549	461	88
Cicero 11	497	428	69
Cicero 12	415	364	51
Cicero 13	468	417	51
Cicero 14	435	372	63
Cicero 15	483	416	67
Cicero 16	360	309	51
Cicero 17	558	474	84
Cicero 18	350	316	34
Cicero 19	681	575	106
Cicero 20	366	317	49
Cicero 21	478	396	82
Cicero 22	303	263	40
Cicero 23	584	495	89
Cicero 24	540	448	92
Cicero 25	437	386	51
Cicero 26	358	315	43
Cicero 27	536	469	67
Cicero 28	519	449	70
Cicero 29	485	428	57
Cicero 30	403	349	54
Cicero 31	356	308	48
Cicero 32	392	338	54
Elk Grove 1	498	327	171
Elk Grove 2	492	431	61
Elk Grove 3	698	579	119
Elk Grove 4	601	503	98
Elk Grove 5	812	589	223
Elk Grove 6	424	342	82
Elk Grove 7	655	473	182
Elk Grove 8	522	387	135
Elk Grove 9	570	477	93
Elk Grove 10	842	591	251
Elk Grove 11	681	487	194
Elk Grove 12	403	305	98
Elk Grove 13	540	444	96
Elk Grove 14	663	510	153
Elk Grove 15	456	371	85
Elk Grove 16	663	473	190
Elk Grove 17	543	468	75
Elk Grove 18	740	586	154
Elk Grove 19	747	543	204
Elk Grove 20	619	483	136
Elk Grove 21	504	426	78
Elk Grove 22	565	472	93
Elk Grove 23	881	667	214
Elk Grove 24	528	431	97
Elk Grove 25	546	367	179
Elk Grove 26	476	408	68
Elk Grove 27	713	552	161
Elk Grove 28	564	443	121
Elk Grove 29	552	424	128
Elk Grove 30	518	409	109
Elk Grove 31	352	286	66
Elk Grove 32	394	332	62
Elk Grove 33	370	283	87
Elk Grove 34	987	714	273
Elk Grove 35	500	431	69
Elk Grove 36	372	317	55
Elk Grove 37	671	549	122
Elk Grove 38	389	334	55
Elk Grove 39	699	553	146
Elk Grove 40	502	421	81
Elk Grove 41	463	339	124
Elk Grove 42	494	413	81
Elk Grove 43	538	417	121
Elk Grove 44	501	399	102
Elk Grove 45	523	409	114
Elk Grove 46	457	350	107
Elk Grove 47	702	563	139
Elk Grove 48	375	263	112
Elk Grove 49	660	547	113
Elk Grove 50	357	300	57
Elk Grove 51	803	620	183
Elk Grove 52	287	221	66
Evanston Ward 1 Precinct 1	629	464	165
Evanston Ward 1 Precinct 2	697	488	209
Evanston Ward 1 Precinct 3	669	405	264
Evanston Ward 1 Precinct 4	982	639	343
Evanston Ward 2 Precinct 1	1276	849	427
Evanston Ward 2 Precinct 2	508	361	147
Evanston Ward 2 Precinct 3	590	490	100
Evanston Ward 2 Precinct 4	765	599	166
Evanston Ward 2 Precinct 5	549	420	129
Evanston Ward 3 Precinct 1	738	455	283
Evanston Ward 3 Precinct 2	845	568	277
Evanston Ward 3 Precinct 3	764	474	290
Evanston Ward 3 Precinct 4	399	251	148
Evanston Ward 3 Precinct 5	752	532	220
Evanston Ward 3 Precinct 6	685	447	238
Evanston Ward 3 Precinct 7	601	426	175
Evanston Ward 4 Precinct 1	401	253	148
Evanston Ward 4 Precinct 2	596	369	227
Evanston Ward 4 Precinct 3	512	341	171
Evanston Ward 4 Precinct 4	979	571	408
Evanston Ward 4 Precinct 5	363	230	133
Evanston Ward 4 Precinct 6	917	593	324
Evanston Ward 5 Precinct 1	559	463	96
Evanston Ward 5 Precinct 2	915	600	315
Evanston Ward 5 Precinct 3	592	505	87
Evanston Ward 5 Precinct 4	365	322	43
Evanston Ward 6 Precinct 1	1046	647	399
Evanston Ward 6 Precinct 2	531	312	219
Evanston Ward 6 Precinct 3	597	374	223
Evanston Ward 6 Precinct 4	721	469	252
Evanston Ward 6 Precinct 5	916	578	338
Evanston Ward 6 Precinct 6	542	367	175
Evanston Ward 6 Precinct 7	844	546	298
Evanston Ward 7 Precinct 1	1029	634	395
Evanston Ward 7 Precinct 2	1123	722	401
Evanston Ward 7 Precinct 3	415	306	109
Evanston Ward 7 Precinct 4	510	300	210
Evanston Ward 7 Precinct 5	951	569	382
Evanston Ward 7 Precinct 6	155	112	43
Evanston Ward 8 Precinct 1	722	534	188
Evanston Ward 8 Precinct 2	603	486	117
Evanston Ward 8 Precinct 3	495	394	101
Evanston Ward 8 Precinct 4	677	465	212
Evanston Ward 8 Precinct 5	822	620	202
Evanston Ward 9 Precinct 1	553	370	183
Evanston Ward 9 Precinct 2	578	400	178
Evanston Ward 9 Precinct 3	927	617	310
Evanston Ward 9 Precinct 4	746	517	229
Evanston Ward 9 Precinct 5	486	314	172
Evanston Ward 9 Precinct 6	663	462	201
Hanover 1	903	774	129
Hanover 2	699	577	122
Hanover 3	292	227	65
Hanover 4	630	526	104
Hanover 5	633	534	99
Hanover 6	561	489	72
Hanover 7	653	550	103
Hanover 8	579	490	89
Hanover 9	621	479	142
Hanover 10	361	285	76
Hanover 11	592	507	85
Hanover 12	453	397	56
Hanover 13	412	355	57
Hanover 14	722	588	134
Hanover 15	468	417	51
Hanover 16	837	675	162
Hanover 17	483	415	68
Hanover 18	605	521	84
Hanover 19	550	441	109
Hanover 20	983	819	164
Hanover 21	422	342	80
Hanover 22	581	488	93
Hanover 23	627	528	99
Hanover 24	599	504	95
Hanover 25	544	468	76
Hanover 26	860	731	129
Hanover 27	1698	1416	282
Hanover 28	815	709	106
Hanover 29	403	348	55
Hanover 30	634	516	118
Hanover 31	523	441	82
Hanover 32	450	388	62
Hanover 33	622	516	106
Hanover 34	763	642	121
Hanover 35	600	495	105
Hanover 36	448	378	70
Hanover 37	849	692	157
Hanover 38	737	622	115
Hanover 39	714	626	88
Hanover 40	707	585	122
Hanover 41	901	719	182
Hanover 42	635	536	99
Hanover 43	605	498	107
Hanover 44	810	647	163
Lemont 1	673	521	152
Lemont 2	468	380	88
Lemont 3	759	607	152
Lemont 4	669	543	126
Lemont 5	667	536	131
Lemont 6	726	573	153
Lemont 7	552	452	100
Lemont 8	759	602	157
Lemont 9	483	399	84
Lemont 10	493	393	100
Lemont 11	932	746	186
Lemont 12	1122	917	205
Lemont 13	899	727	172
Lemont 14	657	499	158
Leyden 1	366	307	59
Leyden 2	303	269	34
Leyden 3	679	586	93
Leyden 4	493	417	76
Leyden 5	524	433	91
Leyden 6	651	541	110
Leyden 7	287	250	37
Leyden 8	628	514	114
Leyden 9	762	631	131
Leyden 10	697	581	116
Leyden 11	556	453	103
Leyden 12	587	525	62
Leyden 13	575	495	80
Leyden 14	465	395	70
Leyden 15	580	487	93
Leyden 16	611	511	100
Leyden 17	477	397	80
Leyden 18	376	321	55
Leyden 19	536	453	83
Leyden 20	315	267	48
Leyden 21	368	316	52
Leyden 22	453	348	105
Leyden 23	968	686	282
Leyden 24	585	507	78
Leyden 25	372	314	58
Leyden 26	897	725	172
Leyden 27	157	136	21
Leyden 28	282	259	23
Leyden 29	360	304	56
Leyden 30	641	532	109
Leyden 31	565	493	72
Leyden 32	591	487	104
Leyden 33	579	477	102
Leyden 34	470	413	57
Leyden 35	268	229	39
Leyden 36	506	432	74
Leyden 37	382	333	49
Leyden 38	234	217	17
Leyden 39	408	346	62
Leyden 40	502	426	76
Leyden 41	305	269	36
Leyden 42	550	441	109
Leyden 43	391	324	67
Leyden 44	469	398	71
Leyden 45	455	388	67
Leyden 46	462	386	76
Leyden 47	508	441	67
Leyden 48	574	494	80
Leyden 49	803	679	124
Leyden 50	689	568	121
Lyons 1	75	41	34
Lyons 2	483	374	109
Lyons 3	506	434	72
Lyons 4	839	653	186
Lyons 5	596	484	112
Lyons 6	395	312	83
Lyons 7	470	345	125
Lyons 8	310	276	34
Lyons 9	695	478	217
Lyons 10	516	403	113
Lyons 11	450	310	140
Lyons 12	413	326	87
Lyons 13	197	178	19
Lyons 14	740	477	263
Lyons 15	654	424	230
Lyons 16	999	682	317
Lyons 17	390	295	95
Lyons 18	543	356	187
Lyons 19	562	481	81
Lyons 20	947	662	285
Lyons 21	932	632	300
Lyons 22	385	330	55
Lyons 23	678	542	136
Lyons 24	513	349	164
Lyons 25	584	468	116
Lyons 26	390	306	84
Lyons 27	542	395	147
Lyons 28	709	525	184
Lyons 29	461	379	82
Lyons 30	122	104	18
Lyons 31	615	455	160
Lyons 32	253	207	46
Lyons 33	228	185	43
Lyons 34	271	209	62
Lyons 35	530	451	79
Lyons 36	617	485	132
Lyons 37	424	365	59
Lyons 38	256	226	30
Lyons 39	610	406	204
Lyons 40	504	373	131
Lyons 41	414	315	99
Lyons 42	573	408	165
Lyons 43	525	355	170
Lyons 44	950	675	275
Lyons 45	807	629	178
Lyons 46	501	415	86
Lyons 47	596	438	158
Lyons 48	534	456	78
Lyons 49	392	299	93
Lyons 50	651	481	170
Lyons 51	458	379	79
Lyons 52	610	491	119
Lyons 53	604	436	168
Lyons 54	333	271	62
Lyons 55	658	470	188
Lyons 56	754	645	109
Lyons 57	546	463	83
Lyons 58	512	440	72
Lyons 59	509	449	60
Lyons 60	709	590	119
Lyons 61	611	483	128
Lyons 62	294	213	81
Lyons 63	863	678	185
Lyons 64	538	468	70
Lyons 65	683	569	114
Lyons 66	371	321	50
Lyons 67	620	509	111
Lyons 68	448	382	66
Lyons 69	769	536	233
Lyons 70	434	371	63
Lyons 71	285	249	36
Lyons 72	768	548	220
Lyons 73	545	418	127
Lyons 74	320	277	43
Lyons 75	417	370	47
Lyons 76	495	442	53
Lyons 77	436	375	61
Lyons 78	409	333	76
Maine 1	442	385	57
Maine 2	453	387	66
Maine 3	314	265	49
Maine 4	585	442	143
Maine 5	691	579	112
Maine 6	821	607	214
Maine 7	444	359	85
Maine 8	630	504	126
Maine 9	922	754	168
Maine 10	453	334	119
Maine 11	399	312	87
Maine 12	414	306	108
Maine 13	590	486	104
Maine 14	727	552	175
Maine 15	340	286	54
Maine 16	430	328	102
Maine 17	570	446	124
Maine 18	482	389	93
Maine 19	389	334	55
Maine 20	332	240	92
Maine 21	789	578	211
Maine 22	754	579	175
Maine 23	535	458	77
Maine 24	807	580	227
Maine 25	689	484	205
Maine 26	489	381	108
Maine 27	407	301	106
Maine 28	307	274	33
Maine 29	886	671	215
Maine 30	1352	919	433
Maine 31	566	444	122
Maine 32	368	299	69
Maine 33	448	386	62
Maine 34	727	581	146
Maine 35	517	395	122
Maine 36	558	420	138
Maine 37	624	476	148
Maine 38	461	379	82
Maine 39	625	528	97
Maine 40	550	464	86
Maine 41	492	414	78
Maine 42	855	620	235
Maine 43	497	347	150
Maine 44	426	316	110
Maine 45	264	225	39
Maine 46	606	501	105
Maine 47	615	503	112
Maine 48	656	506	150
Maine 49	590	481	109
Maine 50	537	391	146
Maine 51	541	471	70
Maine 52	507	388	119
Maine 53	501	403	98
Maine 54	621	437	184
Maine 55	502	405	97
Maine 56	710	596	114
Maine 57	348	303	45
Maine 58	654	533	121
Maine 59	566	477	89
Maine 60	1023	770	253
Maine 61	359	276	83
Maine 62	300	246	54
Maine 63	418	352	66
Maine 64	427	363	64
Maine 65	430	337	93
Maine 66	258	223	35
Maine 67	850	639	211
Maine 68	404	330	74
Maine 69	546	463	83
Maine 70	594	514	80
Maine 71	287	235	52
Maine 72	471	387	84
Maine 73	219	189	30
Maine 74	465	381	84
Maine 75	522	430	92
Maine 76	317	250	67
Maine 77	855	649	206
Maine 78	438	355	83
Maine 79	535	463	72
Maine 80	500	396	104
Maine 81	366	303	63
Maine 82	507	401	106
Maine 83	432	333	99
Maine 84	308	257	51
Maine 85	324	253	71
Maine 86	480	418	62
Maine 87	390	281	109
Maine 88	397	308	89
Maine 89	375	321	54
Maine 90	310	264	46
Maine 91	834	655	179
Maine 92	395	339	56
New Trier 1	963	640	323
New Trier 2	1005	691	314
New Trier 3	709	484	225
New Trier 4	860	573	287
New Trier 5	551	323	228
New Trier 6	503	311	192
New Trier 7	670	454	216
New Trier 8	561	387	174
New Trier 9	729	508	221
New Trier 10	670	424	246
New Trier 11	835	593	242
New Trier 12	807	535	272
New Trier 13	878	663	215
New Trier 14	785	543	242
New Trier 15	936	654	282
New Trier 16	933	628	305
New Trier 17	675	464	211
New Trier 18	540	351	189
New Trier 19	543	380	163
New Trier 20	942	686	256
New Trier 21	730	513	217
New Trier 22	687	508	179
New Trier 23	721	504	217
New Trier 24	817	619	198
New Trier 25	630	416	214
New Trier 26	541	345	196
New Trier 27	706	431	275
New Trier 28	617	445	172
New Trier 29	655	429	226
New Trier 30	890	586	304
New Trier 31	712	454	258
New Trier 32	659	421	238
New Trier 33	833	559	274
New Trier 34	551	431	120
New Trier 35	426	288	138
New Trier 36	890	550	340
New Trier 37	683	412	271
New Trier 38	697	434	263
New Trier 39	463	362	101
New Trier 40	465	308	157
New Trier 41	574	395	179
Niles 1	627	517	110
Niles 2	727	607	120
Niles 3	976	733	243
Niles 4	498	416	82
Niles 5	373	284	89
Niles 6	580	433	147
Niles 7	901	745	156
Niles 8	299	216	83
Niles 9	399	343	56
Niles 10	606	476	130
Niles 11	359	287	72
Niles 12	427	379	48
Niles 13	698	576	122
Niles 14	695	522	173
Niles 15	693	589	104
Niles 16	845	681	164
Niles 17	703	542	161
Niles 18	371	270	101
Niles 19	665	474	191
Niles 20	576	466	110
Niles 21	891	679	212
Niles 22	552	454	98
Niles 23	626	483	143
Niles 24	699	579	120
Niles 25	384	318	66
Niles 26	678	557	121
Niles 27	583	506	77
Niles 28	675	460	215
Niles 29	372	305	67
Niles 30	468	369	99
Niles 31	670	501	169
Niles 32	266	234	32
Niles 33	722	575	147
Niles 34	630	527	103
Niles 35	668	545	123
Niles 36	409	324	85
Niles 37	603	481	122
Niles 38	1055	860	195
Niles 39	723	566	157
Niles 40	332	257	75
Niles 41	711	571	140
Niles 42	553	453	100
Niles 43	801	686	115
Niles 44	709	586	123
Niles 45	498	396	102
Niles 46	651	525	126
Niles 47	357	265	92
Niles 48	588	498	90
Niles 49	783	546	237
Niles 50	677	561	116
Niles 51	357	282	75
Niles 52	479	385	94
Niles 53	846	683	163
Niles 54	410	319	91
Niles 55	400	300	100
Niles 56	749	584	165
Niles 57	751	614	137
Niles 58	678	543	135
Niles 59	841	670	171
Niles 60	831	676	155
Niles 61	793	649	144
Niles 62	387	329	58
Niles 63	725	547	178
Niles 64	817	628	189
Northfield 1	655	559	96
Northfield 2	664	444	220
Northfield 3	447	349	98
Northfield 4	653	500	153
Northfield 5	496	386	110
Northfield 6	688	501	187
Northfield 7	846	619	227
Northfield 8	728	541	187
Northfield 9	495	342	153
Northfield 10	567	427	140
Northfield 11	400	301	99
Northfield 12	1057	776	281
Northfield 13	604	470	134
Northfield 14	549	430	119
Northfield 15	542	391	151
Northfield 16	808	604	204
Northfield 17	597	461	136
Northfield 18	913	644	269
Northfield 19	703	529	174
Northfield 20	668	528	140
Northfield 21	951	687	264
Northfield 22	725	546	179
Northfield 23	503	346	157
Northfield 24	605	452	153
Northfield 25	590	471	119
Northfield 26	602	467	135
Northfield 27	586	460	126
Northfield 28	981	727	254
Northfield 29	595	451	144
Northfield 30	720	484	236
Northfield 31	819	591	228
Northfield 32	934	717	217
Northfield 33	402	345	57
Northfield 34	471	341	130
Northfield 35	683	500	183
Northfield 36	486	352	134
Northfield 37	765	534	231
Northfield 38	537	401	136
Northfield 39	368	277	91
Northfield 40	429	354	75
Northfield 41	591	439	152
Northfield 42	582	445	137
Northfield 43	708	548	160
Northfield 44	423	308	115
Northfield 45	826	589	237
Northfield 46	896	655	241
Northfield 47	867	647	220
Northfield 48	655	508	147
Northfield 49	521	369	152
Northfield 50	793	615	178
Northfield 51	1489	1124	365
Northfield 52	628	440	188
Northfield 53	691	533	158
Northfield 54	543	422	121
Northfield 55	525	425	100
Northfield 56	849	652	197
Northfield 57	458	358	100
Northfield 58	369	294	75
Northfield 59	631	517	114
Northfield 60	731	560	171
Northfield 61	492	365	127
Northfield 62	756	584	172
Norwood Park 1	625	517	108
Norwood Park 2	608	502	106
Norwood Park 3	651	484	167
Norwood Park 4	690	568	122
Norwood Park 5	497	415	82
Norwood Park 6	759	596	163
Norwood Park 7	513	402	111
Norwood Park 8	418	345	73
Norwood Park 9	426	336	90
Norwood Park 10	419	346	73
Norwood Park 11	824	605	219
Norwood Park 12	447	379	68
Norwood Park 13	500	397	103
Norwood Park 14	526	394	132
Norwood Park 15	429	370	59
Norwood Park 16	414	344	70
Norwood Park 17	532	442	90
Oak Park 1	547	388	159
Oak Park 2	893	601	292
Oak Park 3	972	625	347
Oak Park 4	831	578	253
Oak Park 5	819	537	282
Oak Park 6	897	688	209
Oak Park 7	569	389	180
Oak Park 8	693	476	217
Oak Park 9	507	348	159
Oak Park 10	728	519	209
Oak Park 11	653	458	195
Oak Park 12	416	287	129
Oak Park 13	737	517	220
Oak Park 14	797	510	287
Oak Park 15	965	679	286
Oak Park 16	1039	703	336
Oak Park 17	1015	675	340
Oak Park 18	648	445	203
Oak Park 19	734	522	212
Oak Park 20	990	696	294
Oak Park 21	564	418	146
Oak Park 22	508	379	129
Oak Park 23	708	475	233
Oak Park 24	552	339	213
Oak Park 25	682	449	233
Oak Park 26	630	404	226
Oak Park 27	256	176	80
Oak Park 28	936	706	230
Oak Park 29	661	435	226
Oak Park 30	781	588	193
Oak Park 31	1090	739	351
Oak Park 32	508	341	167
Oak Park 33	681	506	175
Oak Park 34	659	464	195
Oak Park 35	920	616	304
Oak Park 36	858	561	297
Oak Park 37	499	357	142
Orland 1	835	691	144
Orland 2	748	623	125
Orland 3	368	318	50
Orland 4	461	367	94
Orland 5	459	385	74
Orland 6	404	344	60
Orland 7	385	315	70
Orland 8	500	437	63
Orland 9	745	640	105
Orland 10	620	491	129
Orland 11	418	350	68
Orland 12	302	259	43
Orland 13	798	684	114
Orland 14	679	587	92
Orland 15	803	629	174
Orland 16	636	499	137
Orland 17	418	360	58
Orland 18	742	603	139
Orland 19	446	375	71
Orland 20	347	285	62
Orland 21	773	615	158
Orland 22	587	501	86
Orland 23	509	397	112
Orland 24	546	460	86
Orland 25	992	807	185
Orland 26	540	440	100
Orland 27	423	343	80
Orland 28	465	366	99
Orland 29	915	718	197
Orland 30	410	322	88
Orland 31	477	383	94
Orland 32	402	332	70
Orland 33	477	385	92
Orland 34	677	560	117
Orland 35	665	547	118
Orland 36	709	596	113
Orland 37	691	572	119
Orland 38	343	283	60
Orland 39	517	421	96
Orland 40	700	578	122
Orland 41	568	487	81
Orland 42	690	555	135
Orland 43	554	455	99
Orland 44	508	416	92
Orland 45	572	466	106
Orland 46	489	401	88
Orland 47	856	680	176
Orland 48	629	515	114
Orland 49	447	377	70
Orland 50	518	442	76
Orland 51	731	586	145
Orland 52	623	492	131
Orland 53	513	385	128
Orland 54	825	665	160
Orland 55	521	401	120
Orland 56	549	443	106
Orland 57	638	522	116
Orland 58	649	528	121
Orland 59	649	516	133
Orland 60	456	370	86
Orland 61	513	424	89
Orland 62	645	530	115
Orland 63	695	581	114
Orland 64	821	679	142
Orland 65	559	463	96
Orland 66	584	483	101
Orland 67	412	340	72
Orland 68	473	384	89
Orland 69	372	323	49
Orland 70	737	618	119
Orland 71	570	470	100
Orland 72	494	389	105
Orland 73	807	658	149
Orland 74	406	335	71
Orland 75	722	570	152
Palatine 1	460	351	109
Palatine 2	787	588	199
Palatine 3	545	399	146
Palatine 4	441	357	84
Palatine 5	814	628	186
Palatine 6	714	541	173
Palatine 7	648	480	168
Palatine 8	699	505	194
Palatine 9	624	446	178
Palatine 10	770	553	217
Palatine 11	557	427	130
Palatine 12	570	438	132
Palatine 13	580	465	115
Palatine 14	579	428	151
Palatine 15	718	567	151
Palatine 16	504	413	91
Palatine 17	607	431	176
Palatine 18	449	336	113
Palatine 19	648	473	175
Palatine 20	538	443	95
Palatine 21	804	634	170
Palatine 22	638	499	139
Palatine 23	480	339	141
Palatine 24	712	556	156
Palatine 25	507	384	123
Palatine 26	813	591	222
Palatine 27	480	380	100
Palatine 28	436	338	98
Palatine 29	779	609	170
Palatine 30	493	394	99
Palatine 31	454	312	142
Palatine 32	649	475	174
Palatine 33	404	331	73
Palatine 34	806	641	165
Palatine 35	581	410	171
Palatine 36	572	437	135
Palatine 37	714	543	171
Palatine 38	613	428	185
Palatine 39	888	674	214
Palatine 40	943	710	233
Palatine 41	842	609	233
Palatine 42	777	598	179
Palatine 43	544	428	116
Palatine 44	805	588	217
Palatine 45	526	360	166
Palatine 46	720	518	202
Palatine 47	643	497	146
Palatine 48	544	390	154
Palatine 49	492	361	131
Palatine 50	897	663	234
Palatine 51	376	292	84
Palatine 52	646	459	187
Palatine 53	500	376	124
Palatine 54	831	584	247
Palatine 55	462	328	134
Palatine 56	710	553	157
Palatine 57	851	631	220
Palatine 58	570	460	110
Palatine 59	864	656	208
Palatine 60	596	467	129
Palatine 61	421	354	67
Palatine 62	484	386	98
Palatine 63	652	493	159
Palatine 64	618	514	104
Palatine 65	534	413	121
Palatine 66	640	532	108
Palatine 67	570	420	150
Palatine 68	577	422	155
Palatine 69	582	452	130
Palos 1	415	323	92
Palos 2	470	351	119
Palos 3	508	406	102
Palos 4	444	377	67
Palos 5	397	342	55
Palos 6	354	303	51
Palos 7	606	513	93
Palos 8	265	224	41
Palos 9	451	315	136
Palos 10	752	557	195
Palos 11	613	503	110
Palos 12	518	437	81
Palos 13	623	498	125
Palos 14	358	290	68
Palos 15	602	465	137
Palos 16	774	586	188
Palos 17	674	560	114
Palos 18	620	518	102
Palos 19	661	552	109
Palos 20	643	523	120
Palos 21	354	283	71
Palos 22	107	91	16
Palos 23	426	363	63
Palos 24	400	307	93
Palos 25	377	322	55
Palos 26	364	295	69
Palos 27	604	488	116
Palos 28	493	438	55
Palos 29	625	506	119
Palos 30	691	527	164
Palos 31	673	556	117
Palos 32	303	264	39
Palos 33	664	526	138
Palos 34	411	353	58
Palos 35	785	639	146
Palos 36	667	543	124
Palos 37	701	546	155
Palos 38	566	463	103
Palos 39	722	584	138
Proviso 1	443	373	70
Proviso 2	437	362	75
Proviso 3	569	467	102
Proviso 4	512	427	85
Proviso 5	501	433	68
Proviso 6	432	344	88
Proviso 7	118	107	11
Proviso 8	331	274	57
Proviso 9	447	389	58
Proviso 10	416	365	51
Proviso 11	475	422	53
Proviso 12	620	534	86
Proviso 13	535	446	89
Proviso 14	412	369	43
Proviso 15	468	409	59
Proviso 16	510	435	75
Proviso 17	332	281	51
Proviso 18	677	589	88
Proviso 19	563	494	69
Proviso 20	454	394	60
Proviso 21	468	365	103
Proviso 22	407	367	40
Proviso 23	266	179	87
Proviso 24	891	604	287
Proviso 25	678	505	173
Proviso 26	694	476	218
Proviso 27	664	510	154
Proviso 28	596	467	129
Proviso 29	799	573	226
Proviso 30	520	461	59
Proviso 31	324	282	42
Proviso 32	720	569	151
Proviso 33	582	476	106
Proviso 34	765	638	127
Proviso 35	692	529	163
Proviso 36	522	451	71
Proviso 37	347	301	46
Proviso 38	492	415	77
Proviso 39	609	525	84
Proviso 40	486	419	67
Proviso 41	444	390	54
Proviso 42	333	296	37
Proviso 43	348	295	53
Proviso 44	376	315	61
Proviso 45	480	424	56
Proviso 46	176	135	41
Proviso 47	323	268	55
Proviso 48	598	518	80
Proviso 49	345	293	52
Proviso 50	783	623	160
Proviso 51	608	479	129
Proviso 52	385	345	40
Proviso 53	484	418	66
Proviso 54	919	696	223
Proviso 55	574	399	175
Proviso 56	333	275	58
Proviso 57	469	361	108
Proviso 58	306	258	48
Proviso 59	464	368	96
Proviso 60	387	342	45
Proviso 61	588	474	114
Proviso 62	636	464	172
Proviso 63	701	543	158
Proviso 64	495	435	60
Proviso 65	441	346	95
Proviso 66	677	537	140
Proviso 67	748	556	192
Proviso 68	380	293	87
Proviso 69	451	392	59
Proviso 70	501	382	119
Proviso 71	846	709	137
Proviso 72	481	366	115
Proviso 73	488	382	106
Proviso 74	507	403	104
Proviso 75	661	527	134
Proviso 76	613	496	117
Proviso 77	366	281	85
Proviso 78	233	208	25
Proviso 79	402	331	71
Proviso 80	369	341	28
Proviso 81	407	334	73
Proviso 82	699	623	76
Proviso 83	604	531	73
Proviso 84	422	309	113
Proviso 85	655	501	154
Proviso 86	517	449	68
Proviso 87	601	526	75
Proviso 88	286	245	41
Proviso 89	469	371	98
Proviso 90	958	748	210
Proviso 91	453	381	72
Proviso 92	716	556	160
Proviso 93	413	355	58
Proviso 94	422	383	39
Proviso 95	427	369	58
Proviso 96	368	277	91
Proviso 97	817	644	173
Proviso 98	550	465	85
Proviso 99	523	448	75
Proviso 100	713	596	117
Proviso 101	507	390	117
Proviso 102	648	521	127
Rich 1	1962	1693	269
Rich 2	550	456	94
Rich 3	798	650	148
Rich 4	502	438	64
Rich 5	740	601	139
Rich 6	804	677	127
Rich 7	562	490	72
Rich 8	978	842	136
Rich 9	744	644	100
Rich 10	487	419	68
Rich 11	564	457	107
Rich 12	693	577	116
Rich 13	399	352	47
Rich 14	538	460	78
Rich 15	857	733	124
Rich 16	502	427	75
Rich 17	591	518	73
Rich 18	664	572	92
Rich 19	418	359	59
Rich 20	1002	844	158
Rich 21	739	633	106
Rich 22	617	542	75
Rich 23	818	691	127
Rich 24	674	582	92
Rich 25	891	782	109
Rich 26	707	607	100
Rich 27	621	533	88
Rich 28	526	445	81
Rich 29	608	477	131
Rich 30	793	695	98
Rich 31	527	384	143
Rich 32	785	668	117
Rich 33	499	374	125
Rich 34	522	422	100
Rich 35	462	373	89
Rich 36	1272	1106	166
Rich 37	462	407	55
Rich 38	579	501	78
Rich 39	662	562	100
Rich 40	554	470	84
Rich 41	429	362	67
Rich 42	551	482	69
Rich 43	647	568	79
Rich 44	483	420	63
Rich 45	774	625	149
Rich 46	821	743	78
Rich 47	949	829	120
Rich 48	649	557	92
Rich 49	623	534	89
Rich 50	340	296	44
Rich 51	547	467	80
River Forest 1	924	682	242
River Forest 2	637	407	230
River Forest 3	643	476	167
River Forest 4	731	475	256
River Forest 5	483	336	147
River Forest 6	477	317	160
River Forest 7	673	454	219
River Forest 8	841	598	243
Riverside 1	686	462	224
Riverside 2	82	72	10
Riverside 3	410	287	123
Riverside 4	857	591	266
Riverside 5	444	329	115
Riverside 6	499	414	85
Riverside 7	442	362	80
Riverside 8	736	515	221
Riverside 9	552	357	195
Riverside 10	741	519	222
Riverside 11	821	601	220
Riverside 12	413	317	96
Riverside 13	703	571	132
Schaumburg 1	1025	838	187
Schaumburg 2	910	780	130
Schaumburg 3	613	475	138
Schaumburg 4	385	330	55
Schaumburg 5	314	238	76
Schaumburg 6	564	472	92
Schaumburg 7	438	370	68
Schaumburg 8	491	400	91
Schaumburg 9	478	398	80
Schaumburg 10	404	351	53
Schaumburg 11	566	466	100
Schaumburg 12	648	551	97
Schaumburg 13	474	386	88
Schaumburg 14	705	577	128
Schaumburg 15	591	484	107
Schaumburg 16	773	651	122
Schaumburg 17	648	526	122
Schaumburg 18	530	454	76
Schaumburg 19	440	349	91
Schaumburg 20	480	359	121
Schaumburg 21	819	642	177
Schaumburg 22	659	552	107
Schaumburg 23	668	563	105
Schaumburg 24	703	572	131
Schaumburg 25	659	550	109
Schaumburg 26	701	580	121
Schaumburg 27	457	387	70
Schaumburg 28	767	606	161
Schaumburg 29	693	541	152
Schaumburg 30	544	434	110
Schaumburg 31	834	658	176
Schaumburg 32	719	572	147
Schaumburg 33	499	395	104
Schaumburg 34	712	595	117
Schaumburg 35	458	369	89
Schaumburg 36	447	363	84
Schaumburg 37	431	346	85
Schaumburg 38	539	458	81
Schaumburg 39	858	685	173
Schaumburg 40	587	463	124
Schaumburg 41	580	455	125
Schaumburg 42	704	603	101
Schaumburg 43	521	458	63
Schaumburg 44	731	644	87
Schaumburg 45	652	555	97
Schaumburg 46	459	375	84
Schaumburg 47	576	483	93
Schaumburg 48	537	451	86
Schaumburg 49	438	367	71
Schaumburg 50	484	373	111
Schaumburg 51	464	379	85
Schaumburg 52	797	653	144
Schaumburg 53	614	500	114
Schaumburg 54	741	610	131
Schaumburg 55	550	445	105
Schaumburg 56	665	520	145
Schaumburg 57	806	653	153
Schaumburg 58	421	356	65
Schaumburg 59	779	619	160
Schaumburg 60	433	367	66
Schaumburg 61	873	728	145
Schaumburg 62	675	573	102
Schaumburg 63	529	424	105
Schaumburg 64	569	445	124
Schaumburg 65	501	385	116
Schaumburg 66	561	444	117
Schaumburg 67	551	458	93
Schaumburg 68	540	454	86
Schaumburg 69	501	405	96
Schaumburg 70	498	408	90
Schaumburg 71	599	496	103
Schaumburg 72	589	481	108
Schaumburg 73	719	604	115
Schaumburg 74	481	385	96
Schaumburg 75	532	418	114
Schaumburg 76	583	466	117
Schaumburg 77	796	655	141
Schaumburg 78	526	443	83
Stickney 1	297	242	55
Stickney 2	448	368	80
Stickney 3	827	704	123
Stickney 4	629	533	96
Stickney 5	707	605	102
Stickney 6	821	695	126
Stickney 7	339	282	57
Stickney 8	548	478	70
Stickney 9	528	451	77
Stickney 10	678	575	103
Stickney 11	607	493	114
Stickney 12	605	516	89
Stickney 13	460	404	56
Stickney 14	713	596	117
Stickney 15	616	525	91
Stickney 16	632	526	106
Stickney 17	441	377	64
Stickney 18	301	258	43
Stickney 19	515	442	73
Stickney 20	450	384	66
Thornton 1	264	239	25
Thornton 2	258	234	24
Thornton 3	524	447	77
Thornton 4	543	467	76
Thornton 5	417	352	65
Thornton 6	616	555	61
Thornton 7	450	384	66
Thornton 8	515	443	72
Thornton 9	229	204	25
Thornton 10	495	437	58
Thornton 11	298	249	49
Thornton 12	409	366	43
Thornton 13	466	389	77
Thornton 14	517	443	74
Thornton 15	441	393	48
Thornton 16	545	468	77
Thornton 17	598	537	61
Thornton 18	835	731	104
Thornton 19	686	619	67
Thornton 20	395	327	68
Thornton 21	725	627	98
Thornton 22	486	433	53
Thornton 23	472	386	86
Thornton 24	567	430	137
Thornton 25	561	440	121
Thornton 26	495	412	83
Thornton 27	627	557	70
Thornton 28	425	358	67
Thornton 29	318	272	46
Thornton 30	250	227	23
Thornton 31	216	195	21
Thornton 32	389	341	48
Thornton 33	475	419	56
Thornton 34	668	585	83
Thornton 35	654	572	82
Thornton 36	295	254	41
Thornton 37	639	562	77
Thornton 38	667	579	88
Thornton 39	342	306	36
Thornton 40	368	319	49
Thornton 41	355	310	45
Thornton 42	318	281	37
Thornton 43	455	387	68
Thornton 44	353	314	39
Thornton 45	398	339	59
Thornton 46	559	495	64
Thornton 47	424	377	47
Thornton 48	455	394	61
Thornton 49	274	244	30
Thornton 50	439	382	57
Thornton 51	431	375	56
Thornton 52	488	408	80
Thornton 53	340	295	45
Thornton 54	759	681	78
Thornton 55	340	293	47
Thornton 56	552	490	62
Thornton 57	423	366	57
Thornton 58	569	484	85
Thornton 59	390	335	55
Thornton 60	307	276	31
Thornton 61	341	303	38
Thornton 62	187	158	29
Thornton 63	304	270	34
Thornton 64	391	341	50
Thornton 65	709	627	82
Thornton 66	737	617	120
Thornton 67	682	529	153
Thornton 68	598	526	72
Thornton 69	373	336	37
Thornton 70	269	233	36
Thornton 71	310	280	30
Thornton 72	434	391	43
Thornton 73	757	665	92
Thornton 74	546	487	59
Thornton 75	436	385	51
Thornton 76	581	515	66
Thornton 77	793	710	83
Thornton 78	545	476	69
Thornton 79	640	556	84
Thornton 80	440	382	58
Thornton 81	489	424	65
Thornton 82	515	422	93
Thornton 83	642	573	69
Thornton 84	602	534	68
Thornton 85	411	369	42
Thornton 86	392	339	53
Thornton 87	634	541	93
Thornton 88	463	412	51
Thornton 89	689	609	80
Thornton 90	522	452	70
Thornton 91	488	428	60
Thornton 92	600	524	76
Thornton 93	321	266	55
Thornton 94	561	502	59
Thornton 95	364	316	48
Thornton 96	398	352	46
Thornton 97	295	258	37
Thornton 98	230	203	27
Thornton 99	413	370	43
Thornton 100	314	273	41
Thornton 101	435	395	40
Thornton 102	319	289	30
Thornton 103	304	268	36
Thornton 104	244	206	38
Thornton 105	447	400	47
Thornton 106	351	303	48
Thornton 107	656	568	88
Thornton 108	308	273	35
Thornton 109	373	331	42
Thornton 110	295	251	44
Thornton 111	372	324	48
Thornton 112	298	267	31
Thornton 113	272	234	38
Thornton 114	575	500	75
Thornton 115	489	427	62
Thornton 116	559	491	68
Thornton 117	617	543	74
Thornton 118	495	415	80
Thornton 119	557	476	81
Thornton 120	766	673	93
Thornton 121	398	350	48
Thornton 122	720	628	92
Thornton 123	395	355	40
Wheeling 1	521	427	94
Wheeling 2	479	353	126
Wheeling 3	576	433	143
Wheeling 4	450	372	78
Wheeling 5	590	421	169
Wheeling 6	402	311	91
Wheeling 7	845	570	275
Wheeling 8	414	283	131
Wheeling 9	481	400	81
Wheeling 10	738	529	209
Wheeling 11	790	600	190
Wheeling 12	888	687	201
Wheeling 13	571	439	132
Wheeling 14	529	370	159
Wheeling 15	539	391	148
Wheeling 16	226	186	40
Wheeling 17	567	477	90
Wheeling 18	561	400	161
Wheeling 19	810	551	259
Wheeling 20	710	472	238
Wheeling 21	455	321	134
Wheeling 22	687	521	166
Wheeling 23	593	423	170
Wheeling 24	457	331	126
Wheeling 25	734	524	210
Wheeling 26	872	581	291
Wheeling 27	976	762	214
Wheeling 28	828	641	187
Wheeling 29	383	301	82
Wheeling 30	849	655	194
Wheeling 31	467	353	114
Wheeling 32	434	326	108
Wheeling 33	372	306	66
Wheeling 34	818	579	239
Wheeling 35	594	422	172
Wheeling 36	904	643	261
Wheeling 37	651	536	115
Wheeling 38	631	497	134
Wheeling 39	663	494	169
Wheeling 40	671	544	127
Wheeling 41	1030	726	304
Wheeling 42	790	640	150
Wheeling 43	597	479	118
Wheeling 44	745	552	193
Wheeling 45	480	331	149
Wheeling 46	1002	777	225
Wheeling 47	538	433	105
Wheeling 48	548	431	117
Wheeling 49	684	556	128
Wheeling 50	465	379	86
Wheeling 51	686	527	159
Wheeling 52	489	374	115
Wheeling 53	711	522	189
Wheeling 54	703	529	174
Wheeling 55	562	422	140
Wheeling 56	514	377	137
Wheeling 57	683	472	211
Wheeling 58	517	406	111
Wheeling 59	670	525	145
Wheeling 60	469	340	129
Wheeling 61	752	594	158
Wheeling 62	757	582	175
Wheeling 63	474	388	86
Wheeling 64	876	674	202
Wheeling 65	786	597	189
Wheeling 66	768	588	180
Wheeling 67	374	293	81
Wheeling 68	405	300	105
Wheeling 69	596	453	143
Wheeling 70	787	625	162
Wheeling 71	971	739	232
Wheeling 72	585	444	141
Wheeling 73	657	503	154
Wheeling 74	441	360	81
Wheeling 75	644	515	129
Wheeling 76	760	641	119
Wheeling 77	269	234	35
Wheeling 78	946	709	237
Wheeling 79	538	442	96
Wheeling 80	539	455	84
Wheeling 81	492	370	122
Wheeling 82	811	606	205
Wheeling 83	908	660	248
Wheeling 84	747	589	158
Wheeling 85	478	375	103
Wheeling 86	678	525	153
Wheeling 87	576	428	148
Wheeling 88	616	528	88
Wheeling 89	383	309	74
Wheeling 90	608	458	150
Wheeling 91	753	585	168
Wheeling 92	1029	771	258
Worth 1	313	274	39
Worth 2	651	542	109
Worth 3	609	484	125
Worth 4	799	682	117
Worth 5	653	519	134
Worth 6	656	555	101
Worth 7	617	497	120
Worth 8	648	561	87
Worth 9	646	532	114
Worth 10	653	542	111
Worth 11	621	518	103
Worth 12	393	323	70
Worth 13	616	493	123
Worth 14	531	447	84
Worth 15	781	680	101
Worth 16	768	616	152
Worth 17	605	500	105
Worth 18	480	363	117
Worth 19	589	469	120
Worth 20	417	357	60
Worth 21	819	695	124
Worth 22	457	371	86
Worth 23	629	523	106
Worth 24	337	286	51
Worth 25	721	609	112
Worth 26	441	371	70
Worth 27	479	380	99
Worth 28	398	336	62
Worth 29	456	373	83
Worth 30	602	489	113
Worth 31	700	567	133
Worth 32	385	293	92
Worth 33	575	475	100
Worth 34	565	493	72
Worth 35	676	550	126
Worth 36	576	456	120
Worth 37	417	349	68
Worth 38	585	462	123
Worth 39	575	446	129
Worth 40	643	547	96
Worth 41	322	259	63
Worth 42	529	449	80
Worth 43	316	283	33
Worth 44	400	341	59
Worth 45	473	373	100
Worth 46	738	634	104
Worth 47	343	297	46
Worth 48	435	360	75
Worth 49	367	315	52
Worth 50	639	538	101
Worth 51	442	379	63
Worth 52	399	328	71
Worth 53	628	509	119
Worth 54	638	521	117
Worth 55	368	304	64
Worth 56	667	517	150
Worth 57	590	477	113
Worth 58	671	544	127
Worth 59	706	614	92
Worth 60	363	288	75
Worth 61	518	437	81
Worth 62	348	279	69
Worth 63	578	476	102
Worth 64	840	684	156
Worth 65	844	679	165
Worth 66	426	333	93
Worth 67	394	330	64
Worth 68	435	376	59
Worth 69	638	500	138
Worth 70	689	557	132
Worth 71	472	392	80
Worth 72	672	556	116
Worth 73	367	320	47
Worth 74	326	267	59
Worth 75	687	553	134
Worth 76	289	248	41
Worth 77	594	476	118
Worth 78	670	557	113
Worth 79	428	355	73
Worth 80	611	511	100
Worth 81	437	354	83
Worth 82	584	484	100
Worth 83	233	198	35
Worth 84	600	489	111
Worth 85	586	492	94
Worth 86	575	481	94
Worth 87	510	412	98
Worth 88	353	289	64
Worth 89	781	617	164
Worth 90	574	489	85
Worth 91	350	287	63
Worth 92	627	522	105
Worth 93	359	286	73
Worth 94	667	550	117
Worth 95	621	465	156
Worth 96	691	584	107
Worth 97	409	376	33
Worth 98	670	544	126
Worth 99	384	329	55
Worth 100	629	519	110
