Precinct	total_votes	votes|YES	votes|NO
01001	478	283	195
01002	516	293	223
01003	632	440	192
01004	610	418	192
01005	573	391	182
01006	514	336	178
01007	388	253	135
01008	461	299	162
01009	399	247	152
01010	652	454	198
01011	589	426	163
01012	614	419	195
01013	229	151	78
01014	533	371	162
01015	461	316	145
01016	494	302	192
01017	450	260	190
01018	548	338	210
01019	599	396	203
01020	410	239	171
01021	633	462	171
01022	339	217	122
01023	706	420	286
01024	458	288	170
01025	501	349	152
01026	380	210	170
01027	572	365	207
01028	149	89	60
01029	507	322	185
01030	589	339	250
01031	528	343	185
01032	528	366	162
01033	584	399	185
01034	466	307	159
01035	646	413	233
01036	584	412	172
01037	557	374	183
01038	540	353	187
01039	452	314	138
01040	523	356	167
01041	283	166	117
01042	171	96	75
01043	352	217	135
01044	425	267	158
02001	602	426	176
02002	456	341	115
02003	646	449	197
02004	481	322	159
02005	678	456	222
02006	555	382	173
02007	534	388	146
02008	655	461	194
02009	501	384	117
02010	494	381	113
02011	593	478	115
02012	527	359	168
02013	533	415	118
02014	509	339	170
02015	524	369	155
02016	505	356	149
02017	631	423	208
02018	552	398	154
02019	391	298	93
02020	654	511	143
02021	552	371	181
02022	625	487	138
02023	401	321	80
02024	531	401	130
02025	614	430	184
02026	496	378	118
02027	529	395	134
02028	643	480	163
02029	632	446	186
02030	489	364	125
02031	724	528	196
02032	509	365	144
02033	813	594	219
02034	473	370	103
02035	743	554	189
02036	447	329	118
02037	497	370	127
02038	535	412	123
02039	389	293	96
02040	578	386	192
02041	598	463	135
02042	624	425	199
02043	777	560	217
02044	380	272	108
02045	531	362	169
02046	353	272	81
03001	628	335	293
03002	572	314	258
03003	430	254	176
03004	586	279	307
03005	395	218	177
03006	683	486	197
03007	386	215	171
03008	521	294	227
03009	565	283	282
03010	227	115	112
03011	542	259	283
03012	498	250	248
03013	673	504	169
03014	491	322	169
03015	563	306	257
03016	555	297	258
03017	683	413	270
03018	776	444	332
03019	654	468	186
03020	556	321	235
03021	593	390	203
03022	769	519	250
03023	500	276	224
03024	475	267	208
03025	917	691	226
03026	665	475	190
03027	716	503	213
03028	323	173	150
03029	626	364	262
03030	532	281	251
03031	671	345	326
03032	625	416	209
03033	678	438	240
03034	699	476	223
03035	257	141	116
03036	339	207	132
03037	510	292	218
03038	421	240	181
03039	770	554	216
03040	627	378	249
03041	417	243	174
04001	671	411	260
04002	692	491	201
04003	517	295	222
04004	728	381	347
04005	541	272	269
04006	626	365	261
04007	428	223	205
04008	633	330	303
04009	603	293	310
04010	631	305	326
04011	606	320	286
04012	619	317	302
04013	631	411	220
04014	554	277	277
04015	676	353	323
04016	802	553	249
04017	728	509	219
04018	494	267	227
04019	528	301	227
04020	493	323	170
04021	734	469	265
04022	545	335	210
04023	683	391	292
04024	497	283	214
04025	626	446	180
04026	532	295	237
04027	617	359	258
04028	521	240	281
04029	572	295	277
04030	780	442	338
04031	525	253	272
04032	597	311	286
04033	590	337	253
04034	484	275	209
04035	651	307	344
04036	628	333	295
04037	897	618	279
04038	575	270	305
05001	519	264	255
05002	451	196	255
05003	507	297	210
05004	636	349	287
05005	498	295	203
05006	446	238	208
05007	494	255	239
05008	513	345	168
05009	598	330	268
05010	469	253	216
05011	537	317	220
05012	422	217	205
05013	464	235	229
05014	435	200	235
05015	506	272	234
05016	473	239	234
05017	466	284	182
05018	484	260	224
05019	487	295	192
05020	572	299	273
05021	534	306	228
05022	578	370	208
05023	889	538	351
05024	559	330	229
05025	488	240	248
05026	578	293	285
05027	622	422	200
05028	546	263	283
05029	585	282	303
05030	434	232	202
05031	456	223	233
05032	566	261	305
05033	540	270	270
05034	594	413	181
05035	523	310	213
05036	336	182	154
05037	511	328	183
05038	527	265	262
05039	418	277	141
05040	405	199	206
05041	266	163	103
06001	480	251	229
06002	442	201	241
06003	450	230	220
06004	379	221	158
06005	372	189	183
06006	419	180	239
06007	470	230	240
06008	468	241	227
06009	481	270	211
06010	345	188	157
06011	417	238	179
06012	409	254	155
06013	340	169	171
06014	462	226	236
06015	447	266	181
06016	447	195	252
06017	354	208	146
06018	341	231	110
06019	448	226	222
06020	345	187	158
06021	329	205	124
06022	369	214	155
06023	270	154	116
06024	269	157	112
06025	276	129	147
06026	393	221	172
06027	315	158	157
06028	286	168	118
06029	459	191	268
06030	429	215	214
06031	450	197	253
06032	430	221	209
06033	459	232	227
06034	476	239	237
06035	399	185	214
06036	455	244	211
06037	451	196	255
06038	472	218	254
06039	419	217	202
06040	409	193	216
06041	449	211	238
06042	485	246	239
06043	398	187	211
06044	501	264	237
06045	502	219	283
06046	329	164	165
06047	360	197	163
06048	466	234	232
07001	383	207	176
07002	453	240	213
07003	434	203	231
07004	410	196	214
07005	367	199	168
07006	570	283	287
07007	441	249	192
07008	366	194	172
07009	724	335	389
07010	481	219	262
07011	509	268	241
07012	421	210	211
07013	273	141	132
07014	486	274	212
07015	420	194	226
07016	368	179	189
07017	385	210	175
07018	432	243	189
07019	419	202	217
07020	333	174	159
07021	390	198	192
07022	350	195	155
07023	424	209	215
07024	349	169	180
07025	444	265	179
07026	323	169	154
07027	359	178	181
07028	349	189	160
07029	315	153	162
07030	354	182	172
07031	293	167	126
07032	571	249	322
07033	504	230	274
07034	467	223	244
07035	427	197	230
07036	514	253	261
07037	449	222	227
07038	397	215	182
07039	396	199	197
07040	387	185	202
07041	415	191	224
07042	394	197	197
07043	412	197	215
07044	387	192	195
07045	479	223	256
07046	144	87	57
08001	379	193	186
08002	412	220	192
08003	450	203	247
08004	473	215	258
08005	463	225	238
08006	456	222	234
08007	482	225	257
08008	397	201	196
08009	299	123	176
08010	510	219	291
08011	415	218	197
08012	275	124	151
08013	504	258	246
08014	454	242	212
08015	454	228	226
08016	173	78	95
08017	368	181	187
08018	459	264	195
08019	480	214	266
08020	475	240	235
08021	599	297	302
08022	421	205	216
08023	418	237	181
08024	279	137	142
08025	458	226	232
08026	457	252	205
08027	469	209	260
08028	462	219	243
08029	520	268	252
08030	469	229	240
08031	372	183	189
08032	369	200	169
08033	373	219	154
08034	415	194	221
08035	446	215	231
08036	474	238	236
08037	353	159	194
08038	308	154	154
08039	467	237	230
08040	351	146	205
08041	485	225	260
08042	474	228	246
08043	247	135	112
08044	301	156	145
08045	496	258	238
08046	353	176	177
08047	359	185	174
08048	449	225	224
08049	384	178	206
08050	428	199	229
08051	468	212	256
08052	564	234	330
08053	250	122	128
08054	415	217	198
08055	345	182	163
08056	460	208	252
09001	434	206	228
09002	407	245	162
09003	429	263	166
09004	356	182	174
09005	379	166	213
09006	423	207	216
09007	321	188	133
09008	498	249	249
09009	478	237	241
09010	316	161	155
09011	339	193	146
09012	502	258	244
09013	447	206	241
09014	507	247	260
09015	553	354	199
09016	394	185	209
09017	394	229	165
09018	307	156	151
09019	423	206	217
09020	435	223	212
09021	383	202	181
09022	446	208	238
09023	468	237	231
09024	415	215	200
09025	435	208	227
09026	625	344	281
09027	393	189	204
09028	339	192	147
09029	413	232	181
09030	376	194	182
09031	358	179	179
09032	418	209	209
09033	389	219	170
09034	377	198	179
09035	413	206	207
09036	396	190	206
09037	525	296	229
09038	456	240	216
09039	465	236	229
09040	445	198	247
09041	344	166	178
09042	436	203	233
09043	446	225	221
09044	367	192	175
09045	394	209	185
09046	458	236	222
09047	457	206	251
09048	454	213	241
09049	442	197	245
09050	539	259	280
09051	407	168	239
10001	416	234	182
10002	393	249	144
10003	407	256	151
10004	404	246	158
10005	341	205	136
10006	347	201	146
10007	329	195	134
10008	329	199	130
10009	394	256	138
10010	449	267	182
10011	518	309	209
10012	298	183	115
10013	421	244	177
10014	542	326	216
10015	827	428	399
10016	343	214	129
10017	557	332	225
10018	301	191	110
10019	455	256	199
10020	454	278	176
10021	447	257	190
10022	281	172	109
10023	387	228	159
10024	438	293	145
10025	131	79	52
10026	347	195	152
10027	459	269	190
10028	478	282	196
10029	413	246	167
10030	387	226	161
10031	345	205	140
10032	408	243	165
10033	290	168	122
10034	327	193	134
10035	434	272	162
10036	98	59	39
11001	498	338	160
11002	70	24	46
11003	420	262	158
11004	422	275	147
11005	633	388	245
11006	706	473	233
11007	787	459	328
11008	443	287	156
11009	409	273	136
11010	423	293	130
11011	529	373	156
11012	629	401	228
11013	595	390	205
11014	251	170	81
11015	171	120	51
11016	295	204	91
11017	547	354	193
11018	366	237	129
11019	593	373	220
11020	330	220	110
11021	592	370	222
11022	566	370	196
11023	281	176	105
11024	552	361	191
11025	542	359	183
11026	559	369	190
11027	188	131	57
11028	235	142	93
11029	543	358	185
11030	248	174	74
11031	469	316	153
11032	225	145	80
11033	533	355	178
11034	144	101	43
11035	130	101	29
11036	213	135	78
11037	136	78	58
11038	236	143	93
12001	462	287	175
12002	240	157	83
12003	537	336	201
12004	434	269	165
12005	389	245	144
12006	439	270	169
12007	437	265	172
12008	460	297	163
12009	368	225	143
12010	490	275	215
12011	440	273	167
12012	472	287	185
12013	464	298	166
12014	394	201	193
12015	390	236	154
12016	400	252	148
12017	477	290	187
12018	399	224	175
12019	416	260	156
12020	566	348	218
12021	462	276	186
12022	387	225	162
12023	458	291	167
13001	336	225	111
13002	337	219	118
13003	309	176	133
13004	413	269	144
13005	447	277	170
13006	373	241	132
13007	291	153	138
13008	319	195	124
13009	400	244	156
13010	347	221	126
13011	406	286	120
13012	346	201	145
13013	366	252	114
13014	399	257	142
13015	568	335	233
13016	285	185	100
13017	376	253	123
13018	328	215	113
13019	422	237	185
13020	254	167	87
13021	435	298	137
13022	404	274	130
13023	336	218	118
13024	370	231	139
13025	387	254	133
13026	408	244	164
13027	366	237	129
13028	308	187	121
13029	327	205	122
13030	316	186	130
13031	400	260	140
13032	331	226	105
13033	350	245	105
13034	438	263	175
13035	345	212	133
13036	255	165	90
13037	429	276	153
13038	330	233	97
13039	379	226	153
13040	310	192	118
13041	448	265	183
13042	380	267	113
13043	398	256	142
13044	400	235	165
13045	427	285	142
13046	483	292	191
13047	460	281	179
13048	335	240	95
14001	474	309	165
14002	534	350	184
14003	480	283	197
14004	419	278	141
14005	580	346	234
14006	213	123	90
14007	524	328	196
14008	490	300	190
14009	488	318	170
14010	298	175	123
14011	241	129	112
14012	453	270	183
14013	352	226	126
14014	435	289	146
14015	485	316	169
14016	315	194	121
14017	351	213	138
14018	180	112	68
14019	431	277	154
14020	297	172	125
14021	413	276	137
14022	536	333	203
14023	332	215	117
14024	476	323	153
14025	284	174	110
14026	314	181	133
14027	408	249	159
14028	330	194	136
14029	340	188	152
14030	255	155	100
14031	262	151	111
15001	401	248	153
15002	293	169	124
15003	321	174	147
15004	415	264	151
15005	394	224	170
15006	462	293	169
15007	306	184	122
15008	381	224	157
15009	525	322	203
15010	577	344	233
15011	535	309	226
15012	507	318	189
15013	409	246	163
15014	395	227	168
15015	371	208	163
15016	453	254	199
15017	326	177	149
15018	312	168	144
15019	383	211	172
15020	244	123	121
15021	309	188	121
15022	358	185	173
15023	375	227	148
15024	326	177	149
16001	472	272	200
16002	403	216	187
16003	331	180	151
16004	368	211	157
16005	204	111	93
16006	346	178	168
16007	342	183	159
16008	283	161	122
16009	410	229	181
16010	320	189	131
16011	383	226	157
16012	282	159	123
16013	434	244	190
16014	345	197	148
16015	411	220	191
16016	359	200	159
16017	428	247	181
16018	354	216	138
16019	377	204	173
16020	320	167	153
16021	314	175	139
16022	348	179	169
16023	419	226	193
16024	221	130	91
16025	404	222	182
16026	319	185	134
16027	321	185	136
16028	351	222	129
16029	343	181	162
16030	337	194	143
16031	407	238	169
16032	437	259	178
16033	269	142	127
16034	327	176	151
16035	455	249	206
16036	190	102	88
17001	402	218	184
17002	402	227	175
17003	465	255	210
17004	530	306	224
17005	318	179	139
17006	413	218	195
17007	377	212	165
17008	399	217	182
17009	334	171	163
17010	543	293	250
17011	338	196	142
17012	549	310	239
17013	349	200	149
17014	445	263	182
17015	495	275	220
17016	439	244	195
17017	419	227	192
17018	430	194	236
17019	283	164	119
17020	495	237	258
17021	431	224	207
17022	381	220	161
17023	275	130	145
17024	457	252	205
17025	327	186	141
17026	412	184	228
17027	418	237	181
17028	335	199	136
17029	400	210	190
17030	395	228	167
17031	300	173	127
17032	391	243	148
17033	293	159	134
17034	335	187	148
17035	336	183	153
17036	414	225	189
17037	368	204	164
17038	448	226	222
17039	390	228	162
17040	424	192	232
17041	493	263	230
18001	389	220	169
18002	430	236	194
18003	386	216	170
18004	446	197	249
18005	320	157	163
18006	397	242	155
18007	465	264	201
18008	428	196	232
18009	404	203	201
18010	538	278	260
18011	366	206	160
18012	405	210	195
18013	455	237	218
18014	420	207	213
18015	499	284	215
18016	406	189	217
18017	441	221	220
18018	341	166	175
18019	425	212	213
18020	356	191	165
18021	523	254	269
18022	454	228	226
18023	401	217	184
18024	429	250	179
18025	450	247	203
18026	496	217	279
18027	362	192	170
18028	422	258	164
18029	464	247	217
18030	483	307	176
18031	430	247	183
18032	439	208	231
18033	318	159	159
18034	489	246	243
18035	461	217	244
18036	466	249	217
18037	477	228	249
18038	373	174	199
18039	383	224	159
18040	501	279	222
18041	494	222	272
18042	407	208	199
18043	293	183	110
18044	364	224	140
18045	427	249	178
18046	482	266	216
18047	371	179	192
18048	351	191	160
18049	301	144	157
18050	362	207	155
19001	424	293	131
19002	604	343	261
19003	361	257	104
19004	537	364	173
19005	484	298	186
19006	482	326	156
19007	449	304	145
19008	529	370	159
19009	367	259	108
19010	554	374	180
19011	476	329	147
19012	395	268	127
19013	569	285	284
19014	520	318	202
19015	618	405	213
19016	499	326	173
19017	436	286	150
19018	425	301	124
19019	574	363	211
19020	410	238	172
19021	495	328	167
19022	493	338	155
19023	462	329	133
19024	342	241	101
19025	438	309	129
19026	487	351	136
19027	449	251	198
19028	540	257	283
19029	502	336	166
19030	454	309	145
19031	422	297	125
19032	415	288	127
19033	499	327	172
19034	434	307	127
19035	420	275	145
19036	642	336	306
19037	440	248	192
19038	407	221	186
19039	212	98	114
19040	501	326	175
19041	448	309	139
19042	366	223	143
19043	635	290	345
19044	525	350	175
19045	467	322	145
19046	477	359	118
19047	661	343	318
19048	587	286	301
19049	555	274	281
19050	399	252	147
19051	529	369	160
19052	556	372	184
19053	445	306	139
19054	389	260	129
19055	397	267	130
19056	503	318	185
19057	402	259	143
20001	465	275	190
20002	184	117	67
20003	369	198	171
20004	229	128	101
20005	474	245	229
20006	216	129	87
20007	478	265	213
20008	412	221	191
20009	569	294	275
20010	393	210	183
20011	392	230	162
20012	323	180	143
20013	215	116	99
20014	232	135	97
20015	467	278	189
20016	485	294	191
20017	269	160	109
20018	354	192	162
20019	469	271	198
20020	399	213	186
20021	379	225	154
20022	402	201	201
20023	499	289	210
20024	431	243	188
20025	343	190	153
20026	466	252	214
20027	226	116	110
20028	281	160	121
20029	509	271	238
20030	224	126	98
20031	527	262	265
20032	418	235	183
20033	332	192	140
20034	608	337	271
20035	398	244	154
20036	173	104	69
20037	126	66	60
20038	190	103	87
20039	54	36	18
21001	433	206	227
21002	374	214	160
21003	436	223	213
21004	423	237	186
21005	474	218	256
21006	397	207	190
21007	394	198	196
21008	467	231	236
21009	469	219	250
21010	421	209	212
21011	387	195	192
21012	418	199	219
21013	451	242	209
21014	497	217	280
21015	402	208	194
21016	396	195	201
21017	419	244	175
21018	475	233	242
21019	455	226	229
21020	388	199	189
21021	382	199	183
21022	413	197	216
21023	408	197	211
21024	426	189	237
21025	352	162	190
21026	469	266	203
21027	406	210	196
21028	553	309	244
21029	488	252	236
21030	365	194	171
21031	302	138	164
21032	435	218	217
21033	431	218	213
21034	455	243	212
21035	429	219	210
21036	463	246	217
21037	371	185	186
21038	451	233	218
21039	374	191	183
21040	363	191	172
21041	413	203	210
21042	477	237	240
21043	449	235	214
21044	441	207	234
21045	415	211	204
21046	465	227	238
21047	432	230	202
21048	401	221	180
21049	472	212	260
21050	380	208	172
21051	408	204	204
21052	469	222	247
21053	352	167	185
21054	365	201	164
22001	247	123	124
22002	481	281	200
22003	571	350	221
22004	328	197	131
22005	333	208	125
22006	408	232	176
22007	296	173	123
22008	551	334	217
22009	340	206	134
22010	540	326	214
22011	335	205	130
22012	382	239	143
22013	412	237	175
22014	339	186	153
22015	403	240	163
22016	331	200	131
22017	434	266	168
22018	416	250	166
22019	237	134	103
22020	419	228	191
22021	496	276	220
22022	357	180	177
22023	519	288	231
22024	471	268	203
22025	387	234	153
23001	391	258	133
23002	394	268	126
23003	394	261	133
23004	449	301	148
23005	425	259	166
23006	447	270	177
23007	390	214	176
23008	474	306	168
23009	377	228	149
23010	497	307	190
23011	485	318	167
23012	394	275	119
23013	371	210	161
23014	362	241	121
23015	375	222	153
23016	382	265	117
23017	315	197	118
23018	367	256	111
23019	358	220	138
23020	297	165	132
23021	400	265	135
23022	399	251	148
23023	404	267	137
23024	369	219	150
23025	428	273	155
23026	401	258	143
23027	361	247	114
23028	399	279	120
23029	345	241	104
23030	481	301	180
23031	320	189	131
23032	413	243	170
23033	452	270	182
23034	422	256	166
23035	327	210	117
23036	404	273	131
23037	369	249	120
23038	343	221	122
23039	415	244	171
24001	321	183	138
24002	373	219	154
24003	423	229	194
24004	315	196	119
24005	236	140	96
24006	394	229	165
24007	224	138	86
24008	194	102	92
24009	445	256	189
24010	187	90	97
24011	463	272	191
24012	262	143	119
24013	252	148	104
24014	371	246	125
24015	249	140	109
24016	437	257	180
24017	316	193	123
24018	394	231	163
24019	506	286	220
24020	333	178	155
24021	223	118	105
24022	533	315	218
24023	115	73	42
24024	559	326	233
24025	304	181	123
24026	527	291	236
24027	402	238	164
24028	300	193	107
24029	277	156	121
24030	205	125	80
24031	436	234	202
24032	243	132	111
24033	253	147	106
24034	341	206	135
24035	283	168	115
24036	469	253	216
24037	258	141	117
24038	316	182	134
24039	430	269	161
24040	412	251	161
24041	284	177	107
25001	404	242	162
25002	450	270	180
25003	670	501	169
25004	462	282	180
25005	507	300	207
25006	145	94	51
25007	456	281	175
25008	507	296	211
25009	539	316	223
25010	788	592	196
25011	538	318	220
25012	457	271	186
25013	478	292	186
25014	295	202	93
25015	414	233	181
25016	741	559	182
25017	471	311	160
25018	257	166	91
25019	469	256	213
25020	378	255	123
25021	840	567	273
25022	470	306	164
25023	544	325	219
25024	485	313	172
25025	523	346	177
25026	452	280	172
25027	677	504	173
25028	505	318	187
25029	461	326	135
25030	471	288	183
25031	888	673	215
25032	388	247	141
26001	385	238	147
26002	359	207	152
26003	374	255	119
26004	287	173	114
26005	348	176	172
26006	326	192	134
26007	347	199	148
26008	197	119	78
26009	326	202	124
26010	346	210	136
26011	361	224	137
26012	372	216	156
26013	210	137	73
26014	288	168	120
26015	254	152	102
26016	239	148	91
26017	315	210	105
26018	302	170	132
26019	263	151	112
26020	305	186	119
26021	469	304	165
26022	239	146	93
26023	243	124	119
26024	333	211	122
26025	324	206	118
26026	249	146	103
26027	368	233	135
26028	476	307	169
26029	223	144	79
26030	291	170	121
26031	168	98	70
26032	436	291	145
26033	352	209	143
26034	390	239	151
26035	282	172	110
26036	370	231	139
26037	396	242	154
26038	204	112	92
26039	403	259	144
26040	250	158	92
26041	438	260	178
26042	276	159	117
26043	230	159	71
26044	210	115	95
26045	190	107	83
26046	273	178	95
26047	279	165	114
26048	360	217	143
26049	196	110	86
27001	652	455	197
27002	466	329	137
27003	275	137	138
27004	272	142	130
27005	323	179	144
27006	438	286	152
27007	629	400	229
27008	396	252	144
27009	244	180	64
27010	449	295	154
27011	547	403	144
27012	341	255	86
27013	526	293	233
27014	234	129	105
27015	327	207	120
27016	563	424	139
27017	476	280	196
27018	332	185	147
27019	296	178	118
27020	445	252	193
27021	479	349	130
27022	263	158	105
27023	338	223	115
27024	358	227	131
27025	421	229	192
27026	354	202	152
27027	578	354	224
27028	223	121	102
27029	344	203	141
27030	202	118	84
27031	293	211	82
27032	374	232	142
27033	485	323	162
27034	384	189	195
27035	520	377	143
27036	249	151	98
27037	494	343	151
27038	660	395	265
27039	309	180	129
27040	604	411	193
27041	160	82	78
27042	318	202	116
27043	323	201	122
27044	335	192	143
27045	875	639	236
27046	332	244	88
27047	336	208	128
27048	722	484	238
27049	336	179	157
27050	312	164	148
28001	390	245	145
28002	362	185	177
28003	337	177	160
28004	359	246	113
28005	189	116	73
28006	187	122	65
28007	457	247	210
28008	447	328	119
28009	390	210	180
28010	510	362	148
28011	795	464	331
28012	431	212	219
28013	369	212	157
28014	377	191	186
28015	70	39	31
28016	275	158	117
28017	376	205	171
28018	301	160	141
28019	367	227	140
28020	321	178	143
28021	253	141	112
28022	360	176	184
28023	490	245	245
28024	357	206	151
28025	486	249	237
28026	462	258	204
28027	399	260	139
28028	478	329	149
28029	233	134	99
28030	64	41	23
28031	481	248	233
28032	408	218	190
28033	369	197	172
28034	782	412	370
28035	491	243	248
28036	208	106	102
28037	533	294	239
28038	158	82	76
28039	337	169	168
28040	514	287	227
28041	325	166	159
28042	497	276	221
28043	497	262	235
28044	285	159	126
28045	436	313	123
28046	688	452	236
29001	572	347	225
29002	665	346	319
29003	534	305	229
29004	536	278	258
29005	438	245	193
29006	416	220	196
29007	451	251	200
29008	451	267	184
29009	520	319	201
29010	571	359	212
29011	260	142	118
29012	564	283	281
29013	519	276	243
29014	440	236	204
29015	543	302	241
29016	528	335	193
29017	449	285	164
29018	506	273	233
29019	515	260	255
29020	589	320	269
29021	650	367	283
29022	383	224	159
29023	481	304	177
29024	439	244	195
29025	531	279	252
29026	459	258	201
29027	428	222	206
29028	605	341	264
29029	489	323	166
29030	528	315	213
29031	447	270	177
29032	425	281	144
29033	322	180	142
29034	300	162	138
29035	351	202	149
29036	410	216	194
29037	401	209	192
29038	444	267	177
29039	426	271	155
29040	342	183	159
29041	411	217	194
29042	549	304	245
29043	552	287	265
29044	590	315	275
30001	516	323	193
30002	429	274	155
30003	353	235	118
30004	430	279	151
30005	356	233	123
30006	350	219	131
30007	503	308	195
30008	505	306	199
30009	357	216	141
30010	500	322	178
30011	422	249	173
30012	429	270	159
30013	410	235	175
30014	317	183	134
30015	382	266	116
30016	213	124	89
30017	441	292	149
30018	508	304	204
30019	463	289	174
30020	493	315	178
30021	349	226	123
30022	584	366	218
30023	502	297	205
30024	491	298	193
30025	582	351	231
30026	284	187	97
30027	303	204	99
30028	498	300	198
30029	315	196	119
30030	197	108	89
30031	304	197	107
30032	352	238	114
31001	314	196	118
31002	252	153	99
31003	314	179	135
31004	404	232	172
31005	328	201	127
31006	251	160	91
31007	474	315	159
31008	250	142	108
31009	324	174	150
31010	311	190	121
31011	290	178	112
31012	291	163	128
31013	335	196	139
31014	296	187	109
31015	260	151	109
31016	359	223	136
31017	314	166	148
31018	275	155	120
31019	265	157	108
31020	284	176	108
31021	314	189	125
31022	290	171	119
31023	299	176	123
31024	317	192	125
31025	285	165	120
31026	277	175	102
31027	338	211	127
31028	300	185	115
31029	299	189	110
31030	240	143	97
31031	284	183	101
31032	280	174	106
31033	296	181	115
31034	335	204	131
31035	332	191	141
31036	306	199	107
31037	297	171	126
31038	316	189	127
31039	306	188	118
31040	332	168	164
31041	313	177	136
32001	679	490	189
32002	616	458	158
32003	589	383	206
32004	533	390	143
32005	564	412	152
32006	616	462	154
32007	602	436	166
32008	683	510	173
32009	589	427	162
32010	604	435	169
32011	485	305	180
32012	391	229	162
32013	580	417	163
32014	569	387	182
32015	548	403	145
32016	560	385	175
32017	532	324	208
32018	549	421	128
32019	531	345	186
32020	520	310	210
32021	589	435	154
32022	718	456	262
32023	572	418	154
32024	474	345	129
32025	557	392	165
32026	574	386	188
32027	582	450	132
32028	540	357	183
32029	611	402	209
32030	600	462	138
32031	592	446	146
32032	559	430	129
32033	558	419	139
32034	608	421	187
32035	559	389	170
32036	553	394	159
32037	579	409	170
32038	560	413	147
32039	599	463	136
32040	601	426	175
32041	586	427	159
32042	527	382	145
32043	449	301	148
33001	596	360	236
33002	657	433	224
33003	671	400	271
33004	763	491	272
33005	517	327	190
33006	530	344	186
33007	606	389	217
33008	713	507	206
33009	656	425	231
33010	515	356	159
33011	643	415	228
33012	615	369	246
33013	565	346	219
33014	307	172	135
33015	631	390	241
33016	789	499	290
33017	657	430	227
33018	747	465	282
33019	639	421	218
33020	660	425	235
33021	642	418	224
33022	559	367	192
33023	612	395	217
33024	707	496	211
33025	694	447	247
33026	458	300	158
33027	605	374	231
33028	529	302	227
34001	473	233	240
34002	327	147	180
34003	493	247	246
34004	372	201	171
34005	357	184	173
34006	486	243	243
34007	489	237	252
34008	365	185	180
34009	388	206	182
34010	412	210	202
34011	383	188	195
34012	481	238	243
34013	476	258	218
34014	370	212	158
34015	447	255	192
34016	412	205	207
34017	558	279	279
34018	358	208	150
34019	557	267	290
34020	470	234	236
34021	481	231	250
34022	404	181	223
34023	354	185	169
34024	421	186	235
34025	477	222	255
34026	501	255	246
34027	397	223	174
34028	332	186	146
34029	366	175	191
34030	388	156	232
34031	407	229	178
34032	439	225	214
34033	430	212	218
34034	466	218	248
34035	489	256	233
34036	412	192	220
34037	323	172	151
34038	255	145	110
34039	326	186	140
34040	479	248	231
34041	310	180	130
34042	409	213	196
34043	389	178	211
34044	428	228	200
34045	453	244	209
34046	286	127	159
34047	453	263	190
34048	448	219	229
34049	543	251	292
34050	388	203	185
34051	466	232	234
34052	306	135	171
34053	332	177	155
35001	493	308	185
35002	470	310	160
35003	484	290	194
35004	475	311	164
35005	439	266	173
35006	467	300	167
35007	473	269	204
35008	496	320	176
35009	468	274	194
35010	573	341	232
35011	523	322	201
35012	357	196	161
35013	361	214	147
35014	387	234	153
35015	562	350	212
35016	341	193	148
35017	522	340	182
35018	380	226	154
35019	315	168	147
35020	457	283	174
35021	437	269	168
35022	567	338	229
35023	503	330	173
35024	460	278	182
35025	559	345	214
35026	438	283	155
35027	477	315	162
35028	458	292	166
35029	482	293	189
35030	492	341	151
35031	542	347	195
36001	480	300	180
36002	436	254	182
36003	387	235	152
36004	478	287	191
36005	401	231	170
36006	388	224	164
36007	484	329	155
36008	366	235	131
36009	415	235	180
36010	470	298	172
36011	348	226	122
36012	265	139	126
36013	292	160	132
36014	470	287	183
36015	473	302	171
36016	456	300	156
36017	461	299	162
36018	424	288	136
36019	540	334	206
36020	431	274	157
36021	383	210	173
36022	393	243	150
36023	343	194	149
36024	454	289	165
36025	419	238	181
36026	402	280	122
36027	410	264	146
36028	416	270	146
36029	479	300	179
36030	453	300	153
37001	335	197	138
37002	334	213	121
37003	367	225	142
37004	399	223	176
37005	443	235	208
37006	454	239	215
37007	303	177	126
37008	364	228	136
37009	480	251	229
37010	533	268	265
37011	354	210	144
37012	370	213	157
37013	353	207	146
37014	474	257	217
37015	476	282	194
37016	463	246	217
37017	427	250	177
37018	402	234	168
37019	387	223	164
37020	376	206	170
37021	384	207	177
37022	392	232	160
37023	389	197	192
37024	456	262	194
37025	442	237	205
37026	517	286	231
37027	463	268	195
37028	394	226	168
37029	443	244	199
37030	420	229	191
37031	453	236	217
37032	402	222	180
37033	515	346	169
37034	423	245	178
37035	477	255	222
37036	412	241	171
37037	517	326	191
37038	454	263	191
37039	393	235	158
37040	473	232	241
37041	421	233	188
38001	435	274	161
38002	466	342	124
38003	444	288	156
38004	442	267	175
38005	459	308	151
38006	470	317	153
38007	443	294	149
38008	440	314	126
38009	490	314	176
38010	429	292	137
38011	421	284	137
38012	431	289	142
38013	469	321	148
38014	500	341	159
38015	427	274	153
38016	461	313	148
38017	535	397	138
38018	477	316	161
38019	504	322	182
38020	497	336	161
38021	403	258	145
38022	423	291	132
38023	485	306	179
38024	504	332	172
38025	377	236	141
38026	451	325	126
38027	477	293	184
38028	547	358	189
38029	433	279	154
38030	436	285	151
38031	463	321	142
38032	443	307	136
38033	444	289	155
38034	456	303	153
38035	435	286	149
38036	413	272	141
38037	462	304	158
38038	430	302	128
38039	509	358	151
38040	452	304	148
38041	441	288	153
39001	460	340	120
39002	306	245	61
39003	493	336	157
39004	461	320	141
39005	505	340	165
39006	476	302	174
39007	405	271	134
39008	498	337	161
39009	483	318	165
39010	236	160	76
39011	436	293	143
39012	605	404	201
39013	406	273	133
39014	470	310	160
39015	538	392	146
39016	438	276	162
39017	521	359	162
39018	453	310	143
39019	468	306	162
39020	567	372	195
39021	440	301	139
39022	444	292	152
39023	488	360	128
39024	590	435	155
39025	407	263	144
39026	452	322	130
39027	87	67	20
39028	554	392	162
39029	253	159	94
39030	573	378	195
39031	451	283	168
39032	414	283	131
39033	529	342	187
39034	526	350	176
39035	472	336	136
39036	148	104	44
39037	467	357	110
39038	277	212	65
39039	314	214	100
39040	426	298	128
39041	526	368	158
39042	507	394	113
39043	507	370	137
39044	371	285	86
39045	457	351	106
40001	486	316	170
40002	500	331	169
40003	648	425	223
40004	300	217	83
40005	518	351	167
40006	601	365	236
40007	492	341	151
40008	648	422	226
40009	417	270	147
40010	574	361	213
40011	546	385	161
40012	442	317	125
40013	749	459	290
40014	463	305	158
40015	448	288	160
40016	648	431	217
40017	428	289	139
40018	456	296	160
40019	608	382	226
40020	496	340	156
40021	596	371	225
40022	503	335	168
40023	585	387	198
40024	461	322	139
40025	625	415	210
40026	485	327	158
40027	668	415	253
40028	580	355	225
40029	500	340	160
40030	446	335	111
40031	584	364	220
40032	572	390	182
40033	514	339	175
40034	454	307	147
40035	385	266	119
40036	479	312	167
40037	523	325	198
40038	630	395	235
40039	179	112	67
41001	469	320	149
41002	525	385	140
41003	452	317	135
41004	499	377	122
41005	574	385	189
41006	574	457	117
41007	569	395	174
41008	514	355	159
41009	506	378	128
41010	539	391	148
41011	565	381	184
41012	502	360	142
41013	600	403	197
41014	597	461	136
41015	621	430	191
41016	494	344	150
41017	501	349	152
41018	464	338	126
41019	573	424	149
41020	405	283	122
41021	491	346	145
41022	529	386	143
41023	533	385	148
41024	449	316	133
41025	452	316	136
41026	485	357	128
41027	430	294	136
41028	556	376	180
41029	413	286	127
41030	502	350	152
41031	513	374	139
41032	430	292	138
41033	466	333	133
41034	423	313	110
41035	578	400	178
41036	501	342	159
41037	569	372	197
41038	453	306	147
41039	551	403	148
41040	543	393	150
41041	503	362	141
41042	530	373	157
41043	530	366	164
41044	523	390	133
41045	490	322	168
41046	509	372	137
41047	495	372	123
42001	532	409	123
42002	651	450	201
42003	633	459	174
42004	1069	803	266
42005	510	395	115
42006	587	408	179
42007	707	530	177
42008	511	363	148
42009	662	442	220
42010	738	557	181
42011	378	276	102
42012	508	383	125
42013	518	371	147
42014	650	483	167
42015	529	397	132
42016	649	479	170
42017	811	625	186
42018	764	572	192
42019	754	584	170
42020	625	473	152
42021	616	471	145
42022	339	261	78
42023	638	480	158
42024	574	431	143
42025	661	468	193
42026	707	535	172
42027	431	291	140
42028	683	482	201
42029	665	493	172
42030	507	411	96
42031	781	593	188
42032	593	452	141
42033	667	460	207
42034	550	424	126
42035	807	577	230
42036	981	725	256
42037	447	334	113
42038	537	409	128
42039	666	512	154
42040	843	621	222
42041	615	476	139
42042	950	698	252
43001	329	232	97
43002	590	468	122
43003	587	462	125
43004	778	586	192
43005	528	413	115
43006	459	340	119
43007	368	252	116
43008	447	329	118
43009	632	484	148
43010	679	543	136
43011	579	436	143
43012	412	296	116
43013	551	384	167
43014	580	457	123
43015	617	441	176
43016	682	509	173
43017	496	388	108
43018	663	514	149
43019	629	461	168
43020	630	465	165
43021	603	455	148
43022	397	278	119
43023	418	309	109
43024	470	331	139
43025	469	348	121
43026	378	287	91
43027	581	441	140
43028	719	526	193
43029	573	432	141
43030	725	519	206
43031	553	410	143
43032	615	444	171
43033	620	466	154
43034	407	307	100
43035	672	527	145
43036	345	244	101
43037	676	463	213
43038	526	442	84
43039	647	437	210
43040	434	289	145
43041	758	561	197
43042	534	389	145
43043	646	482	164
43044	557	418	139
43045	368	283	85
43046	338	256	82
44001	976	650	326
44002	608	440	168
44003	386	300	86
44004	529	399	130
44005	634	412	222
44006	774	560	214
44007	440	330	110
44008	819	564	255
44009	565	413	152
44010	627	474	153
44011	658	454	204
44012	651	452	199
44013	508	372	136
44014	577	407	170
44015	582	423	159
44016	676	495	181
44017	793	529	264
44018	625	457	168
44019	732	506	226
44020	652	448	204
44021	748	540	208
44022	645	475	170
44023	610	406	204
44024	463	341	122
44025	611	440	171
44026	676	478	198
44027	670	479	191
44028	636	425	211
44029	693	503	190
44030	697	519	178
44031	482	325	157
44032	730	523	207
44033	612	405	207
44034	643	474	169
44035	721	512	209
44036	643	432	211
44037	657	465	192
44038	650	454	196
44039	629	460	169
44040	601	436	165
44041	754	509	245
45001	401	269	132
45002	422	262	160
45003	428	286	142
45004	575	407	168
45005	485	350	135
45006	593	418	175
45007	672	468	204
45008	500	325	175
45009	513	331	182
45010	507	350	157
45011	368	236	132
45012	460	301	159
45013	427	278	149
45014	605	387	218
45015	584	392	192
45016	416	283	133
45017	536	368	168
45018	507	325	182
45019	278	175	103
45020	367	259	108
45021	431	287	144
45022	443	309	134
45023	462	322	140
45024	375	261	114
45025	302	204	98
45026	266	178	88
45027	452	308	144
45028	403	271	132
45029	322	215	107
45030	470	317	153
45031	384	258	126
45032	390	260	130
45033	320	213	107
45034	509	324	185
45035	483	336	147
45036	482	321	161
45037	461	300	161
45038	421	272	149
45039	466	326	140
45040	460	323	137
45041	444	305	139
45042	455	307	148
45043	490	342	148
45044	468	334	134
45045	333	228	105
45046	391	276	115
45047	346	249	97
45048	385	270	115
46001	426	272	154
46002	496	319	177
46003	664	476	188
46004	515	358	157
46005	711	489	222
46006	489	329	160
46007	546	348	198
46008	411	258	153
46009	598	385	213
46010	919	636	283
46011	545	346	199
46012	618	421	197
46013	581	392	189
46014	619	412	207
46015	608	409	199
46016	634	409	225
46017	643	393	250
46018	650	426	224
46019	398	270	128
46020	482	317	165
46021	408	281	127
46022	425	259	166
46023	419	263	156
46024	613	420	193
46025	519	327	192
46026	586	372	214
46027	697	450	247
46028	568	399	169
46029	496	337	159
46030	603	400	203
46031	572	371	201
46032	533	350	183
46033	658	467	191
46034	664	437	227
46035	698	446	252
46036	556	380	176
46037	369	238	131
46038	608	396	212
46039	530	368	162
46040	484	323	161
47001	364	278	86
47002	586	425	161
47003	550	389	161
47004	599	436	163
47005	636	429	207
47006	664	471	193
47007	555	388	167
47008	583	417	166
47009	519	377	142
47010	719	461	258
47011	584	424	160
47012	605	401	204
47013	534	337	197
47014	518	356	162
47015	681	415	266
47016	555	374	181
47017	521	344	177
47018	591	417	174
47019	690	453	237
47020	540	370	170
47021	518	346	172
47022	629	437	192
47023	578	370	208
47024	601	421	180
47025	665	451	214
47026	765	519	246
47027	528	383	145
47028	544	362	182
47029	625	440	185
47030	710	481	229
47031	545	370	175
47032	666	443	223
47033	590	431	159
47034	592	420	172
47035	586	412	174
47036	659	446	213
47037	640	444	196
47038	575	392	183
47039	568	394	174
47040	555	369	186
47041	662	427	235
47042	577	380	197
47043	586	429	157
47044	545	388	157
47045	543	371	172
47046	529	387	142
47047	691	492	199
47048	61	39	22
48001	491	325	166
48002	251	189	62
48003	655	410	245
48004	539	339	200
48005	301	214	87
48006	677	463	214
48007	536	364	172
48008	288	183	105
48009	401	275	126
48010	721	504	217
48011	448	304	144
48012	623	402	221
48013	691	453	238
48014	280	199	81
48015	375	226	149
48016	580	362	218
48017	516	341	175
48018	369	227	142
48019	374	253	121
48020	605	394	211
48021	681	430	251
48022	465	327	138
48023	573	426	147
48024	636	421	215
48025	486	323	163
48026	305	193	112
48027	1006	592	414
48028	638	389	249
48029	244	178	66
48030	476	310	166
48031	792	444	348
48032	580	360	220
48033	315	217	98
48034	484	327	157
48035	326	206	120
48036	316	231	85
48037	581	371	210
48038	541	380	161
48039	451	300	151
48040	479	320	159
48041	699	422	277
48042	649	424	225
48043	565	354	211
48044	647	403	244
48045	411	274	137
48046	349	225	124
49001	409	240	169
49002	360	235	125
49003	598	355	243
49004	663	402	261
49005	543	334	209
49006	537	324	213
49007	564	348	216
49008	463	288	175
49009	582	365	217
49010	550	342	208
49011	667	409	258
49012	765	498	267
49013	680	433	247
49014	464	273	191
49015	463	288	175
49016	513	314	199
49017	368	230	138
49018	697	415	282
49019	531	317	214
49020	811	480	331
49021	362	224	138
49022	552	357	195
49023	661	381	280
49024	486	286	200
49025	759	469	290
49026	623	384	239
49027	668	381	287
49028	723	454	269
49029	664	407	257
49030	628	370	258
49031	479	284	195
49032	550	317	233
49033	500	287	213
50001	401	267	134
50002	292	210	82
50003	351	245	106
50004	458	293	165
50005	299	228	71
50006	478	317	161
50007	518	361	157
50008	462	287	175
50009	360	240	120
50010	496	332	164
50011	292	200	92
50012	189	128	61
50013	530	339	191
50014	138	100	38
50015	474	328	146
50016	160	114	46
50017	410	258	152
50018	84	60	24
50019	333	242	91
50020	458	286	172
50021	396	274	122
50022	371	257	114
50023	286	194	92
50024	335	267	68
50025	372	273	99
50026	472	307	165
50027	122	80	42
50028	449	282	167
50029	448	295	153
50030	319	216	103
50031	542	324	218
50032	544	358	186
50033	336	243	93
50034	562	386	176
50035	520	341	179
50036	407	267	140
50037	440	283	157
50038	185	138	47
50039	309	217	92
50040	403	283	120
Barrington 1	637	451	186
Barrington 2	582	436	146
Barrington 3	744	589	155
Barrington 4	950	708	242
Barrington 5	695	542	153
Barrington 6	809	587	222
Barrington 7	239	167	72
Barrington 8	993	773	220
Barrington 9	509	384	125
Barrington 10	940	671	269
Barrington 11	545	411	134
Berwyn Ward 1 Precinct 1	405	246	159
Berwyn Ward 1 Precinct 2	506	305	201
Berwyn Ward 1 Precinct 3	691	431	260
Berwyn Ward 1 Precinct 4	404	252	152
Berwyn Ward 1 Precinct 5	415	266	149
Berwyn Ward 2 Precinct 1	318	167	151
Berwyn Ward 2 Precinct 2	516	309	207
Berwyn Ward 2 Precinct 3	642	379	263
Berwyn Ward 2 Precinct 4	889	546	343
Berwyn Ward 3 Precinct 1	528	307	221
Berwyn Ward 3 Precinct 2	396	250	146
Berwyn Ward 3 Precinct 3	426	279	147
Berwyn Ward 3 Precinct 4	563	333	230
Berwyn Ward 3 Precinct 5	671	438	233
Berwyn Ward 4 Precinct 1	374	226	148
Berwyn Ward 4 Precinct 2	577	323	254
Berwyn Ward 4 Precinct 3	721	425	296
Berwyn Ward 4 Precinct 4	373	212	161
Berwyn Ward 5 Precinct 1	837	491	346
Berwyn Ward 5 Precinct 2	492	266	226
Berwyn Ward 5 Precinct 3	432	243	189
Berwyn Ward 6 Precinct 1	291	158	133
Berwyn Ward 6 Precinct 2	388	224	164
Berwyn Ward 6 Precinct 3	532	300	232
Berwyn Ward 6 Precinct 4	607	371	236
Berwyn Ward 7 Precinct 1	484	249	235
Berwyn Ward 7 Precinct 2	465	271	194
Berwyn Ward 7 Precinct 3	605	357	248
Berwyn Ward 7 Precinct 4	618	352	266
Berwyn Ward 8 Precinct 1	833	495	338
Berwyn Ward 8 Precinct 2	534	294	240
Berwyn Ward 8 Precinct 3	324	195	129
Bloom 1	651	439	212
Bloom 2	643	381	262
Bloom 3	481	249	232
Bloom 4	553	291	262
Bloom 5	419	248	171
Bloom 6	321	173	148
Bloom 7	616	344	272
Bloom 8	583	329	254
Bloom 9	554	308	246
Bloom 10	291	163	128
Bloom 11	394	232	162
Bloom 12	623	317	306
Bloom 13	914	476	438
Bloom 14	758	420	338
Bloom 15	494	277	217
Bloom 16	587	313	274
Bloom 17	464	232	232
Bloom 18	524	319	205
Bloom 19	572	308	264
Bloom 20	558	361	197
Bloom 21	179	120	59
Bloom 22	502	258	244
Bloom 23	621	313	308
Bloom 24	1,044	566	478
Bloom 25	471	229	242
Bloom 26	464	248	216
Bloom 27	579	280	299
Bloom 28	541	300	241
Bloom 29	284	176	108
Bloom 30	721	426	295
Bloom 31	526	307	219
Bloom 32	417	209	208
Bloom 33	493	245	248
Bloom 34	347	181	166
Bloom 35	299	164	135
Bloom 36	719	346	373
Bloom 37	343	169	174
Bloom 38	1,298	602	696
Bloom 39	472	266	206
Bloom 40	363	199	164
Bloom 41	700	335	365
Bloom 42	502	260	242
Bloom 43	511	243	268
Bloom 44	695	412	283
Bloom 45	821	421	400
Bloom 46	487	281	206
Bloom 47	714	459	255
Bloom 48	436	242	194
Bloom 49	562	263	299
Bloom 50	539	327	212
Bloom 51	306	152	154
Bloom 52	466	233	233
Bloom 53	331	184	147
Bloom 54	572	325	247
Bloom 55	504	253	251
Bloom 56	472	265	207
Bloom 57	551	295	256
Bloom 58	406	224	182
Bloom 59	445	248	197
Bloom 60	491	250	241
Bloom 61	510	286	224
Bremen 1	523	239	284
Bremen 2	619	402	217
Bremen 3	518	349	169
Bremen 4	546	337	209
Bremen 5	415	237	178
Bremen 6	421	234	187
Bremen 7	374	168	206
Bremen 8	436	198	238
Bremen 9	465	332	133
Bremen 10	690	456	234
Bremen 11	631	412	219
Bremen 12	466	221	245
Bremen 13	620	357	263
Bremen 14	457	264	193
Bremen 15	418	236	182
Bremen 16	570	385	185
Bremen 17	480	243	237
Bremen 18	833	500	333
Bremen 19	192	100	92
Bremen 20	436	286	150
Bremen 21	679	344	335
Bremen 22	464	290	174
Bremen 23	242	117	125
Bremen 24	470	323	147
Bremen 25	756	451	305
Bremen 26	505	257	248
Bremen 27	622	375	247
Bremen 28	439	255	184
Bremen 29	776	357	419
Bremen 30	617	399	218
Bremen 31	573	297	276
Bremen 32	506	215	291
Bremen 33	550	366	184
Bremen 34	775	512	263
Bremen 35	373	180	193
Bremen 36	402	270	132
Bremen 37	354	194	160
Bremen 38	490	235	255
Bremen 39	390	190	200
Bremen 40	825	405	420
Bremen 41	364	214	150
Bremen 42	761	493	268
Bremen 43	461	251	210
Bremen 44	420	191	229
Bremen 45	329	182	147
Bremen 46	543	362	181
Bremen 47	466	197	269
Bremen 48	471	255	216
Bremen 49	451	204	247
Bremen 50	643	461	182
Bremen 51	716	334	382
Bremen 52	504	294	210
Bremen 53	378	217	161
Bremen 54	462	321	141
Bremen 55	462	277	185
Bremen 56	605	285	320
Bremen 57	624	446	178
Bremen 58	722	484	238
Bremen 59	502	336	166
Bremen 60	476	299	177
Bremen 61	558	348	210
Bremen 62	608	355	253
Bremen 63	722	337	385
Bremen 64	635	427	208
Bremen 65	279	137	142
Bremen 66	430	189	241
Bremen 67	769	519	250
Bremen 68	378	261	117
Bremen 69	554	345	209
Bremen 70	379	174	205
Bremen 71	409	190	219
Bremen 72	363	234	129
Bremen 73	592	354	238
Bremen 74	677	410	267
Bremen 75	634	347	287
Bremen 76	471	325	146
Bremen 77	892	565	327
Bremen 78	491	227	264
Bremen 79	578	399	179
Bremen 80	506	222	284
Calumet 1	583	295	288
Calumet 2	579	318	261
Calumet 3	574	305	269
Calumet 4	565	278	287
Calumet 5	455	189	266
Calumet 6	778	408	370
Calumet 7	646	333	313
Calumet 8	409	229	180
Calumet 9	433	222	211
Calumet 10	616	298	318
Calumet 11	790	394	396
Calumet 12	407	199	208
Cicero 1	699	385	314
Cicero 2	317	160	157
Cicero 3	449	243	206
Cicero 4	534	291	243
Cicero 5	626	353	273
Cicero 6	552	330	222
Cicero 7	404	223	181
Cicero 8	302	181	121
Cicero 9	594	333	261
Cicero 10	650	324	326
Cicero 11	544	321	223
Cicero 12	426	256	170
Cicero 13	476	286	190
Cicero 14	486	278	208
Cicero 15	538	291	247
Cicero 16	430	244	186
Cicero 17	637	356	281
Cicero 18	386	227	159
Cicero 19	727	420	307
Cicero 20	421	236	185
Cicero 21	560	285	275
Cicero 22	446	259	187
Cicero 23	699	373	326
Cicero 24	629	342	287
Cicero 25	486	270	216
Cicero 26	397	225	172
Cicero 27	590	324	266
Cicero 28	579	343	236
Cicero 29	525	276	249
Cicero 30	461	236	225
Cicero 31	417	235	182
Cicero 32	420	216	204
Elk Grove 1	496	379	117
Elk Grove 2	500	304	196
Elk Grove 3	696	454	242
Elk Grove 4	630	407	223
Elk Grove 5	837	606	231
Elk Grove 6	442	324	118
Elk Grove 7	638	499	139
Elk Grove 8	547	424	123
Elk Grove 9	588	412	176
Elk Grove 10	853	645	208
Elk Grove 11	679	501	178
Elk Grove 12	388	287	101
Elk Grove 13	568	373	195
Elk Grove 14	663	470	193
Elk Grove 15	474	322	152
Elk Grove 16	665	479	186
Elk Grove 17	560	355	205
Elk Grove 18	782	519	263
Elk Grove 19	747	537	210
Elk Grove 20	649	446	203
Elk Grove 21	503	340	163
Elk Grove 22	609	399	210
Elk Grove 23	912	641	271
Elk Grove 24	548	397	151
Elk Grove 25	551	427	124
Elk Grove 26	488	349	139
Elk Grove 27	748	546	202
Elk Grove 28	579	364	215
Elk Grove 29	568	395	173
Elk Grove 30	550	387	163
Elk Grove 31	381	250	131
Elk Grove 32	398	255	143
Elk Grove 33	386	273	113
Elk Grove 34	1,014	754	260
Elk Grove 35	522	339	183
Elk Grove 36	369	216	153
Elk Grove 37	732	504	228
Elk Grove 38	422	258	164
Elk Grove 39	774	504	270
Elk Grove 40	566	342	224
Elk Grove 41	451	326	125
Elk Grove 42	535	331	204
Elk Grove 43	514	354	160
Elk Grove 44	496	350	146
Elk Grove 45	531	387	144
Elk Grove 46	462	354	108
Elk Grove 47	728	506	222
Elk Grove 48	393	312	81
Elk Grove 49	717	466	251
Elk Grove 50	341	211	130
Elk Grove 51	831	621	210
Elk Grove 52	296	175	121
Evanston Ward 1 Precinct 1	534	329	205
Evanston Ward 1 Precinct 2	647	476	171
Evanston Ward 1 Precinct 3	634	453	181
Evanston Ward 1 Precinct 4	924	709	215
Evanston Ward 2 Precinct 1	1,168	810	358
Evanston Ward 2 Precinct 2	484	289	195
Evanston Ward 2 Precinct 3	668	345	323
Evanston Ward 2 Precinct 4	804	424	380
Evanston Ward 2 Precinct 5	560	329	231
Evanston Ward 3 Precinct 1	697	523	174
Evanston Ward 3 Precinct 2	813	559	254
Evanston Ward 3 Precinct 3	729	502	227
Evanston Ward 3 Precinct 4	378	281	97
Evanston Ward 3 Precinct 5	710	502	208
Evanston Ward 3 Precinct 6	652	438	214
Evanston Ward 3 Precinct 7	559	395	164
Evanston Ward 4 Precinct 1	375	238	137
Evanston Ward 4 Precinct 2	586	364	222
Evanston Ward 4 Precinct 3	469	345	124
Evanston Ward 4 Precinct 4	958	702	256
Evanston Ward 4 Precinct 5	365	245	120
Evanston Ward 4 Precinct 6	883	618	265
Evanston Ward 5 Precinct 1	631	320	311
Evanston Ward 5 Precinct 2	839	594	245
Evanston Ward 5 Precinct 3	637	320	317
Evanston Ward 5 Precinct 4	391	197	194
Evanston Ward 6 Precinct 1	1,005	754	251
Evanston Ward 6 Precinct 2	504	375	129
Evanston Ward 6 Precinct 3	562	432	130
Evanston Ward 6 Precinct 4	695	509	186
Evanston Ward 6 Precinct 5	875	680	195
Evanston Ward 6 Precinct 6	515	420	95
Evanston Ward 6 Precinct 7	772	598	174
Evanston Ward 7 Precinct 1	975	697	278
Evanston Ward 7 Precinct 2	1,044	769	275
Evanston Ward 7 Precinct 3	372	253	119
Evanston Ward 7 Precinct 4	471	356	115
Evanston Ward 7 Precinct 5	895	684	211
Evanston Ward 7 Precinct 6	117	70	47
Evanston Ward 8 Precinct 1	765	477	288
Evanston Ward 8 Precinct 2	606	350	256
Evanston Ward 8 Precinct 3	542	332	210
Evanston Ward 8 Precinct 4	677	443	234
Evanston Ward 8 Precinct 5	831	520	311
Evanston Ward 9 Precinct 1	519	309	210
Evanston Ward 9 Precinct 2	563	352	211
Evanston Ward 9 Precinct 3	873	581	292
Evanston Ward 9 Precinct 4	734	463	271
Evanston Ward 9 Precinct 5	476	301	175
Evanston Ward 9 Precinct 6	647	404	243
Hanover 1	907	616	291
Hanover 2	699	490	209
Hanover 3	303	154	149
Hanover 4	672	434	238
Hanover 5	651	405	246
Hanover 6	573	334	239
Hanover 7	673	428	245
Hanover 8	591	403	188
Hanover 9	630	471	159
Hanover 10	371	227	144
Hanover 11	648	414	234
Hanover 12	492	270	222
Hanover 13	441	264	177
Hanover 14	761	515	246
Hanover 15	520	323	197
Hanover 16	824	602	222
Hanover 17	501	299	202
Hanover 18	607	373	234
Hanover 19	544	395	149
Hanover 20	1,006	673	333
Hanover 21	416	309	107
Hanover 22	598	377	221
Hanover 23	661	429	232
Hanover 24	631	353	278
Hanover 25	540	373	167
Hanover 26	877	589	288
Hanover 27	1,754	1,301	453
Hanover 28	847	567	280
Hanover 29	428	262	166
Hanover 30	679	422	257
Hanover 31	525	385	140
Hanover 32	477	276	201
Hanover 33	635	382	253
Hanover 34	775	496	279
Hanover 35	663	395	268
Hanover 36	463	285	178
Hanover 37	865	544	321
Hanover 38	724	515	209
Hanover 39	734	505	229
Hanover 40	727	468	259
Hanover 41	918	572	346
Hanover 42	628	422	206
Hanover 43	666	431	235
Hanover 44	824	549	275
Lemont 1	663	484	179
Lemont 2	494	368	126
Lemont 3	761	545	216
Lemont 4	653	463	190
Lemont 5	646	420	226
Lemont 6	705	524	181
Lemont 7	522	355	167
Lemont 8	752	539	213
Lemont 9	468	343	125
Lemont 10	477	300	177
Lemont 11	904	674	230
Lemont 12	1,090	783	307
Lemont 13	898	631	267
Lemont 14	638	479	159
Leyden 1	407	245	162
Leyden 2	332	210	122
Leyden 3	706	464	242
Leyden 4	540	300	240
Leyden 5	559	336	223
Leyden 6	717	467	250
Leyden 7	311	189	122
Leyden 8	653	398	255
Leyden 9	768	518	250
Leyden 10	732	468	264
Leyden 11	600	372	228
Leyden 12	581	390	191
Leyden 13	611	370	241
Leyden 14	461	300	161
Leyden 15	617	366	251
Leyden 16	651	385	266
Leyden 17	515	279	236
Leyden 18	388	233	155
Leyden 19	596	389	207
Leyden 20	318	205	113
Leyden 21	418	245	173
Leyden 22	452	306	146
Leyden 23	985	682	303
Leyden 24	668	371	297
Leyden 25	391	233	158
Leyden 26	897	571	326
Leyden 27	149	86	63
Leyden 28	293	171	122
Leyden 29	389	214	175
Leyden 30	701	452	249
Leyden 31	627	362	265
Leyden 32	627	384	243
Leyden 33	649	378	271
Leyden 34	466	283	183
Leyden 35	298	172	126
Leyden 36	557	334	223
Leyden 37	405	251	154
Leyden 38	214	142	72
Leyden 39	403	250	153
Leyden 40	560	346	214
Leyden 41	322	189	133
Leyden 42	580	393	187
Leyden 43	429	283	146
Leyden 44	512	319	193
Leyden 45	493	279	214
Leyden 46	486	281	205
Leyden 47	555	314	241
Leyden 48	655	367	288
Leyden 49	837	543	294
Leyden 50	726	478	248
Lyons 1	73	55	18
Lyons 2	514	332	182
Lyons 3	533	332	201
Lyons 4	875	568	307
Lyons 5	642	407	235
Lyons 6	416	267	149
Lyons 7	535	312	223
Lyons 8	330	205	125
Lyons 9	711	541	170
Lyons 10	514	369	145
Lyons 11	455	344	111
Lyons 12	421	332	89
Lyons 13	256	155	101
Lyons 14	753	606	147
Lyons 15	670	519	151
Lyons 16	1,021	783	238
Lyons 17	390	280	110
Lyons 18	535	415	120
Lyons 19	642	380	262
Lyons 20	954	731	223
Lyons 21	973	768	205
Lyons 22	412	231	181
Lyons 23	720	424	296
Lyons 24	522	403	119
Lyons 25	587	406	181
Lyons 26	407	309	98
Lyons 27	555	425	130
Lyons 28	719	496	223
Lyons 29	528	323	205
Lyons 30	112	77	35
Lyons 31	621	478	143
Lyons 32	255	171	84
Lyons 33	241	151	90
Lyons 34	286	188	98
Lyons 35	565	386	179
Lyons 36	609	463	146
Lyons 37	441	283	158
Lyons 38	266	178	88
Lyons 39	618	491	127
Lyons 40	503	380	123
Lyons 41	416	272	144
Lyons 42	585	445	140
Lyons 43	523	412	111
Lyons 44	988	782	206
Lyons 45	865	573	292
Lyons 46	502	323	179
Lyons 47	598	458	140
Lyons 48	580	359	221
Lyons 49	420	258	162
Lyons 50	665	462	203
Lyons 51	479	284	195
Lyons 52	634	414	220
Lyons 53	605	425	180
Lyons 54	329	226	103
Lyons 55	667	508	159
Lyons 56	829	477	352
Lyons 57	618	323	295
Lyons 58	490	309	181
Lyons 59	522	310	212
Lyons 60	854	461	393
Lyons 61	624	458	166
Lyons 62	302	239	63
Lyons 63	898	660	238
Lyons 64	568	326	242
Lyons 65	729	439	290
Lyons 66	402	239	163
Lyons 67	662	398	264
Lyons 68	460	271	189
Lyons 69	799	613	186
Lyons 70	537	263	274
Lyons 71	306	191	115
Lyons 72	768	605	163
Lyons 73	554	388	166
Lyons 74	336	213	123
Lyons 75	426	280	146
Lyons 76	472	315	157
Lyons 77	479	305	174
Lyons 78	410	276	134
Maine 1	470	289	181
Maine 2	496	303	193
Maine 3	323	214	109
Maine 4	594	427	167
Maine 5	794	541	253
Maine 6	886	561	325
Maine 7	450	308	142
Maine 8	668	446	222
Maine 9	919	633	286
Maine 10	441	298	143
Maine 11	421	308	113
Maine 12	416	284	132
Maine 13	605	414	191
Maine 14	755	503	252
Maine 15	339	238	101
Maine 16	435	286	149
Maine 17	591	379	212
Maine 18	510	329	181
Maine 19	388	268	120
Maine 20	324	226	98
Maine 21	789	583	206
Maine 22	750	536	214
Maine 23	576	379	197
Maine 24	788	565	223
Maine 25	656	488	168
Maine 26	499	331	168
Maine 27	400	285	115
Maine 28	317	212	105
Maine 29	875	600	275
Maine 30	1,332	1,058	274
Maine 31	589	407	182
Maine 32	373	263	110
Maine 33	470	333	137
Maine 34	737	510	227
Maine 35	520	351	169
Maine 36	587	417	170
Maine 37	632	468	164
Maine 38	480	341	139
Maine 39	647	428	219
Maine 40	565	391	174
Maine 41	512	328	184
Maine 42	851	656	195
Maine 43	504	393	111
Maine 44	406	306	100
Maine 45	274	188	86
Maine 46	625	434	191
Maine 47	620	386	234
Maine 48	674	450	224
Maine 49	581	383	198
Maine 50	531	385	146
Maine 51	586	393	193
Maine 52	516	349	167
Maine 53	551	338	213
Maine 54	614	467	147
Maine 55	504	333	171
Maine 56	762	517	245
Maine 57	405	275	130
Maine 58	692	473	219
Maine 59	572	387	185
Maine 60	1,056	789	267
Maine 61	349	231	118
Maine 62	320	207	113
Maine 63	431	296	135
Maine 64	437	297	140
Maine 65	431	307	124
Maine 66	289	196	93
Maine 67	879	656	223
Maine 68	407	266	141
Maine 69	578	389	189
Maine 70	650	414	236
Maine 71	283	193	90
Maine 72	479	333	146
Maine 73	224	151	73
Maine 74	463	335	128
Maine 75	538	357	181
Maine 76	317	221	96
Maine 77	874	620	254
Maine 78	478	320	158
Maine 79	583	340	243
Maine 80	507	367	140
Maine 81	389	258	131
Maine 82	515	349	166
Maine 83	409	296	113
Maine 84	326	223	103
Maine 85	331	233	98
Maine 86	480	312	168
Maine 87	375	276	99
Maine 88	407	308	99
Maine 89	415	269	146
Maine 90	336	237	99
Maine 91	848	589	259
Maine 92	438	301	137
New Trier 1	974	759	215
New Trier 2	997	739	258
New Trier 3	678	506	172
New Trier 4	843	643	200
New Trier 5	552	406	146
New Trier 6	478	387	91
New Trier 7	658	519	139
New Trier 8	546	435	111
New Trier 9	722	571	151
New Trier 10	659	523	136
New Trier 11	866	711	155
New Trier 12	764	592	172
New Trier 13	869	613	256
New Trier 14	772	617	155
New Trier 15	896	695	201
New Trier 16	953	767	186
New Trier 17	645	479	166
New Trier 18	504	406	98
New Trier 19	517	402	115
New Trier 20	907	655	252
New Trier 21	720	519	201
New Trier 22	677	519	158
New Trier 23	714	578	136
New Trier 24	796	557	239
New Trier 25	591	452	139
New Trier 26	518	390	128
New Trier 27	680	517	163
New Trier 28	573	455	118
New Trier 29	629	490	139
New Trier 30	859	676	183
New Trier 31	700	540	160
New Trier 32	602	483	119
New Trier 33	763	578	185
New Trier 34	525	378	147
New Trier 35	415	341	74
New Trier 36	854	679	175
New Trier 37	670	500	170
New Trier 38	679	531	148
New Trier 39	470	351	119
New Trier 40	415	312	103
New Trier 41	568	462	106
Niles 1	656	461	195
Niles 2	721	478	243
Niles 3	960	732	228
Niles 4	524	345	179
Niles 5	358	251	107
Niles 6	584	412	172
Niles 7	875	616	259
Niles 8	284	205	79
Niles 9	418	286	132
Niles 10	647	415	232
Niles 11	352	264	88
Niles 12	434	290	144
Niles 13	714	451	263
Niles 14	714	484	230
Niles 15	702	453	249
Niles 16	851	578	273
Niles 17	700	470	230
Niles 18	378	270	108
Niles 19	646	473	173
Niles 20	562	377	185
Niles 21	860	582	278
Niles 22	554	348	206
Niles 23	636	435	201
Niles 24	699	456	243
Niles 25	393	273	120
Niles 26	724	477	247
Niles 27	557	328	229
Niles 28	644	498	146
Niles 29	379	276	103
Niles 30	485	330	155
Niles 31	650	464	186
Niles 32	265	163	102
Niles 33	739	475	264
Niles 34	629	444	185
Niles 35	666	435	231
Niles 36	412	249	163
Niles 37	612	396	216
Niles 38	1,028	679	349
Niles 39	701	474	227
Niles 40	328	219	109
Niles 41	720	470	250
Niles 42	592	394	198
Niles 43	803	545	258
Niles 44	731	499	232
Niles 45	475	331	144
Niles 46	680	467	213
Niles 47	335	254	81
Niles 48	606	421	185
Niles 49	780	551	229
Niles 50	708	460	248
Niles 51	368	239	129
Niles 52	494	332	162
Niles 53	844	596	248
Niles 54	403	285	118
Niles 55	392	251	141
Niles 56	780	552	228
Niles 57	760	516	244
Niles 58	702	482	220
Niles 59	868	618	250
Niles 60	832	551	281
Niles 61	833	601	232
Niles 62	404	272	132
Niles 63	718	455	263
Niles 64	823	564	259
Northfield 1	706	488	218
Northfield 2	627	471	156
Northfield 3	427	286	141
Northfield 4	653	459	194
Northfield 5	489	341	148
Northfield 6	687	540	147
Northfield 7	851	658	193
Northfield 8	726	566	160
Northfield 9	482	372	110
Northfield 10	552	385	167
Northfield 11	386	281	105
Northfield 12	1,060	800	260
Northfield 13	575	434	141
Northfield 14	526	392	134
Northfield 15	506	382	124
Northfield 16	773	569	204
Northfield 17	590	413	177
Northfield 18	881	639	242
Northfield 19	684	512	172
Northfield 20	642	510	132
Northfield 21	945	709	236
Northfield 22	694	490	204
Northfield 23	518	404	114
Northfield 24	598	448	150
Northfield 25	591	434	157
Northfield 26	562	405	157
Northfield 27	584	409	175
Northfield 28	988	708	280
Northfield 29	553	409	144
Northfield 30	711	556	155
Northfield 31	819	627	192
Northfield 32	916	660	256
Northfield 33	421	283	138
Northfield 34	473	383	90
Northfield 35	693	514	179
Northfield 36	459	320	139
Northfield 37	753	555	198
Northfield 38	539	384	155
Northfield 39	386	253	133
Northfield 40	418	323	95
Northfield 41	585	405	180
Northfield 42	584	436	148
Northfield 43	665	488	177
Northfield 44	501	371	130
Northfield 45	805	603	202
Northfield 46	862	630	232
Northfield 47	857	628	229
Northfield 48	654	474	180
Northfield 49	506	356	150
Northfield 50	799	574	225
Northfield 51	1,458	1,108	350
Northfield 52	606	466	140
Northfield 53	670	521	149
Northfield 54	525	398	127
Northfield 55	540	396	144
Northfield 56	857	648	209
Northfield 57	459	336	123
Northfield 58	364	275	89
Northfield 59	625	438	187
Northfield 60	718	538	180
Northfield 61	490	379	111
Northfield 62	723	532	191
Norwood Park 1	619	395	224
Norwood Park 2	629	401	228
Norwood Park 3	648	464	184
Norwood Park 4	671	448	223
Norwood Park 5	508	342	166
Norwood Park 6	796	511	285
Norwood Park 7	522	339	183
Norwood Park 8	421	290	131
Norwood Park 9	410	271	139
Norwood Park 10	427	303	124
Norwood Park 11	846	585	261
Norwood Park 12	472	328	144
Norwood Park 13	498	328	170
Norwood Park 14	520	360	160
Norwood Park 15	438	298	140
Norwood Park 16	433	291	142
Norwood Park 17	560	367	193
Oak Park 1	548	333	215
Oak Park 2	904	674	230
Oak Park 3	948	624	324
Oak Park 4	861	600	261
Oak Park 5	827	584	243
Oak Park 6	918	548	370
Oak Park 7	568	401	167
Oak Park 8	722	440	282
Oak Park 9	495	318	177
Oak Park 10	706	492	214
Oak Park 11	680	427	253
Oak Park 12	405	259	146
Oak Park 13	731	415	316
Oak Park 14	797	598	199
Oak Park 15	977	591	386
Oak Park 16	1,063	742	321
Oak Park 17	1,052	707	345
Oak Park 18	642	458	184
Oak Park 19	746	479	267
Oak Park 20	1,002	702	300
Oak Park 21	535	306	229
Oak Park 22	517	307	210
Oak Park 23	697	469	228
Oak Park 24	558	418	140
Oak Park 25	683	433	250
Oak Park 26	632	453	179
Oak Park 27	242	167	75
Oak Park 28	954	576	378
Oak Park 29	666	464	202
Oak Park 30	841	532	309
Oak Park 31	1,122	700	422
Oak Park 32	503	306	197
Oak Park 33	686	386	300
Oak Park 34	629	412	217
Oak Park 35	899	633	266
Oak Park 36	850	589	261
Oak Park 37	476	327	149
Orland 1	833	515	318
Orland 2	743	520	223
Orland 3	380	227	153
Orland 4	448	289	159
Orland 5	455	292	163
Orland 6	412	275	137
Orland 7	387	234	153
Orland 8	522	310	212
Orland 9	733	479	254
Orland 10	616	412	204
Orland 11	439	297	142
Orland 12	315	212	103
Orland 13	804	528	276
Orland 14	696	458	238
Orland 15	790	549	241
Orland 16	634	436	198
Orland 17	427	296	131
Orland 18	739	493	246
Orland 19	451	279	172
Orland 20	339	212	127
Orland 21	776	565	211
Orland 22	576	383	193
Orland 23	511	342	169
Orland 24	569	385	184
Orland 25	995	667	328
Orland 26	547	355	192
Orland 27	425	274	151
Orland 28	451	305	146
Orland 29	883	586	297
Orland 30	407	264	143
Orland 31	474	315	159
Orland 32	393	254	139
Orland 33	474	334	140
Orland 34	701	446	255
Orland 35	665	449	216
Orland 36	769	508	261
Orland 37	708	459	249
Orland 38	348	222	126
Orland 39	513	367	146
Orland 40	708	462	246
Orland 41	580	402	178
Orland 42	687	466	221
Orland 43	561	376	185
Orland 44	521	343	178
Orland 45	590	415	175
Orland 46	494	310	184
Orland 47	874	601	273
Orland 48	620	415	205
Orland 49	455	283	172
Orland 50	546	354	192
Orland 51	748	525	223
Orland 52	628	444	184
Orland 53	501	353	148
Orland 54	849	594	255
Orland 55	506	350	156
Orland 56	545	375	170
Orland 57	624	428	196
Orland 58	655	457	198
Orland 59	639	437	202
Orland 60	444	326	118
Orland 61	521	376	145
Orland 62	660	456	204
Orland 63	688	474	214
Orland 64	825	584	241
Orland 65	556	398	158
Orland 66	574	401	173
Orland 67	404	272	132
Orland 68	477	309	168
Orland 69	379	247	132
Orland 70	759	486	273
Orland 71	583	405	178
Orland 72	498	332	166
Orland 73	813	532	281
Orland 74	408	247	161
Orland 75	723	516	207
Palatine 1	461	332	129
Palatine 2	812	616	196
Palatine 3	561	433	128
Palatine 4	476	275	201
Palatine 5	851	537	314
Palatine 6	695	477	218
Palatine 7	681	468	213
Palatine 8	691	486	205
Palatine 9	619	492	127
Palatine 10	792	604	188
Palatine 11	563	378	185
Palatine 12	586	464	122
Palatine 13	574	388	186
Palatine 14	551	400	151
Palatine 15	709	536	173
Palatine 16	539	317	222
Palatine 17	623	452	171
Palatine 18	444	301	143
Palatine 19	670	500	170
Palatine 20	540	314	226
Palatine 21	815	514	301
Palatine 22	630	456	174
Palatine 23	477	385	92
Palatine 24	761	478	283
Palatine 25	509	362	147
Palatine 26	820	570	250
Palatine 27	479	316	163
Palatine 28	453	338	115
Palatine 29	783	546	237
Palatine 30	481	312	169
Palatine 31	462	363	99
Palatine 32	626	459	167
Palatine 33	418	245	173
Palatine 34	810	596	214
Palatine 35	560	389	171
Palatine 36	572	412	160
Palatine 37	709	511	198
Palatine 38	596	474	122
Palatine 39	908	620	288
Palatine 40	951	691	260
Palatine 41	872	655	217
Palatine 42	775	546	229
Palatine 43	553	404	149
Palatine 44	829	637	192
Palatine 45	520	375	145
Palatine 46	726	546	180
Palatine 47	666	456	210
Palatine 48	548	413	135
Palatine 49	487	372	115
Palatine 50	937	682	255
Palatine 51	374	226	148
Palatine 52	647	494	153
Palatine 53	506	350	156
Palatine 54	789	584	205
Palatine 55	470	354	116
Palatine 56	711	510	201
Palatine 57	866	608	258
Palatine 58	621	401	220
Palatine 59	898	625	273
Palatine 60	629	353	276
Palatine 61	418	264	154
Palatine 62	494	322	172
Palatine 63	642	463	179
Palatine 64	628	423	205
Palatine 65	542	398	144
Palatine 66	784	450	334
Palatine 67	594	448	146
Palatine 68	578	429	149
Palatine 69	597	424	173
Palos 1	420	285	135
Palos 2	477	342	135
Palos 3	488	322	166
Palos 4	466	314	152
Palos 5	408	278	130
Palos 6	394	242	152
Palos 7	621	399	222
Palos 8	269	163	106
Palos 9	463	346	117
Palos 10	763	545	218
Palos 11	611	454	157
Palos 12	540	330	210
Palos 13	619	448	171
Palos 14	356	239	117
Palos 15	594	410	184
Palos 16	769	556	213
Palos 17	734	492	242
Palos 18	633	409	224
Palos 19	701	500	201
Palos 20	657	402	255
Palos 21	373	251	122
Palos 22	104	72	32
Palos 23	417	267	150
Palos 24	390	281	109
Palos 25	384	246	138
Palos 26	371	246	125
Palos 27	641	414	227
Palos 28	511	282	229
Palos 29	612	443	169
Palos 30	692	465	227
Palos 31	683	461	222
Palos 32	309	209	100
Palos 33	682	502	180
Palos 34	432	288	144
Palos 35	798	490	308
Palos 36	687	449	238
Palos 37	734	528	206
Palos 38	561	361	200
Palos 39	743	559	184
Proviso 1	511	275	236
Proviso 2	499	249	250
Proviso 3	655	335	320
Proviso 4	618	271	347
Proviso 5	610	268	342
Proviso 6	479	319	160
Proviso 7	128	88	40
Proviso 8	379	231	148
Proviso 9	494	244	250
Proviso 10	483	265	218
Proviso 11	498	289	209
Proviso 12	669	376	293
Proviso 13	606	319	287
Proviso 14	442	240	202
Proviso 15	528	289	239
Proviso 16	536	293	243
Proviso 17	384	184	200
Proviso 18	741	356	385
Proviso 19	641	307	334
Proviso 20	499	218	281
Proviso 21	473	338	135
Proviso 22	444	210	234
Proviso 23	274	213	61
Proviso 24	880	690	190
Proviso 25	722	501	221
Proviso 26	706	526	180
Proviso 27	695	467	228
Proviso 28	654	435	219
Proviso 29	800	541	259
Proviso 30	606	314	292
Proviso 31	364	177	187
Proviso 32	745	500	245
Proviso 33	668	297	371
Proviso 34	957	448	509
Proviso 35	742	505	237
Proviso 36	647	298	349
Proviso 37	410	179	231
Proviso 38	566	244	322
Proviso 39	721	391	330
Proviso 40	592	280	312
Proviso 41	501	251	250
Proviso 42	383	159	224
Proviso 43	411	197	214
Proviso 44	448	208	240
Proviso 45	598	264	334
Proviso 46	164	123	41
Proviso 47	362	165	197
Proviso 48	680	332	348
Proviso 49	424	222	202
Proviso 50	900	516	384
Proviso 51	685	417	268
Proviso 52	458	224	234
Proviso 53	617	292	325
Proviso 54	958	623	335
Proviso 55	578	448	130
Proviso 56	419	186	233
Proviso 57	545	332	213
Proviso 58	378	200	178
Proviso 59	494	270	224
Proviso 60	433	236	197
Proviso 61	659	379	280
Proviso 62	677	403	274
Proviso 63	709	492	217
Proviso 64	573	256	317
Proviso 65	472	255	217
Proviso 66	693	434	259
Proviso 67	781	467	314
Proviso 68	374	266	108
Proviso 69	526	253	273
Proviso 70	509	349	160
Proviso 71	982	532	450
Proviso 72	501	310	191
Proviso 73	547	333	214
Proviso 74	553	332	221
Proviso 75	655	442	213
Proviso 76	665	391	274
Proviso 77	399	246	153
Proviso 78	253	142	111
Proviso 79	458	178	280
Proviso 80	417	233	184
Proviso 81	452	233	219
Proviso 82	809	374	435
Proviso 83	697	318	379
Proviso 84	460	296	164
Proviso 85	718	432	286
Proviso 86	596	248	348
Proviso 87	649	381	268
Proviso 88	326	176	150
Proviso 89	475	339	136
Proviso 90	968	642	326
Proviso 91	481	255	226
Proviso 92	763	477	286
Proviso 93	433	230	203
Proviso 94	473	211	262
Proviso 95	439	264	175
Proviso 96	399	268	131
Proviso 97	864	602	262
Proviso 98	585	356	229
Proviso 99	586	279	307
Proviso 100	750	435	315
Proviso 101	544	341	203
Proviso 102	720	449	271
Rich 1	2,021	911	1,110
Rich 2	587	284	303
Rich 3	843	420	423
Rich 4	543	247	296
Rich 5	768	401	367
Rich 6	819	402	417
Rich 7	573	310	263
Rich 8	1,047	539	508
Rich 9	822	386	436
Rich 10	487	254	233
Rich 11	591	338	253
Rich 12	748	373	375
Rich 13	418	226	192
Rich 14	558	306	252
Rich 15	928	390	538
Rich 16	543	259	284
Rich 17	594	322	272
Rich 18	681	319	362
Rich 19	441	289	152
Rich 20	985	683	302
Rich 21	828	408	420
Rich 22	630	359	271
Rich 23	878	411	467
Rich 24	686	359	327
Rich 25	954	450	504
Rich 26	742	363	379
Rich 27	708	359	349
Rich 28	523	238	285
Rich 29	640	418	222
Rich 30	870	390	480
Rich 31	529	335	194
Rich 32	840	446	394
Rich 33	511	358	153
Rich 34	551	287	264
Rich 35	478	240	238
Rich 36	1,286	633	653
Rich 37	478	215	263
Rich 38	645	303	342
Rich 39	676	394	282
Rich 40	600	250	350
Rich 41	445	232	213
Rich 42	600	263	337
Rich 43	755	366	389
Rich 44	506	218	288
Rich 45	775	394	381
Rich 46	927	441	486
Rich 47	1,017	502	515
Rich 48	690	304	386
Rich 49	649	315	334
Rich 50	379	245	134
Rich 51	652	336	316
River Forest 1	946	725	221
River Forest 2	626	490	136
River Forest 3	677	464	213
River Forest 4	762	555	207
River Forest 5	493	356	137
River Forest 6	480	370	110
River Forest 7	680	501	179
River Forest 8	894	646	248
Riverside 1	712	520	192
Riverside 2	79	50	29
Riverside 3	409	278	131
Riverside 4	844	602	242
Riverside 5	445	301	144
Riverside 6	535	347	188
Riverside 7	462	312	150
Riverside 8	746	520	226
Riverside 9	539	407	132
Riverside 10	743	546	197
Riverside 11	841	605	236
Riverside 12	453	289	164
Riverside 13	716	466	250
Schaumburg 1	1,050	705	345
Schaumburg 2	935	591	344
Schaumburg 3	617	423	194
Schaumburg 4	390	252	138
Schaumburg 5	369	310	59
Schaumburg 6	575	358	217
Schaumburg 7	457	274	183
Schaumburg 8	512	306	206
Schaumburg 9	460	295	165
Schaumburg 10	431	256	175
Schaumburg 11	545	386	159
Schaumburg 12	634	423	211
Schaumburg 13	460	318	142
Schaumburg 14	676	477	199
Schaumburg 15	595	386	209
Schaumburg 16	766	503	263
Schaumburg 17	659	482	177
Schaumburg 18	529	339	190
Schaumburg 19	477	323	154
Schaumburg 20	486	350	136
Schaumburg 21	823	532	291
Schaumburg 22	707	427	280
Schaumburg 23	683	431	252
Schaumburg 24	729	487	242
Schaumburg 25	662	436	226
Schaumburg 26	727	512	215
Schaumburg 27	454	293	161
Schaumburg 28	750	475	275
Schaumburg 29	699	507	192
Schaumburg 30	548	400	148
Schaumburg 31	851	593	258
Schaumburg 32	758	501	257
Schaumburg 33	511	342	169
Schaumburg 34	744	446	298
Schaumburg 35	447	299	148
Schaumburg 36	445	285	160
Schaumburg 37	411	278	133
Schaumburg 38	555	358	197
Schaumburg 39	863	625	238
Schaumburg 40	593	408	185
Schaumburg 41	585	369	216
Schaumburg 42	688	408	280
Schaumburg 43	545	323	222
Schaumburg 44	742	438	304
Schaumburg 45	666	420	246
Schaumburg 46	456	297	159
Schaumburg 47	572	393	179
Schaumburg 48	511	334	177
Schaumburg 49	452	322	130
Schaumburg 50	460	328	132
Schaumburg 51	497	288	209
Schaumburg 52	815	592	223
Schaumburg 53	592	417	175
Schaumburg 54	742	560	182
Schaumburg 55	550	390	160
Schaumburg 56	669	466	203
Schaumburg 57	807	573	234
Schaumburg 58	411	286	125
Schaumburg 59	779	573	206
Schaumburg 60	452	307	145
Schaumburg 61	876	586	290
Schaumburg 62	676	450	226
Schaumburg 63	536	388	148
Schaumburg 64	544	376	168
Schaumburg 65	497	380	117
Schaumburg 66	564	415	149
Schaumburg 67	593	399	194
Schaumburg 68	512	367	145
Schaumburg 69	499	348	151
Schaumburg 70	499	352	147
Schaumburg 71	585	422	163
Schaumburg 72	586	405	181
Schaumburg 73	734	499	235
Schaumburg 74	501	345	156
Schaumburg 75	538	389	149
Schaumburg 76	573	421	152
Schaumburg 77	809	570	239
Schaumburg 78	561	378	183
Stickney 1	312	181	131
Stickney 2	465	283	182
Stickney 3	883	516	367
Stickney 4	692	405	287
Stickney 5	755	472	283
Stickney 6	885	545	340
Stickney 7	362	206	156
Stickney 8	581	370	211
Stickney 9	581	351	230
Stickney 10	762	433	329
Stickney 11	657	401	256
Stickney 12	618	389	229
Stickney 13	489	304	185
Stickney 14	757	456	301
Stickney 15	684	406	278
Stickney 16	664	398	266
Stickney 17	458	292	166
Stickney 18	336	194	142
Stickney 19	538	302	236
Stickney 20	479	284	195
Thornton 1	303	146	157
Thornton 2	279	148	131
Thornton 3	581	290	291
Thornton 4	705	309	396
Thornton 5	496	253	243
Thornton 6	684	325	359
Thornton 7	503	231	272
Thornton 8	658	316	342
Thornton 9	298	159	139
Thornton 10	557	292	265
Thornton 11	352	174	178
Thornton 12	439	223	216
Thornton 13	511	279	232
Thornton 14	577	287	290
Thornton 15	517	259	258
Thornton 16	567	330	237
Thornton 17	655	370	285
Thornton 18	856	490	366
Thornton 19	736	425	311
Thornton 20	396	243	153
Thornton 21	777	378	399
Thornton 22	559	290	269
Thornton 23	500	245	255
Thornton 24	607	388	219
Thornton 25	557	337	220
Thornton 26	573	305	268
Thornton 27	724	352	372
Thornton 28	472	215	257
Thornton 29	343	140	203
Thornton 30	374	174	200
Thornton 31	227	128	99
Thornton 32	485	244	241
Thornton 33	541	264	277
Thornton 34	788	368	420
Thornton 35	746	382	364
Thornton 36	348	182	166
Thornton 37	690	364	326
Thornton 38	786	362	424
Thornton 39	409	191	218
Thornton 40	422	198	224
Thornton 41	382	159	223
Thornton 42	375	170	205
Thornton 43	468	276	192
Thornton 44	401	208	193
Thornton 45	464	197	267
Thornton 46	637	317	320
Thornton 47	446	274	172
Thornton 48	502	233	269
Thornton 49	335	163	172
Thornton 50	463	232	231
Thornton 51	458	271	187
Thornton 52	590	303	287
Thornton 53	375	189	186
Thornton 54	805	371	434
Thornton 55	376	185	191
Thornton 56	579	322	257
Thornton 57	418	272	146
Thornton 58	658	350	308
Thornton 59	459	231	228
Thornton 60	358	195	163
Thornton 61	371	179	192
Thornton 62	207	115	92
Thornton 63	340	177	163
Thornton 64	451	195	256
Thornton 65	740	409	331
Thornton 66	804	383	421
Thornton 67	714	459	255
Thornton 68	619	360	259
Thornton 69	441	233	208
Thornton 70	322	151	171
Thornton 71	335	154	181
Thornton 72	554	277	277
Thornton 73	837	408	429
Thornton 74	630	320	310
Thornton 75	529	256	273
Thornton 76	626	306	320
Thornton 77	875	404	471
Thornton 78	613	323	290
Thornton 79	777	368	409
Thornton 80	477	214	263
Thornton 81	522	229	293
Thornton 82	536	320	216
Thornton 83	744	337	407
Thornton 84	695	353	342
Thornton 85	451	226	225
Thornton 86	430	187	243
Thornton 87	739	335	404
Thornton 88	532	249	283
Thornton 89	757	349	408
Thornton 90	558	286	272
Thornton 91	542	264	278
Thornton 92	637	317	320
Thornton 93	396	189	207
Thornton 94	635	317	318
Thornton 95	447	216	231
Thornton 96	472	245	227
Thornton 97	324	178	146
Thornton 98	235	134	101
Thornton 99	488	258	230
Thornton 100	386	207	179
Thornton 101	494	241	253
Thornton 102	366	200	166
Thornton 103	338	163	175
Thornton 104	259	120	139
Thornton 105	502	239	263
Thornton 106	431	216	215
Thornton 107	724	349	375
Thornton 108	361	183	178
Thornton 109	484	251	233
Thornton 110	380	191	189
Thornton 111	441	222	219
Thornton 112	347	190	157
Thornton 113	307	144	163
Thornton 114	561	295	266
Thornton 115	523	228	295
Thornton 116	662	342	320
Thornton 117	647	372	275
Thornton 118	527	320	207
Thornton 119	616	310	306
Thornton 120	856	403	453
Thornton 121	445	208	237
Thornton 122	766	384	382
Thornton 123	400	198	202
Wheeling 1	558	388	170
Wheeling 2	477	348	129
Wheeling 3	615	463	152
Wheeling 4	494	343	151
Wheeling 5	572	433	139
Wheeling 6	398	269	129
Wheeling 7	836	604	232
Wheeling 8	428	309	119
Wheeling 9	529	337	192
Wheeling 10	758	586	172
Wheeling 11	844	557	287
Wheeling 12	931	648	283
Wheeling 13	589	424	165
Wheeling 14	502	386	116
Wheeling 15	526	388	138
Wheeling 16	257	139	118
Wheeling 17	609	396	213
Wheeling 18	569	420	149
Wheeling 19	810	609	201
Wheeling 20	710	529	181
Wheeling 21	437	331	106
Wheeling 22	663	466	197
Wheeling 23	585	443	142
Wheeling 24	497	415	82
Wheeling 25	736	486	250
Wheeling 26	882	645	237
Wheeling 27	978	721	257
Wheeling 28	860	612	248
Wheeling 29	378	264	114
Wheeling 30	876	669	207
Wheeling 31	458	319	139
Wheeling 32	442	320	122
Wheeling 33	383	220	163
Wheeling 34	808	613	195
Wheeling 35	602	446	156
Wheeling 36	895	675	220
Wheeling 37	745	423	322
Wheeling 38	714	452	262
Wheeling 39	668	485	183
Wheeling 40	632	454	178
Wheeling 41	1,003	761	242
Wheeling 42	830	597	233
Wheeling 43	609	421	188
Wheeling 44	765	549	216
Wheeling 45	481	342	139
Wheeling 46	1,019	732	287
Wheeling 47	552	380	172
Wheeling 48	551	392	159
Wheeling 49	774	458	316
Wheeling 50	508	325	183
Wheeling 51	754	513	241
Wheeling 52	510	367	143
Wheeling 53	712	543	169
Wheeling 54	738	529	209
Wheeling 55	599	433	166
Wheeling 56	567	394	173
Wheeling 57	686	525	161
Wheeling 58	530	373	157
Wheeling 59	687	478	209
Wheeling 60	447	326	121
Wheeling 61	770	549	221
Wheeling 62	741	520	221
Wheeling 63	472	303	169
Wheeling 64	875	582	293
Wheeling 65	821	595	226
Wheeling 66	796	571	225
Wheeling 67	370	282	88
Wheeling 68	375	280	95
Wheeling 69	561	411	150
Wheeling 70	837	604	233
Wheeling 71	983	707	276
Wheeling 72	630	425	205
Wheeling 73	650	483	167
Wheeling 74	468	306	162
Wheeling 75	669	508	161
Wheeling 76	795	525	270
Wheeling 77	282	160	122
Wheeling 78	954	677	277
Wheeling 79	554	384	170
Wheeling 80	574	355	219
Wheeling 81	514	387	127
Wheeling 82	822	584	238
Wheeling 83	943	711	232
Wheeling 84	851	557	294
Wheeling 85	517	369	148
Wheeling 86	711	542	169
Wheeling 87	615	439	176
Wheeling 88	642	428	214
Wheeling 89	405	281	124
Wheeling 90	630	476	154
Wheeling 91	757	531	226
Wheeling 92	1,027	774	253
Worth 1	328	216	112
Worth 2	699	439	260
Worth 3	620	403	217
Worth 4	876	504	372
Worth 5	671	420	251
Worth 6	697	435	262
Worth 7	629	442	187
Worth 8	685	381	304
Worth 9	701	416	285
Worth 10	705	422	283
Worth 11	640	407	233
Worth 12	405	249	156
Worth 13	668	418	250
Worth 14	583	346	237
Worth 15	841	497	344
Worth 16	842	544	298
Worth 17	671	368	303
Worth 18	482	351	131
Worth 19	626	381	245
Worth 20	416	235	181
Worth 21	885	530	355
Worth 22	476	317	159
Worth 23	649	423	226
Worth 24	368	206	162
Worth 25	733	477	256
Worth 26	491	280	211
Worth 27	497	339	158
Worth 28	405	248	157
Worth 29	499	271	228
Worth 30	630	381	249
Worth 31	764	448	316
Worth 32	423	294	129
Worth 33	584	350	234
Worth 34	586	331	255
Worth 35	695	425	270
Worth 36	631	377	254
Worth 37	473	249	224
Worth 38	608	339	269
Worth 39	588	396	192
Worth 40	657	372	285
Worth 41	331	212	119
Worth 42	544	340	204
Worth 43	409	186	223
Worth 44	418	247	171
Worth 45	496	337	159
Worth 46	757	479	278
Worth 47	348	202	146
Worth 48	439	272	167
Worth 49	381	251	130
Worth 50	678	436	242
Worth 51	460	299	161
Worth 52	387	251	136
Worth 53	621	356	265
Worth 54	649	415	234
Worth 55	376	225	151
Worth 56	643	418	225
Worth 57	631	385	246
Worth 58	696	400	296
Worth 59	763	405	358
Worth 60	387	256	131
Worth 61	544	331	213
Worth 62	356	244	112
Worth 63	619	356	263
Worth 64	866	587	279
Worth 65	895	623	272
Worth 66	420	269	151
Worth 67	423	273	150
Worth 68	458	225	233
Worth 69	700	404	296
Worth 70	725	467	258
Worth 71	480	308	172
Worth 72	676	408	268
Worth 73	386	227	159
Worth 74	317	218	99
Worth 75	737	463	274
Worth 76	296	180	116
Worth 77	632	389	243
Worth 78	749	434	315
Worth 79	432	304	128
Worth 80	692	353	339
Worth 81	446	284	162
Worth 82	605	378	227
Worth 83	278	153	125
Worth 84	632	402	230
Worth 85	612	385	227
Worth 86	602	401	201
Worth 87	534	331	203
Worth 88	382	230	152
Worth 89	806	582	224
Worth 90	635	382	253
Worth 91	350	235	115
Worth 92	659	456	203
Worth 93	362	228	134
Worth 94	709	436	273
Worth 95	614	450	164
Worth 96	728	396	332
Worth 97	488	268	220
Worth 98	705	485	220
Worth 99	398	240	158
Worth 100	652	435	217
