Precinct	total_votes	votes|Christopher E.K. Pfannkuche	votes|Kim Foxx
01001	579	82	497
01002	549	46	503
01003	675	138	537
01004	647	140	507
01005	635	133	502
01006	571	121	450
01007	409	61	348
01008	521	84	437
01009	459	60	399
01010	727	175	552
01011	656	151	505
01012	669	144	525
01013	250	38	212
01014	610	106	504
01015	527	92	435
01016	539	83	456
01017	496	48	448
01018	608	63	545
01019	721	78	643
01020	463	35	428
01021	697	149	548
01022	370	43	327
01023	784	102	682
01024	513	53	460
01025	547	90	457
01026	386	47	339
01027	596	120	476
01028	167	10	157
01029	579	106	473
01030	648	72	576
01031	581	93	488
01032	558	125	433
01033	646	145	501
01034	514	75	439
01035	717	186	531
01036	637	166	471
01037	587	148	439
01038	568	88	480
01039	495	117	378
01040	555	122	433
01041	306	39	267
01042	179	34	145
01043	384	65	319
01044	492	64	428
02001	655	142	513
02002	481	153	328
02003	713	154	559
02004	532	87	445
02005	709	164	545
02006	605	127	478
02007	587	136	451
02008	717	163	554
02009	550	223	327
02010	521	212	309
02011	622	264	358
02012	562	121	441
02013	559	191	368
02014	629	135	494
02015	565	119	446
02016	541	99	442
02017	689	140	549
02018	603	197	406
02019	427	168	259
02020	708	239	469
02021	609	126	483
02022	659	266	393
02023	429	180	249
02024	574	181	393
02025	685	152	533
02026	536	151	385
02027	585	240	345
02028	699	278	421
02029	673	262	411
02030	517	211	306
02031	762	293	469
02032	560	202	358
02033	888	323	565
02034	500	193	307
02035	807	295	512
02036	492	169	323
02037	539	192	347
02038	579	245	334
02039	424	205	219
02040	722	243	479
02041	657	251	406
02042	675	235	440
02043	852	332	520
02044	403	153	250
02045	577	163	414
02046	378	146	232
03001	692	13	679
03002	652	17	635
03003	487	49	438
03004	622	15	607
03005	424	9	415
03006	716	230	486
03007	403	10	393
03008	587	9	578
03009	580	18	562
03010	340	15	325
03011	602	9	593
03012	537	10	527
03013	685	192	493
03014	647	129	518
03015	620	19	601
03016	572	11	561
03017	725	103	622
03018	844	46	798
03019	691	249	442
03020	613	9	604
03021	650	171	479
03022	815	186	629
03023	536	18	518
03024	525	15	510
03025	971	308	663
03026	687	191	496
03027	752	224	528
03028	358	8	350
03029	672	21	651
03030	549	14	535
03031	730	20	710
03032	696	140	556
03033	733	175	558
03034	748	167	581
03035	304	10	294
03036	367	7	360
03037	531	12	519
03038	471	12	459
03039	809	216	593
03040	667	75	592
03041	466	57	409
04001	742	60	682
04002	745	189	556
04003	562	8	554
04004	796	19	777
04005	578	21	557
04006	671	32	639
04007	696	11	685
04008	664	10	654
04009	630	15	615
04010	658	25	633
04011	651	17	634
04012	656	19	637
04013	676	127	549
04014	610	21	589
04015	721	25	696
04016	876	191	685
04017	797	137	660
04018	523	18	505
04019	595	11	584
04020	521	121	400
04021	820	137	683
04022	606	41	565
04023	761	52	709
04024	556	37	519
04025	685	168	517
04026	589	19	570
04027	689	40	649
04028	555	30	525
04029	602	11	591
04030	828	22	806
04031	584	27	557
04032	644	10	634
04033	641	30	611
04034	557	12	545
04035	706	21	685
04036	652	20	632
04037	958	215	743
04038	608	17	591
05001	550	14	536
05002	494	7	487
05003	586	42	544
05004	700	35	665
05005	548	12	536
05006	485	11	474
05007	535	34	501
05008	591	59	532
05009	650	34	616
05010	522	8	514
05011	589	50	539
05012	462	8	454
05013	490	11	479
05014	454	7	447
05015	547	36	511
05016	588	12	576
05017	516	15	501
05018	541	22	519
05019	541	50	491
05020	626	35	591
05021	602	46	556
05022	620	70	550
05023	985	85	900
05024	625	45	580
05025	516	13	503
05026	611	13	598
05027	769	95	674
05028	580	21	559
05029	629	20	609
05030	470	19	451
05031	483	9	474
05032	593	13	580
05033	578	4	574
05034	707	90	617
05035	577	52	525
05036	378	10	368
05037	580	43	537
05038	562	6	556
05039	452	41	411
05040	446	10	436
05041	283	15	268
06001	499	9	490
06002	494	7	487
06003	495	10	485
06004	422	9	413
06005	386	7	379
06006	466	13	453
06007	490	12	478
06008	480	8	472
06009	549	13	536
06010	364	9	355
06011	461	7	454
06012	432	5	427
06013	365	8	357
06014	497	9	488
06015	487	12	475
06016	474	8	466
06017	413	5	408
06018	405	10	395
06019	463	7	456
06020	357	6	351
06021	342	5	337
06022	383	6	377
06023	325	9	316
06024	301	4	297
06025	327	4	323
06026	426	11	415
06027	343	12	331
06028	312	5	307
06029	495	10	485
06030	465	13	452
06031	477	10	467
06032	468	8	460
06033	490	14	476
06034	514	8	506
06035	438	7	431
06036	505	6	499
06037	469	17	452
06038	497	9	488
06039	462	10	452
06040	420	4	416
06041	498	11	487
06042	535	13	522
06043	444	6	438
06044	534	8	526
06045	542	9	533
06046	353	5	348
06047	397	7	390
06048	496	6	490
07001	476	15	461
07002	518	9	509
07003	445	11	434
07004	435	7	428
07005	415	12	403
07006	609	18	591
07007	513	14	499
07008	386	10	376
07009	758	23	735
07010	498	9	489
07011	570	9	561
07012	474	10	464
07013	290	6	284
07014	529	16	513
07015	469	7	462
07016	435	10	425
07017	419	13	406
07018	461	17	444
07019	450	15	435
07020	370	7	363
07021	405	15	390
07022	418	27	391
07023	433	4	429
07024	397	8	389
07025	463	30	433
07026	373	7	366
07027	386	8	378
07028	370	15	355
07029	397	8	389
07030	385	15	370
07031	311	13	298
07032	590	14	576
07033	533	15	518
07034	511	10	501
07035	475	15	460
07036	540	13	527
07037	479	17	462
07038	430	9	421
07039	420	12	408
07040	413	7	406
07041	442	14	428
07042	424	15	409
07043	441	8	433
07044	431	4	427
07045	503	15	488
07046	176	5	171
08001	399	9	390
08002	483	14	469
08003	481	11	470
08004	492	8	484
08005	482	3	479
08006	473	9	464
08007	532	13	519
08008	434	6	428
08009	323	5	318
08010	544	12	532
08011	431	14	417
08012	427	12	415
08013	539	11	528
08014	466	10	456
08015	484	10	474
08016	178	6	172
08017	384	7	377
08018	537	11	526
08019	491	16	475
08020	506	9	497
08021	636	5	631
08022	441	7	434
08023	437	10	427
08024	295	6	289
08025	498	15	483
08026	491	15	476
08027	502	12	490
08028	495	12	483
08029	558	16	542
08030	522	13	509
08031	381	10	371
08032	389	4	385
08033	453	10	443
08034	421	14	407
08035	479	11	468
08036	502	3	499
08037	372	8	364
08038	313	7	306
08039	490	13	477
08040	379	6	373
08041	519	8	511
08042	640	14	626
08043	270	9	261
08044	327	6	321
08045	517	11	506
08046	412	11	401
08047	402	4	398
08048	472	15	457
08049	433	5	428
08050	479	9	470
08051	508	10	498
08052	598	9	589
08053	269	7	262
08054	478	11	467
08055	364	5	359
08056	492	5	487
09001	481	7	474
09002	440	5	435
09003	454	8	446
09004	380	1	379
09005	401	3	398
09006	449	7	442
09007	369	10	359
09008	529	8	521
09009	519	8	511
09010	391	4	387
09011	372	9	363
09012	522	12	510
09013	474	9	465
09014	556	7	549
09015	559	10	549
09016	403	17	386
09017	428	8	420
09018	350	5	345
09019	431	9	422
09020	462	5	457
09021	431	10	421
09022	483	12	471
09023	489	7	482
09024	453	9	444
09025	466	8	458
09026	657	14	643
09027	436	7	429
09028	347	18	329
09029	466	11	455
09030	396	9	387
09031	392	9	383
09032	447	15	432
09033	386	8	378
09034	425	9	416
09035	438	5	433
09036	426	5	421
09037	571	98	473
09038	473	13	460
09039	502	5	497
09040	474	7	467
09041	386	6	380
09042	454	4	450
09043	475	7	468
09044	385	5	380
09045	428	11	417
09046	497	20	477
09047	482	12	470
09048	487	10	477
09049	482	4	478
09050	571	7	564
09051	450	11	439
10001	402	18	384
10002	416	180	236
10003	416	153	263
10004	412	36	376
10005	362	129	233
10006	369	69	300
10007	335	52	283
10008	384	7	377
10009	421	170	251
10010	450	141	309
10011	537	100	437
10012	310	88	222
10013	501	57	444
10014	568	156	412
10015	867	11	856
10016	361	92	269
10017	565	239	326
10018	321	23	298
10019	477	153	324
10020	449	114	335
10021	454	92	362
10022	288	44	244
10023	416	68	348
10024	463	216	247
10025	147	11	136
10026	365	48	317
10027	496	38	458
10028	502	93	409
10029	424	75	349
10030	419	52	367
10031	348	45	303
10032	426	97	329
10033	330	41	289
10034	346	29	317
10035	459	179	280
10036	105	6	99
11001	503	164	339
11002	79	16	63
11003	472	62	410
11004	448	110	338
11005	653	126	527
11006	740	199	541
11007	872	149	723
11008	459	115	344
11009	431	119	312
11010	417	121	296
11011	549	191	358
11012	649	269	380
11013	600	258	342
11014	260	100	160
11015	173	39	134
11016	356	128	228
11017	570	145	425
11018	410	137	273
11019	643	155	488
11020	342	118	224
11021	607	230	377
11022	616	190	426
11023	281	102	179
11024	551	189	362
11025	582	185	397
11026	577	188	389
11027	189	57	132
11028	246	89	157
11029	551	229	322
11030	250	98	152
11031	487	196	291
11032	247	106	141
11033	601	162	439
11034	159	64	95
11035	106	35	71
11036	220	70	150
11037	145	27	118
11038	247	35	212
12001	481	95	386
12002	387	62	325
12003	572	124	448
12004	468	105	363
12005	390	98	292
12006	445	87	358
12007	477	51	426
12008	480	100	380
12009	385	81	304
12010	522	43	479
12011	471	64	407
12012	470	76	394
12013	476	83	393
12014	420	32	388
12015	405	42	363
12016	432	48	384
12017	516	88	428
12018	406	41	365
12019	449	81	368
12020	572	74	498
12021	493	83	410
12022	437	38	399
12023	464	105	359
13001	340	110	230
13002	321	136	185
13003	317	59	258
13004	417	167	250
13005	466	83	383
13006	366	175	191
13007	327	65	262
13008	326	139	187
13009	421	98	323
13010	347	203	144
13011	410	140	270
13012	362	96	266
13013	384	60	324
13014	406	86	320
13015	604	104	500
13016	302	48	254
13017	379	136	243
13018	332	157	175
13019	491	44	447
13020	264	141	123
13021	447	216	231
13022	427	200	227
13023	349	74	275
13024	376	91	285
13025	401	104	297
13026	417	113	304
13027	375	115	260
13028	301	52	249
13029	346	91	255
13030	318	34	284
13031	414	195	219
13032	331	174	157
13033	360	164	196
13034	454	59	395
13035	358	68	290
13036	258	47	211
13037	451	72	379
13038	351	168	183
13039	406	75	331
13040	329	80	249
13041	460	65	395
13042	379	208	171
13043	403	98	305
13044	442	50	392
13045	430	142	288
13046	499	97	402
13047	464	69	395
13048	348	159	189
14001	479	264	215
14002	576	125	451
14003	495	55	440
14004	420	206	214
14005	627	60	567
14006	225	32	193
14007	554	103	451
14008	519	109	410
14009	503	205	298
14010	308	72	236
14011	282	24	258
14012	457	104	353
14013	363	50	313
14014	455	52	403
14015	518	48	470
14016	317	69	248
14017	370	56	314
14018	172	55	117
14019	452	64	388
14020	317	55	262
14021	410	59	351
14022	563	170	393
14023	348	100	248
14024	505	230	275
14025	283	42	241
14026	328	47	281
14027	448	95	353
14028	347	64	283
14029	394	43	351
14030	269	21	248
14031	261	33	228
15001	420	59	361
15002	332	4	328
15003	336	11	325
15004	425	57	368
15005	424	46	378
15006	481	87	394
15007	349	8	341
15008	403	46	357
15009	554	73	481
15010	603	99	504
15011	554	74	480
15012	538	79	459
15013	436	43	393
15014	413	48	365
15015	398	47	351
15016	461	40	421
15017	347	14	333
15018	359	5	354
15019	392	40	352
15020	304	6	298
15021	303	6	297
15022	384	7	377
15023	390	10	380
15024	374	4	370
16001	490	85	405
16002	426	13	413
16003	369	13	356
16004	399	15	384
16005	352	9	343
16006	398	5	393
16007	382	14	368
16008	294	10	284
16009	439	14	425
16010	386	11	375
16011	412	23	389
16012	365	9	356
16013	457	35	422
16014	382	14	368
16015	432	7	425
16016	384	3	381
16017	478	33	445
16018	393	26	367
16019	377	16	361
16020	357	7	350
16021	356	5	351
16022	392	7	385
16023	430	31	399
16024	241	9	232
16025	431	10	421
16026	359	5	354
16027	371	6	365
16028	369	8	361
16029	389	4	385
16030	376	14	362
16031	408	5	403
16032	464	45	419
16033	382	2	380
16034	361	7	354
16035	480	34	446
16036	301	9	292
17001	425	41	384
17002	441	9	432
17003	486	16	470
17004	608	5	603
17005	373	12	361
17006	434	13	421
17007	436	42	394
17008	452	14	438
17009	370	2	368
17010	594	16	578
17011	402	10	392
17012	589	34	555
17013	420	15	405
17014	479	26	453
17015	529	15	514
17016	471	33	438
17017	435	22	413
17018	467	10	457
17019	322	7	315
17020	535	2	533
17021	501	8	493
17022	419	9	410
17023	303	6	297
17024	500	7	493
17025	368	11	357
17026	530	10	520
17027	448	9	439
17028	364	6	358
17029	453	9	444
17030	407	52	355
17031	328	9	319
17032	411	6	405
17033	345	9	336
17034	353	7	346
17035	387	7	380
17036	467	4	463
17037	397	7	390
17038	502	10	492
17039	461	9	452
17040	456	9	447
17041	533	8	525
18001	431	22	409
18002	435	85	350
18003	400	125	275
18004	467	18	449
18005	341	5	336
18006	413	131	282
18007	484	53	431
18008	450	16	434
18009	424	27	397
18010	554	21	533
18011	381	55	326
18012	437	20	417
18013	480	21	459
18014	457	15	442
18015	513	80	433
18016	423	22	401
18017	473	31	442
18018	370	4	366
18019	438	11	427
18020	379	3	376
18021	546	26	520
18022	482	14	468
18023	432	26	406
18024	435	112	323
18025	466	109	357
18026	524	24	500
18027	375	26	349
18028	435	136	299
18029	483	59	424
18030	503	148	355
18031	481	20	461
18032	481	7	474
18033	369	6	363
18034	515	28	487
18035	484	24	460
18036	484	66	418
18037	499	13	486
18038	414	5	409
18039	403	14	389
18040	525	87	438
18041	516	13	503
18042	428	25	403
18043	362	91	271
18044	392	132	260
18045	457	47	410
18046	486	118	368
18047	395	20	375
18048	378	7	371
18049	309	11	298
18050	392	16	376
19001	436	239	197
19002	617	116	501
19003	388	281	107
19004	560	356	204
19005	507	164	343
19006	499	325	174
19007	453	211	242
19008	548	376	172
19009	379	212	167
19010	576	182	394
19011	501	356	145
19012	410	286	124
19013	585	35	550
19014	533	146	387
19015	651	431	220
19016	503	332	171
19017	441	252	189
19018	443	167	276
19019	605	220	385
19020	421	70	351
19021	519	335	184
19022	506	197	309
19023	484	270	214
19024	357	247	110
19025	450	194	256
19026	509	238	271
19027	479	67	412
19028	564	37	527
19029	525	335	190
19030	459	305	154
19031	436	195	241
19032	427	232	195
19033	498	339	159
19034	455	188	267
19035	435	173	262
19036	693	86	607
19037	465	79	386
19038	437	63	374
19039	221	19	202
19040	515	146	369
19041	468	310	158
19042	375	89	286
19043	680	33	647
19044	550	374	176
19045	475	275	200
19046	489	291	198
19047	684	118	566
19048	630	19	611
19049	576	72	504
19050	399	186	213
19051	516	253	263
19052	561	358	203
19053	443	205	238
19054	401	270	131
19055	428	284	144
19056	515	179	336
19057	406	103	303
20001	511	9	502
20002	220	11	209
20003	401	2	399
20004	249	16	233
20005	507	15	492
20006	265	14	251
20007	517	14	503
20008	451	7	444
20009	640	9	631
20010	415	5	410
20011	618	14	604
20012	418	9	409
20013	554	4	550
20014	268	8	260
20015	489	57	432
20016	519	21	498
20017	308	19	289
20018	381	8	373
20019	517	12	505
20020	402	46	356
20021	421	11	410
20022	485	15	470
20023	577	8	569
20024	490	19	471
20025	394	8	386
20026	496	35	461
20027	274	4	270
20028	306	4	302
20029	559	16	543
20030	249	7	242
20031	588	13	575
20032	483	11	472
20033	341	6	335
20034	708	39	669
20035	466	6	460
20036	186	2	184
20037	176	3	173
20038	212	12	200
20039	61	0	61
21001	461	8	453
21002	396	3	393
21003	494	8	486
21004	482	4	478
21005	518	9	509
21006	421	4	417
21007	471	6	465
21008	506	10	496
21009	484	4	480
21010	446	12	434
21011	445	3	442
21012	448	5	443
21013	489	9	480
21014	529	12	517
21015	440	5	435
21016	425	4	421
21017	435	9	426
21018	521	11	510
21019	488	3	485
21020	445	3	442
21021	391	6	385
21022	443	14	429
21023	427	8	419
21024	460	9	451
21025	413	5	408
21026	509	17	492
21027	444	4	440
21028	590	11	579
21029	508	9	499
21030	398	13	385
21031	317	7	310
21032	455	7	448
21033	465	6	459
21034	497	8	489
21035	478	4	474
21036	483	14	469
21037	391	7	384
21038	492	8	484
21039	404	4	400
21040	423	7	416
21041	444	8	436
21042	508	9	499
21043	472	4	468
21044	462	12	450
21045	428	15	413
21046	510	8	502
21047	476	8	468
21048	440	9	431
21049	514	8	506
21050	393	9	384
21051	444	6	438
21052	488	11	477
21053	374	13	361
21054	412	9	403
22001	277	4	273
22002	512	172	340
22003	587	60	527
22004	361	27	334
22005	440	41	399
22006	433	36	397
22007	328	32	296
22008	572	134	438
22009	398	37	361
22010	594	66	528
22011	380	40	340
22012	383	83	300
22013	420	51	369
22014	358	28	330
22015	392	43	349
22016	366	35	331
22017	476	51	425
22018	428	34	394
22019	272	6	266
22020	416	48	368
22021	534	7	527
22022	391	36	355
22023	585	18	567
22024	512	62	450
22025	432	34	398
23001	404	197	207
23002	414	190	224
23003	396	219	177
23004	463	178	285
23005	445	76	369
23006	469	100	369
23007	426	67	359
23008	496	155	341
23009	380	57	323
23010	501	104	397
23011	502	78	424
23012	397	223	174
23013	380	43	337
23014	362	178	184
23015	389	57	332
23016	390	217	173
23017	302	39	263
23018	378	172	206
23019	373	44	329
23020	316	54	262
23021	424	249	175
23022	420	150	270
23023	394	192	202
23024	382	71	311
23025	442	91	351
23026	431	88	343
23027	372	195	177
23028	411	182	229
23029	341	146	195
23030	492	89	403
23031	349	53	296
23032	435	73	362
23033	466	79	387
23034	427	70	357
23035	333	169	164
23036	394	202	192
23037	387	214	173
23038	362	163	199
23039	422	62	360
24001	390	6	384
24002	439	3	436
24003	490	8	482
24004	357	4	353
24005	284	13	271
24006	438	14	424
24007	263	25	238
24008	209	5	204
24009	470	16	454
24010	212	1	211
24011	503	14	489
24012	291	9	282
24013	281	9	272
24014	419	13	406
24015	290	10	280
24016	454	49	405
24017	356	5	351
24018	438	7	431
24019	523	11	512
24020	378	14	364
24021	235	4	231
24022	596	12	584
24023	431	10	421
24024	573	9	564
24025	332	7	325
24026	572	10	562
24027	456	6	450
24028	318	7	311
24029	298	5	293
24030	243	5	238
24031	489	12	477
24032	257	3	254
24033	271	4	267
24034	405	10	395
24035	411	8	403
24036	515	12	503
24037	296	5	291
24038	341	10	331
24039	466	30	436
24040	479	9	470
24041	315	4	311
25001	438	54	384
25002	512	49	463
25003	722	205	517
25004	541	65	476
25005	522	82	440
25006	150	45	105
25007	503	55	448
25008	560	54	506
25009	538	57	481
25010	820	295	525
25011	554	70	484
25012	478	72	406
25013	537	44	493
25014	301	77	224
25015	451	76	375
25016	774	274	500
25017	534	76	458
25018	329	74	255
25019	510	50	460
25020	450	16	434
25021	907	209	698
25022	506	56	450
25023	564	54	510
25024	524	70	454
25025	546	167	379
25026	482	62	420
25027	746	218	528
25028	527	60	467
25029	498	39	459
25030	497	62	435
25031	943	348	595
25032	440	91	349
26001	427	57	370
26002	388	46	342
26003	481	82	399
26004	298	27	271
26005	369	29	340
26006	330	38	292
26007	385	35	350
26008	219	38	181
26009	369	31	338
26010	374	41	333
26011	368	58	310
26012	420	41	379
26013	236	14	222
26014	310	33	277
26015	237	36	201
26016	237	19	218
26017	344	115	229
26018	326	42	284
26019	302	24	278
26020	349	50	299
26021	528	45	483
26022	254	26	228
26023	252	29	223
26024	376	31	345
26025	357	33	324
26026	296	35	261
26027	414	52	362
26028	530	124	406
26029	234	33	201
26030	313	21	292
26031	200	25	175
26032	482	105	377
26033	393	41	352
26034	445	37	408
26035	343	41	302
26036	404	69	335
26037	442	33	409
26038	226	22	204
26039	432	67	365
26040	267	28	239
26041	477	39	438
26042	309	42	267
26043	247	23	224
26044	231	18	213
26045	214	19	195
26046	299	82	217
26047	288	36	252
26048	386	49	337
26049	225	18	207
27001	696	225	471
27002	548	125	423
27003	309	13	296
27004	291	18	273
27005	367	14	353
27006	502	99	403
27007	681	103	578
27008	436	19	417
27009	261	88	173
27010	513	22	491
27011	586	189	397
27012	369	134	235
27013	566	44	522
27014	310	4	306
27015	355	9	346
27016	620	187	433
27017	523	34	489
27018	391	23	368
27019	333	18	315
27020	451	9	442
27021	527	176	351
27022	282	11	271
27023	377	4	373
27024	387	18	369
27025	452	49	403
27026	388	13	375
27027	632	58	574
27028	246	48	198
27029	389	14	375
27030	260	10	250
27031	397	14	383
27032	431	36	395
27033	511	117	394
27034	454	7	447
27035	551	173	378
27036	369	24	345
27037	562	126	436
27038	741	147	594
27039	335	16	319
27040	669	145	524
27041	442	15	427
27042	349	91	258
27043	410	18	392
27044	387	8	379
27045	963	283	680
27046	359	134	225
27047	359	33	326
27048	818	129	689
27049	373	7	366
27050	487	14	473
28001	411	8	403
28002	410	16	394
28003	390	10	380
28004	376	105	271
28005	219	12	207
28006	217	47	170
28007	496	8	488
28008	472	134	338
28009	436	8	428
28010	558	106	452
28011	864	101	763
28012	479	6	473
28013	419	11	408
28014	416	3	413
28015	152	4	148
28016	306	8	298
28017	418	6	412
28018	330	9	321
28019	384	65	319
28020	435	17	418
28021	379	8	371
28022	391	14	377
28023	553	13	540
28024	397	10	387
28025	541	15	526
28026	529	10	519
28027	440	132	308
28028	499	142	357
28029	251	7	244
28030	70	2	68
28031	570	14	556
28032	461	8	453
28033	526	7	519
28034	868	30	838
28035	532	10	522
28036	263	3	260
28037	601	13	588
28038	212	6	206
28039	357	4	353
28040	570	10	560
28041	351	7	344
28042	527	8	519
28043	578	9	569
28044	331	3	328
28045	481	135	346
28046	773	171	602
29001	606	145	461
29002	744	12	732
29003	606	15	591
29004	577	14	563
29005	491	8	483
29006	466	9	457
29007	474	63	411
29008	507	9	498
29009	540	154	386
29010	581	118	463
29011	320	17	303
29012	598	27	571
29013	567	17	550
29014	494	9	485
29015	587	14	573
29016	565	9	556
29017	485	8	477
29018	534	10	524
29019	566	8	558
29020	656	10	646
29021	703	16	687
29022	406	29	377
29023	509	150	359
29024	483	13	470
29025	588	7	581
29026	504	27	477
29027	449	10	439
29028	653	5	648
29029	484	196	288
29030	563	107	456
29031	480	214	266
29032	466	211	255
29033	351	17	334
29034	319	42	277
29035	393	5	388
29036	435	14	421
29037	480	16	464
29038	482	133	349
29039	440	126	314
29040	576	11	565
29041	444	14	430
29042	571	12	559
29043	582	78	504
29044	626	36	590
30001	532	120	412
30002	468	105	363
30003	363	73	290
30004	467	145	322
30005	391	82	309
30006	374	63	311
30007	522	129	393
30008	511	92	419
30009	393	104	289
30010	535	118	417
30011	445	70	375
30012	464	92	372
30013	432	106	326
30014	310	43	267
30015	397	111	286
30016	245	53	192
30017	471	117	354
30018	546	60	486
30019	476	60	416
30020	508	124	384
30021	364	103	261
30022	612	103	509
30023	542	86	456
30024	567	93	474
30025	618	123	495
30026	322	72	250
30027	315	68	247
30028	526	94	432
30029	327	59	268
30030	224	33	191
30031	305	88	217
30032	372	66	306
31001	307	43	264
31002	266	48	218
31003	317	57	260
31004	422	49	373
31005	338	63	275
31006	274	38	236
31007	515	59	456
31008	260	42	218
31009	366	54	312
31010	331	50	281
31011	290	67	223
31012	316	88	228
31013	341	36	305
31014	311	59	252
31015	280	59	221
31016	400	50	350
31017	316	75	241
31018	293	57	236
31019	279	57	222
31020	317	58	259
31021	325	53	272
31022	322	52	270
31023	317	58	259
31024	332	59	273
31025	309	70	239
31026	348	80	268
31027	345	66	279
31028	318	53	265
31029	316	60	256
31030	272	44	228
31031	302	75	227
31032	292	52	240
31033	317	79	238
31034	346	72	274
31035	341	68	273
31036	335	64	271
31037	294	36	258
31038	341	43	298
31039	347	32	315
31040	363	46	317
31041	312	48	264
32001	698	179	519
32002	685	213	472
32003	638	104	534
32004	579	149	430
32005	629	138	491
32006	676	162	514
32007	650	188	462
32008	749	262	487
32009	633	173	460
32010	641	204	437
32011	554	50	504
32012	440	50	390
32013	643	217	426
32014	614	82	532
32015	588	156	432
32016	599	129	470
32017	589	89	500
32018	578	226	352
32019	581	145	436
32020	585	57	528
32021	638	177	461
32022	775	122	653
32023	620	208	412
32024	502	203	299
32025	590	188	402
32026	626	93	533
32027	607	232	375
32028	590	74	516
32029	650	136	514
32030	620	237	383
32031	635	212	423
32032	614	166	448
32033	602	176	426
32034	653	143	510
32035	617	172	445
32036	636	177	459
32037	605	151	454
32038	599	160	439
32039	681	281	400
32040	631	170	461
32041	635	214	421
32042	560	159	401
32043	521	77	444
33001	621	104	517
33002	714	106	608
33003	696	107	589
33004	801	150	651
33005	544	114	430
33006	553	95	458
33007	653	93	560
33008	753	125	628
33009	674	159	515
33010	553	130	423
33011	662	120	542
33012	631	129	502
33013	599	88	511
33014	310	56	254
33015	680	101	579
33016	818	156	662
33017	678	140	538
33018	778	123	655
33019	668	146	522
33020	713	101	612
33021	656	114	542
33022	569	121	448
33023	654	119	535
33024	754	149	605
33025	748	137	611
33026	488	69	419
33027	665	125	540
33028	566	62	504
34001	495	7	488
34002	357	6	351
34003	521	11	510
34004	400	7	393
34005	433	4	429
34006	532	19	513
34007	500	3	497
34008	397	7	390
34009	434	14	420
34010	457	3	454
34011	434	8	426
34012	510	16	494
34013	504	7	497
34014	401	16	385
34015	470	10	460
34016	424	10	414
34017	601	11	590
34018	378	8	370
34019	599	12	587
34020	526	6	520
34021	517	10	507
34022	430	11	419
34023	395	6	389
34024	440	7	433
34025	503	11	492
34026	520	4	516
34027	430	9	421
34028	355	8	347
34029	394	6	388
34030	409	8	401
34031	426	15	411
34032	464	6	458
34033	449	8	441
34034	499	10	489
34035	539	11	528
34036	426	5	421
34037	347	11	336
34038	277	5	272
34039	362	6	356
34040	530	6	524
34041	347	7	340
34042	439	7	432
34043	414	6	408
34044	460	6	454
34045	482	11	471
34046	301	5	296
34047	492	10	482
34048	480	8	472
34049	566	14	552
34050	433	8	425
34051	484	14	470
34052	339	4	335
34053	369	9	360
35001	528	82	446
35002	520	79	441
35003	497	44	453
35004	504	101	403
35005	476	55	421
35006	492	89	403
35007	522	58	464
35008	519	57	462
35009	488	87	401
35010	686	64	622
35011	547	70	477
35012	364	37	327
35013	375	47	328
35014	411	57	354
35015	606	84	522
35016	351	44	307
35017	581	57	524
35018	405	46	359
35019	319	36	283
35020	493	77	416
35021	463	59	404
35022	612	93	519
35023	525	93	432
35024	483	82	401
35025	643	67	576
35026	455	94	361
35027	484	80	404
35028	495	76	419
35029	503	73	430
35030	530	82	448
35031	560	109	451
36001	491	105	386
36002	471	70	401
36003	421	65	356
36004	478	64	414
36005	446	76	370
36006	403	67	336
36007	508	215	293
36008	386	49	337
36009	437	48	389
36010	516	119	397
36011	368	43	325
36012	295	28	267
36013	309	33	276
36014	491	134	357
36015	490	149	341
36016	472	139	333
36017	467	128	339
36018	443	156	287
36019	560	120	440
36020	449	128	321
36021	411	58	353
36022	416	51	365
36023	425	62	363
36024	466	148	318
36025	457	52	405
36026	406	161	245
36027	435	109	326
36028	428	155	273
36029	495	167	328
36030	457	123	334
37001	388	24	364
37002	373	19	354
37003	397	10	387
37004	417	20	397
37005	484	11	473
37006	484	16	468
37007	335	23	312
37008	383	13	370
37009	531	12	519
37010	545	40	505
37011	399	6	393
37012	379	33	346
37013	367	14	353
37014	523	10	513
37015	506	13	493
37016	513	24	489
37017	438	9	429
37018	451	12	439
37019	424	14	410
37020	414	10	404
37021	420	26	394
37022	432	27	405
37023	460	14	446
37024	506	11	495
37025	461	11	450
37026	566	24	542
37027	504	15	489
37028	424	20	404
37029	472	14	458
37030	468	3	465
37031	493	11	482
37032	445	13	432
37033	540	13	527
37034	471	7	464
37035	496	1	495
37036	482	6	476
37037	557	17	540
37038	505	13	492
37039	465	12	453
37040	503	18	485
37041	461	19	442
38001	424	128	296
38002	504	333	171
38003	497	202	295
38004	459	199	260
38005	486	214	272
38006	496	211	285
38007	442	217	225
38008	449	184	265
38009	517	250	267
38010	446	176	270
38011	439	160	279
38012	468	282	186
38013	496	236	260
38014	516	201	315
38015	442	166	276
38016	480	214	266
38017	544	299	245
38018	489	214	275
38019	532	209	323
38020	486	270	216
38021	410	156	254
38022	442	164	278
38023	510	185	325
38024	520	249	271
38025	403	157	246
38026	481	196	285
38027	506	225	281
38028	578	286	292
38029	452	172	280
38030	455	219	236
38031	483	176	307
38032	463	149	314
38033	463	167	296
38034	456	121	335
38035	480	151	329
38036	435	148	287
38037	477	155	322
38038	420	182	238
38039	520	176	344
38040	470	198	272
38041	457	129	328
39001	483	220	263
39002	386	140	246
39003	526	150	376
39004	470	230	240
39005	513	165	348
39006	497	128	369
39007	421	97	324
39008	546	126	420
39009	502	149	353
39010	244	41	203
39011	458	134	324
39012	662	132	530
39013	445	128	317
39014	476	162	314
39015	566	280	286
39016	456	77	379
39017	509	161	348
39018	474	117	357
39019	475	154	321
39020	591	287	304
39021	480	241	239
39022	461	113	348
39023	503	255	248
39024	605	317	288
39025	439	83	356
39026	485	225	260
39027	88	38	50
39028	576	123	453
39029	273	28	245
39030	624	115	509
39031	460	115	345
39032	428	161	267
39033	604	159	445
39034	552	144	408
39035	483	122	361
39036	154	38	116
39037	491	224	267
39038	279	109	170
39039	315	125	190
39040	449	173	276
39041	551	241	310
39042	522	267	255
39043	523	257	266
39044	395	204	191
39045	464	229	235
40001	514	125	389
40002	518	104	414
40003	680	107	573
40004	311	65	246
40005	558	101	457
40006	652	95	557
40007	551	104	447
40008	692	91	601
40009	467	69	398
40010	590	116	474
40011	568	103	465
40012	447	86	361
40013	837	92	745
40014	485	124	361
40015	500	125	375
40016	701	105	596
40017	478	124	354
40018	490	64	426
40019	670	162	508
40020	556	104	452
40021	637	121	516
40022	551	86	465
40023	629	92	537
40024	506	131	375
40025	671	83	588
40026	566	82	484
40027	734	111	623
40028	624	70	554
40029	530	157	373
40030	467	160	307
40031	630	95	535
40032	612	104	508
40033	551	71	480
40034	480	124	356
40035	411	90	321
40036	513	95	418
40037	577	95	482
40038	683	122	561
40039	192	25	167
41001	483	305	178
41002	542	356	186
41003	457	209	248
41004	511	293	218
41005	591	334	257
41006	580	317	263
41007	579	345	234
41008	513	313	200
41009	534	263	271
41010	546	337	209
41011	577	337	240
41012	526	264	262
41013	611	362	249
41014	589	322	267
41015	654	373	281
41016	512	279	233
41017	521	280	241
41018	478	276	202
41019	584	323	261
41020	415	212	203
41021	494	241	253
41022	550	325	225
41023	558	359	199
41024	484	295	189
41025	499	184	315
41026	493	264	229
41027	478	243	235
41028	593	224	369
41029	453	187	266
41030	512	270	242
41031	532	248	284
41032	436	223	213
41033	497	272	225
41034	446	261	185
41035	591	348	243
41036	517	286	231
41037	568	292	276
41038	481	238	243
41039	559	325	234
41040	576	385	191
41041	532	308	224
41042	531	318	213
41043	551	309	242
41044	559	404	155
41045	492	251	241
41046	529	299	230
41047	527	276	251
42001	586	220	366
42002	724	245	479
42003	698	204	494
42004	1163	407	756
42005	528	185	343
42006	624	222	402
42007	755	306	449
42008	583	172	411
42009	732	218	514
42010	820	270	550
42011	448	206	242
42012	538	206	332
42013	530	215	315
42014	803	342	461
42015	573	253	320
42016	661	237	424
42017	916	370	546
42018	818	301	517
42019	808	313	495
42020	692	269	423
42021	665	218	447
42022	365	155	210
42023	697	318	379
42024	632	247	385
42025	720	291	429
42026	770	276	494
42027	461	163	298
42028	737	254	483
42029	703	274	429
42030	534	237	297
42031	834	329	505
42032	705	310	395
42033	730	191	539
42034	582	271	311
42035	881	254	627
42036	1064	379	685
42037	497	202	295
42038	622	236	386
42039	753	281	472
42040	896	313	583
42041	676	211	465
42042	1031	316	715
43001	344	99	245
43002	641	233	408
43003	625	235	390
43004	847	332	515
43005	574	217	357
43006	488	178	310
43007	412	135	277
43008	507	161	346
43009	659	229	430
43010	737	290	447
43011	606	251	355
43012	447	147	300
43013	616	178	438
43014	614	242	372
43015	692	253	439
43016	746	265	481
43017	540	215	325
43018	711	283	428
43019	683	243	440
43020	679	229	450
43021	668	235	433
43022	456	147	309
43023	467	139	328
43024	521	187	334
43025	497	147	350
43026	410	119	291
43027	610	214	396
43028	792	266	526
43029	646	215	431
43030	790	234	556
43031	615	190	425
43032	705	207	498
43033	647	260	387
43034	446	153	293
43035	708	293	415
43036	375	126	249
43037	740	185	555
43038	544	232	312
43039	687	222	465
43040	482	147	335
43041	829	250	579
43042	602	160	442
43043	675	290	385
43044	612	216	396
43045	385	125	260
43046	372	128	244
44001	1051	236	815
44002	644	186	458
44003	416	108	308
44004	605	141	464
44005	720	151	569
44006	832	182	650
44007	481	176	305
44008	869	213	656
44009	625	198	427
44010	670	215	455
44011	720	223	497
44012	719	166	553
44013	575	213	362
44014	616	157	459
44015	621	148	473
44016	733	231	502
44017	852	179	673
44018	680	199	481
44019	791	184	607
44020	691	152	539
44021	785	161	624
44022	691	183	508
44023	685	152	533
44024	498	121	377
44025	667	214	453
44026	755	161	594
44027	728	200	528
44028	694	140	554
44029	763	218	545
44030	753	213	540
44031	610	172	438
44032	775	237	538
44033	673	110	563
44034	703	149	554
44035	766	202	564
44036	698	177	521
44037	719	146	573
44038	678	206	472
44039	668	227	441
44040	662	238	424
44041	846	186	660
45001	420	77	343
45002	436	74	362
45003	458	113	345
45004	611	165	446
45005	491	126	365
45006	616	166	450
45007	709	217	492
45008	506	128	378
45009	519	150	369
45010	538	165	373
45011	394	86	308
45012	480	144	336
45013	430	129	301
45014	640	177	463
45015	611	171	440
45016	422	139	283
45017	550	208	342
45018	532	194	338
45019	286	91	195
45020	374	130	244
45021	447	182	265
45022	468	176	292
45023	477	204	273
45024	382	175	207
45025	317	145	172
45026	285	143	142
45027	474	212	262
45028	421	160	261
45029	330	128	202
45030	482	137	345
45031	391	131	260
45032	425	147	278
45033	330	99	231
45034	520	161	359
45035	503	199	304
45036	497	204	293
45037	467	185	282
45038	430	159	271
45039	485	192	293
45040	482	196	286
45041	460	213	247
45042	477	227	250
45043	510	263	247
45044	483	228	255
45045	340	176	164
45046	393	198	195
45047	370	189	181
45048	416	224	192
46001	462	88	374
46002	542	69	473
46003	729	160	569
46004	567	79	488
46005	768	186	582
46006	571	47	524
46007	655	157	498
46008	456	55	401
46009	653	110	543
46010	1013	188	825
46011	620	150	470
46012	661	75	586
46013	630	120	510
46014	682	72	610
46015	653	144	509
46016	675	95	580
46017	673	146	527
46018	683	154	529
46019	419	103	316
46020	520	65	455
46021	438	85	353
46022	473	69	404
46023	467	62	405
46024	663	142	521
46025	594	90	504
46026	625	73	552
46027	762	135	627
46028	604	125	479
46029	545	105	440
46030	649	80	569
46031	658	98	560
46032	596	75	521
46033	703	152	551
46034	719	112	607
46035	743	104	639
46036	588	146	442
46037	412	42	370
46038	679	106	573
46039	599	137	462
46040	520	88	432
47001	399	106	293
47002	617	177	440
47003	588	158	430
47004	643	194	449
47005	670	109	561
47006	701	189	512
47007	571	138	433
47008	623	159	464
47009	564	157	407
47010	782	112	670
47011	641	170	471
47012	663	133	530
47013	562	88	474
47014	560	130	430
47015	747	77	670
47016	588	143	445
47017	591	164	427
47018	642	152	490
47019	782	89	693
47020	584	125	459
47021	571	108	463
47022	683	135	548
47023	656	66	590
47024	647	143	504
47025	728	167	561
47026	833	137	696
47027	564	148	416
47028	576	122	454
47029	653	174	479
47030	763	119	644
47031	604	103	501
47032	729	107	622
47033	624	169	455
47034	648	136	512
47035	621	162	459
47036	712	128	584
47037	674	145	529
47038	634	119	515
47039	617	130	487
47040	602	113	489
47041	714	134	580
47042	612	86	526
47043	610	178	432
47044	615	156	459
47045	588	119	469
47046	554	167	387
47047	754	188	566
47048	58	11	47
48001	539	60	479
48002	280	57	223
48003	728	90	638
48004	571	64	507
48005	316	56	260
48006	738	109	629
48007	594	76	518
48008	321	82	239
48009	410	104	306
48010	798	102	696
48011	469	68	401
48012	683	80	603
48013	733	140	593
48014	324	79	245
48015	417	69	348
48016	613	67	546
48017	542	78	464
48018	413	58	355
48019	392	54	338
48020	656	95	561
48021	761	100	661
48022	489	117	372
48023	655	145	510
48024	711	185	526
48025	522	73	449
48026	331	68	263
48027	1126	200	926
48028	729	168	561
48029	271	58	213
48030	514	62	452
48031	873	100	773
48032	654	68	586
48033	327	70	257
48034	525	74	451
48035	369	65	304
48036	345	70	275
48037	626	87	539
48038	583	118	465
48039	479	106	373
48040	512	84	428
48041	757	86	671
48042	699	65	634
48043	604	94	510
48044	706	88	618
48045	452	66	386
48046	383	68	315
49001	446	25	421
49002	399	52	347
49003	660	69	591
49004	740	68	672
49005	589	58	531
49006	576	62	514
49007	660	127	533
49008	510	76	434
49009	635	89	546
49010	588	79	509
49011	717	83	634
49012	870	118	752
49013	722	98	624
49014	506	86	420
49015	494	65	429
49016	554	90	464
49017	404	105	299
49018	771	67	704
49019	580	45	535
49020	889	96	793
49021	386	54	332
49022	621	76	545
49023	729	67	662
49024	546	47	499
49025	822	87	735
49026	698	120	578
49027	764	87	677
49028	800	83	717
49029	710	90	620
49030	688	96	592
49031	500	70	430
49032	651	54	597
49033	533	52	481
50001	444	199	245
50002	304	127	177
50003	393	162	231
50004	499	127	372
50005	322	158	164
50006	521	127	394
50007	545	116	429
50008	510	64	446
50009	388	94	294
50010	490	165	325
50011	314	197	117
50012	211	70	141
50013	590	82	508
50014	156	76	80
50015	511	127	384
50016	150	65	85
50017	450	116	334
50018	92	36	56
50019	341	68	273
50020	510	124	386
50021	420	114	306
50022	420	167	253
50023	315	92	223
50024	372	206	166
50025	411	201	210
50026	562	120	442
50027	147	60	87
50028	513	72	441
50029	526	58	468
50030	354	50	304
50031	587	81	506
50032	598	78	520
50033	369	196	173
50034	597	180	417
50035	593	101	492
50036	424	114	310
50037	477	107	370
50038	191	66	125
50039	349	116	233
50040	453	286	167
Barrington 1	664	419	245
Barrington 2	644	320	324
Barrington 3	806	590	216
Barrington 4	1026	693	333
Barrington 5	749	572	177
Barrington 6	854	496	358
Barrington 7	256	184	72
Barrington 8	1086	712	374
Barrington 9	526	327	199
Barrington 10	968	498	470
Barrington 11	571	383	188
Berwyn Ward 1 Precinct 1	425	124	301
Berwyn Ward 1 Precinct 2	522	137	385
Berwyn Ward 1 Precinct 3	734	219	515
Berwyn Ward 1 Precinct 4	432	136	296
Berwyn Ward 1 Precinct 5	432	130	302
Berwyn Ward 2 Precinct 1	325	99	226
Berwyn Ward 2 Precinct 2	548	142	406
Berwyn Ward 2 Precinct 3	689	206	483
Berwyn Ward 2 Precinct 4	938	260	678
Berwyn Ward 3 Precinct 1	572	163	409
Berwyn Ward 3 Precinct 2	403	130	273
Berwyn Ward 3 Precinct 3	447	144	303
Berwyn Ward 3 Precinct 4	586	163	423
Berwyn Ward 3 Precinct 5	709	219	490
Berwyn Ward 4 Precinct 1	383	95	288
Berwyn Ward 4 Precinct 2	612	166	446
Berwyn Ward 4 Precinct 3	751	177	574
Berwyn Ward 4 Precinct 4	396	99	297
Berwyn Ward 5 Precinct 1	887	162	725
Berwyn Ward 5 Precinct 2	533	100	433
Berwyn Ward 5 Precinct 3	458	72	386
Berwyn Ward 6 Precinct 1	305	71	234
Berwyn Ward 6 Precinct 2	406	75	331
Berwyn Ward 6 Precinct 3	553	99	454
Berwyn Ward 6 Precinct 4	644	121	523
Berwyn Ward 7 Precinct 1	519	94	425
Berwyn Ward 7 Precinct 2	492	100	392
Berwyn Ward 7 Precinct 3	647	150	497
Berwyn Ward 7 Precinct 4	668	131	537
Berwyn Ward 8 Precinct 1	899	197	702
Berwyn Ward 8 Precinct 2	566	134	432
Berwyn Ward 8 Precinct 3	340	55	285
Bloom 1	686	246	440
Bloom 2	679	227	452
Bloom 3	510	89	421
Bloom 4	604	74	530
Bloom 5	430	188	242
Bloom 6	342	12	330
Bloom 7	665	232	433
Bloom 8	611	262	349
Bloom 9	597	253	344
Bloom 10	310	5	305
Bloom 11	417	180	237
Bloom 12	660	125	535
Bloom 13	955	160	795
Bloom 14	819	286	533
Bloom 15	521	168	353
Bloom 16	608	131	477
Bloom 17	496	51	445
Bloom 18	529	193	336
Bloom 19	591	130	461
Bloom 20	590	227	363
Bloom 21	198	9	189
Bloom 22	532	114	418
Bloom 23	668	55	613
Bloom 24	1115	224	891
Bloom 25	505	85	420
Bloom 26	484	110	374
Bloom 27	626	83	543
Bloom 28	561	211	350
Bloom 29	310	6	304
Bloom 30	754	181	573
Bloom 31	581	243	338
Bloom 32	464	54	410
Bloom 33	517	63	454
Bloom 34	374	61	313
Bloom 35	324	46	278
Bloom 36	775	59	716
Bloom 37	357	28	329
Bloom 38	1354	134	1220
Bloom 39	511	52	459
Bloom 40	389	87	302
Bloom 41	725	69	656
Bloom 42	520	77	443
Bloom 43	554	42	512
Bloom 44	720	273	447
Bloom 45	870	140	730
Bloom 46	525	78	447
Bloom 47	745	307	438
Bloom 48	446	72	374
Bloom 49	598	22	576
Bloom 50	553	142	411
Bloom 51	326	28	298
Bloom 52	544	15	529
Bloom 53	358	82	276
Bloom 54	603	177	426
Bloom 55	527	51	476
Bloom 56	503	193	310
Bloom 57	590	180	410
Bloom 58	435	66	369
Bloom 59	464	104	360
Bloom 60	513	30	483
Bloom 61	559	216	343
Bremen 1	568	30	538
Bremen 2	630	327	303
Bremen 3	534	266	268
Bremen 4	577	261	316
Bremen 5	430	161	269
Bremen 6	445	160	285
Bremen 7	395	26	369
Bremen 8	484	24	460
Bremen 9	490	278	212
Bremen 10	721	386	335
Bremen 11	647	312	335
Bremen 12	488	43	445
Bremen 13	634	282	352
Bremen 14	487	141	346
Bremen 15	439	102	337
Bremen 16	578	344	234
Bremen 17	526	13	513
Bremen 18	878	419	459
Bremen 19	210	5	205
Bremen 20	441	244	197
Bremen 21	711	166	545
Bremen 22	482	265	217
Bremen 23	256	4	252
Bremen 24	485	302	183
Bremen 25	778	363	415
Bremen 26	518	93	425
Bremen 27	647	266	381
Bremen 28	448	193	255
Bremen 29	832	46	786
Bremen 30	627	355	272
Bremen 31	599	43	556
Bremen 32	532	38	494
Bremen 33	544	295	249
Bremen 34	793	493	300
Bremen 35	408	14	394
Bremen 36	417	251	166
Bremen 37	398	52	346
Bremen 38	530	8	522
Bremen 39	434	29	405
Bremen 40	869	95	774
Bremen 41	371	170	201
Bremen 42	770	394	376
Bremen 43	489	104	385
Bremen 44	456	29	427
Bremen 45	353	25	328
Bremen 46	567	329	238
Bremen 47	493	29	464
Bremen 48	503	42	461
Bremen 49	476	19	457
Bremen 50	653	366	287
Bremen 51	747	42	705
Bremen 52	512	234	278
Bremen 53	384	179	205
Bremen 54	466	257	209
Bremen 55	480	93	387
Bremen 56	654	35	619
Bremen 57	629	386	243
Bremen 58	737	393	344
Bremen 59	530	255	275
Bremen 60	482	238	244
Bremen 61	569	288	281
Bremen 62	634	259	375
Bremen 63	781	50	731
Bremen 64	665	342	323
Bremen 65	299	5	294
Bremen 66	441	17	424
Bremen 67	790	452	338
Bremen 68	387	243	144
Bremen 69	567	222	345
Bremen 70	404	28	376
Bremen 71	434	25	409
Bremen 72	380	206	174
Bremen 73	614	292	322
Bremen 74	689	276	413
Bremen 75	675	142	533
Bremen 76	475	258	217
Bremen 77	916	463	453
Bremen 78	528	27	501
Bremen 79	604	359	245
Bremen 80	533	18	515
Calumet 1	642	74	568
Calumet 2	613	127	486
Calumet 3	614	32	582
Calumet 4	628	23	605
Calumet 5	494	18	476
Calumet 6	846	108	738
Calumet 7	688	104	584
Calumet 8	447	54	393
Calumet 9	475	17	458
Calumet 10	660	17	643
Calumet 11	857	21	836
Calumet 12	456	14	442
Cicero 1	726	80	646
Cicero 2	332	29	303
Cicero 3	464	81	383
Cicero 4	566	90	476
Cicero 5	667	180	487
Cicero 6	568	146	422
Cicero 7	432	48	384
Cicero 8	314	45	269
Cicero 9	641	68	573
Cicero 10	700	116	584
Cicero 11	579	165	414
Cicero 12	455	116	339
Cicero 13	496	164	332
Cicero 14	496	107	389
Cicero 15	575	109	466
Cicero 16	455	75	380
Cicero 17	675	90	585
Cicero 18	400	73	327
Cicero 19	756	159	597
Cicero 20	428	72	356
Cicero 21	577	107	470
Cicero 22	452	73	379
Cicero 23	732	133	599
Cicero 24	670	106	564
Cicero 25	517	105	412
Cicero 26	406	79	327
Cicero 27	603	117	486
Cicero 28	614	82	532
Cicero 29	549	101	448
Cicero 30	492	62	430
Cicero 31	453	82	371
Cicero 32	454	73	381
Elk Grove 1	533	239	294
Elk Grove 2	521	188	333
Elk Grove 3	723	336	387
Elk Grove 4	673	278	395
Elk Grove 5	885	442	443
Elk Grove 6	467	208	259
Elk Grove 7	692	343	349
Elk Grove 8	570	307	263
Elk Grove 9	609	327	282
Elk Grove 10	892	478	414
Elk Grove 11	710	394	316
Elk Grove 12	418	271	147
Elk Grove 13	607	257	350
Elk Grove 14	716	363	353
Elk Grove 15	519	263	256
Elk Grove 16	704	379	325
Elk Grove 17	597	250	347
Elk Grove 18	836	400	436
Elk Grove 19	789	430	359
Elk Grove 20	688	340	348
Elk Grove 21	544	229	315
Elk Grove 22	631	239	392
Elk Grove 23	958	480	478
Elk Grove 24	578	276	302
Elk Grove 25	575	321	254
Elk Grove 26	521	266	255
Elk Grove 27	776	461	315
Elk Grove 28	624	255	369
Elk Grove 29	608	325	283
Elk Grove 30	578	310	268
Elk Grove 31	406	131	275
Elk Grove 32	446	178	268
Elk Grove 33	404	213	191
Elk Grove 34	1049	524	525
Elk Grove 35	573	264	309
Elk Grove 36	429	115	314
Elk Grove 37	785	376	409
Elk Grove 38	456	106	350
Elk Grove 39	854	341	513
Elk Grove 40	609	247	362
Elk Grove 41	488	272	216
Elk Grove 42	579	176	403
Elk Grove 43	540	276	264
Elk Grove 44	535	308	227
Elk Grove 45	564	309	255
Elk Grove 46	486	315	171
Elk Grove 47	761	411	350
Elk Grove 48	424	247	177
Elk Grove 49	779	326	453
Elk Grove 50	373	137	236
Elk Grove 51	875	480	395
Elk Grove 52	307	99	208
Evanston Ward 1 Precinct 1	628	68	560
Evanston Ward 1 Precinct 2	741	147	594
Evanston Ward 1 Precinct 3	710	154	556
Evanston Ward 1 Precinct 4	1031	214	817
Evanston Ward 2 Precinct 1	1296	236	1060
Evanston Ward 2 Precinct 2	534	49	485
Evanston Ward 2 Precinct 3	721	31	690
Evanston Ward 2 Precinct 4	891	50	841
Evanston Ward 2 Precinct 5	613	45	568
Evanston Ward 3 Precinct 1	768	157	611
Evanston Ward 3 Precinct 2	891	171	720
Evanston Ward 3 Precinct 3	802	124	678
Evanston Ward 3 Precinct 4	426	67	359
Evanston Ward 3 Precinct 5	771	150	621
Evanston Ward 3 Precinct 6	734	110	624
Evanston Ward 3 Precinct 7	635	102	533
Evanston Ward 4 Precinct 1	420	49	371
Evanston Ward 4 Precinct 2	681	80	601
Evanston Ward 4 Precinct 3	510	101	409
Evanston Ward 4 Precinct 4	1049	168	881
Evanston Ward 4 Precinct 5	403	62	341
Evanston Ward 4 Precinct 6	967	158	809
Evanston Ward 5 Precinct 1	684	20	664
Evanston Ward 5 Precinct 2	971	160	811
Evanston Ward 5 Precinct 3	711	44	667
Evanston Ward 5 Precinct 4	438	19	419
Evanston Ward 6 Precinct 1	1093	270	823
Evanston Ward 6 Precinct 2	547	114	433
Evanston Ward 6 Precinct 3	615	139	476
Evanston Ward 6 Precinct 4	764	143	621
Evanston Ward 6 Precinct 5	947	214	733
Evanston Ward 6 Precinct 6	578	197	381
Evanston Ward 6 Precinct 7	901	184	717
Evanston Ward 7 Precinct 1	1082	210	872
Evanston Ward 7 Precinct 2	1137	237	900
Evanston Ward 7 Precinct 3	427	86	341
Evanston Ward 7 Precinct 4	519	66	453
Evanston Ward 7 Precinct 5	973	203	770
Evanston Ward 7 Precinct 6	144	10	134
Evanston Ward 8 Precinct 1	854	89	765
Evanston Ward 8 Precinct 2	670	64	606
Evanston Ward 8 Precinct 3	606	68	538
Evanston Ward 8 Precinct 4	735	106	629
Evanston Ward 8 Precinct 5	929	103	826
Evanston Ward 9 Precinct 1	584	77	507
Evanston Ward 9 Precinct 2	634	61	573
Evanston Ward 9 Precinct 3	980	156	824
Evanston Ward 9 Precinct 4	813	104	709
Evanston Ward 9 Precinct 5	506	61	445
Evanston Ward 9 Precinct 6	703	93	610
Hanover 1	969	410	559
Hanover 2	743	340	403
Hanover 3	324	97	227
Hanover 4	712	298	414
Hanover 5	689	297	392
Hanover 6	594	220	374
Hanover 7	702	277	425
Hanover 8	616	268	348
Hanover 9	678	343	335
Hanover 10	390	145	245
Hanover 11	660	199	461
Hanover 12	511	151	360
Hanover 13	476	181	295
Hanover 14	800	358	442
Hanover 15	547	160	387
Hanover 16	879	426	453
Hanover 17	529	218	311
Hanover 18	629	209	420
Hanover 19	573	313	260
Hanover 20	1054	480	574
Hanover 21	448	231	217
Hanover 22	626	255	371
Hanover 23	681	316	365
Hanover 24	677	186	491
Hanover 25	573	269	304
Hanover 26	917	426	491
Hanover 27	1878	877	1001
Hanover 28	890	394	496
Hanover 29	445	114	331
Hanover 30	716	281	435
Hanover 31	541	322	219
Hanover 32	503	152	351
Hanover 33	672	258	414
Hanover 34	825	300	525
Hanover 35	696	209	487
Hanover 36	498	190	308
Hanover 37	942	370	572
Hanover 38	751	341	410
Hanover 39	778	288	490
Hanover 40	763	322	441
Hanover 41	967	400	567
Hanover 42	672	338	334
Hanover 43	723	292	431
Hanover 44	856	428	428
Lemont 1	726	518	208
Lemont 2	513	348	165
Lemont 3	769	547	222
Lemont 4	693	455	238
Lemont 5	664	373	291
Lemont 6	733	459	274
Lemont 7	545	327	218
Lemont 8	768	448	320
Lemont 9	487	376	111
Lemont 10	493	274	219
Lemont 11	944	641	303
Lemont 12	1140	783	357
Lemont 13	931	663	268
Lemont 14	670	494	176
Leyden 1	448	170	278
Leyden 2	358	137	221
Leyden 3	750	340	410
Leyden 4	567	182	385
Leyden 5	584	230	354
Leyden 6	751	280	471
Leyden 7	335	117	218
Leyden 8	702	306	396
Leyden 9	817	461	356
Leyden 10	768	309	459
Leyden 11	652	289	363
Leyden 12	725	586	139
Leyden 13	656	261	395
Leyden 14	503	225	278
Leyden 15	665	263	402
Leyden 16	699	276	423
Leyden 17	539	229	310
Leyden 18	401	161	240
Leyden 19	622	261	361
Leyden 20	337	173	164
Leyden 21	441	82	359
Leyden 22	479	297	182
Leyden 23	1035	580	455
Leyden 24	730	229	501
Leyden 25	423	181	242
Leyden 26	948	475	473
Leyden 27	160	70	90
Leyden 28	320	97	223
Leyden 29	417	107	310
Leyden 30	734	368	366
Leyden 31	673	222	451
Leyden 32	698	263	435
Leyden 33	672	254	418
Leyden 34	480	187	293
Leyden 35	297	104	193
Leyden 36	605	242	363
Leyden 37	447	184	263
Leyden 38	247	146	101
Leyden 39	422	179	243
Leyden 40	598	212	386
Leyden 41	340	95	245
Leyden 42	633	350	283
Leyden 43	461	173	288
Leyden 44	565	245	320
Leyden 45	526	236	290
Leyden 46	526	198	328
Leyden 47	598	245	353
Leyden 48	712	252	460
Leyden 49	889	426	463
Leyden 50	767	329	438
Lyons 1	74	29	45
Lyons 2	519	216	303
Lyons 3	563	220	343
Lyons 4	918	364	554
Lyons 5	664	296	368
Lyons 6	419	186	233
Lyons 7	566	120	446
Lyons 8	348	146	202
Lyons 9	733	295	438
Lyons 10	539	228	311
Lyons 11	462	207	255
Lyons 12	442	306	136
Lyons 13	272	11	261
Lyons 14	778	427	351
Lyons 15	706	352	354
Lyons 16	1048	472	576
Lyons 17	418	262	156
Lyons 18	558	292	266
Lyons 19	652	210	442
Lyons 20	1004	533	471
Lyons 21	1017	566	451
Lyons 22	417	133	284
Lyons 23	741	419	322
Lyons 24	546	311	235
Lyons 25	610	310	300
Lyons 26	417	247	170
Lyons 27	583	423	160
Lyons 28	756	462	294
Lyons 29	560	288	272
Lyons 30	116	53	63
Lyons 31	634	384	250
Lyons 32	261	147	114
Lyons 33	236	128	108
Lyons 34	304	143	161
Lyons 35	601	337	264
Lyons 36	645	438	207
Lyons 37	448	164	284
Lyons 38	281	121	160
Lyons 39	643	354	289
Lyons 40	520	286	234
Lyons 41	440	290	150
Lyons 42	606	383	223
Lyons 43	540	297	243
Lyons 44	997	640	357
Lyons 45	875	364	511
Lyons 46	524	290	234
Lyons 47	621	332	289
Lyons 48	603	239	364
Lyons 49	415	244	171
Lyons 50	704	336	368
Lyons 51	513	235	278
Lyons 52	676	343	333
Lyons 53	639	373	266
Lyons 54	336	171	165
Lyons 55	695	446	249
Lyons 56	870	251	619
Lyons 57	670	135	535
Lyons 58	513	237	276
Lyons 59	554	204	350
Lyons 60	950	122	828
Lyons 61	634	376	258
Lyons 62	315	224	91
Lyons 63	920	586	334
Lyons 64	584	222	362
Lyons 65	777	355	422
Lyons 66	404	147	257
Lyons 67	678	256	422
Lyons 68	468	200	268
Lyons 69	821	478	343
Lyons 70	568	20	548
Lyons 71	328	110	218
Lyons 72	788	429	359
Lyons 73	593	315	278
Lyons 74	344	147	197
Lyons 75	448	190	258
Lyons 76	468	215	253
Lyons 77	505	242	263
Lyons 78	435	258	177
Maine 1	512	200	312
Maine 2	540	186	354
Maine 3	344	155	189
Maine 4	610	305	305
Maine 5	882	307	575
Maine 6	909	374	535
Maine 7	465	186	279
Maine 8	715	366	349
Maine 9	974	377	597
Maine 10	464	200	264
Maine 11	432	225	207
Maine 12	424	200	224
Maine 13	618	298	320
Maine 14	778	353	425
Maine 15	364	133	231
Maine 16	450	197	253
Maine 17	626	265	361
Maine 18	530	230	300
Maine 19	399	209	190
Maine 20	352	183	169
Maine 21	815	446	369
Maine 22	790	431	359
Maine 23	650	277	373
Maine 24	827	419	408
Maine 25	688	352	336
Maine 26	525	234	291
Maine 27	427	212	215
Maine 28	375	103	272
Maine 29	930	552	378
Maine 30	1412	813	599
Maine 31	636	289	347
Maine 32	388	227	161
Maine 33	529	114	415
Maine 34	765	307	458
Maine 35	528	178	350
Maine 36	603	342	261
Maine 37	656	413	243
Maine 38	507	232	275
Maine 39	672	338	334
Maine 40	636	296	340
Maine 41	521	229	292
Maine 42	888	503	385
Maine 43	516	351	165
Maine 44	424	207	217
Maine 45	297	91	206
Maine 46	674	356	318
Maine 47	660	257	403
Maine 48	723	320	403
Maine 49	615	253	362
Maine 50	559	325	234
Maine 51	641	247	394
Maine 52	547	249	298
Maine 53	568	216	352
Maine 54	628	346	282
Maine 55	538	293	245
Maine 56	802	328	474
Maine 57	492	149	343
Maine 58	743	404	339
Maine 59	616	350	266
Maine 60	1105	680	425
Maine 61	361	165	196
Maine 62	354	124	230
Maine 63	464	205	259
Maine 64	474	234	240
Maine 65	465	273	192
Maine 66	337	207	130
Maine 67	922	590	332
Maine 68	439	182	257
Maine 69	659	315	344
Maine 70	729	231	498
Maine 71	322	144	178
Maine 72	503	269	234
Maine 73	254	130	124
Maine 74	502	240	262
Maine 75	565	302	263
Maine 76	340	177	163
Maine 77	930	449	481
Maine 78	568	163	405
Maine 79	627	165	462
Maine 80	539	288	251
Maine 81	468	191	277
Maine 82	545	275	270
Maine 83	432	242	190
Maine 84	386	162	224
Maine 85	343	181	162
Maine 86	523	149	374
Maine 87	395	215	180
Maine 88	425	290	135
Maine 89	480	193	287
Maine 90	371	206	165
Maine 91	871	420	451
Maine 92	526	235	291
New Trier 1	1046	433	613
New Trier 2	1111	387	724
New Trier 3	711	250	461
New Trier 4	902	341	561
New Trier 5	591	202	389
New Trier 6	535	216	319
New Trier 7	709	336	373
New Trier 8	598	321	277
New Trier 9	791	446	345
New Trier 10	705	387	318
New Trier 11	920	551	369
New Trier 12	829	460	369
New Trier 13	954	424	530
New Trier 14	852	487	365
New Trier 15	975	519	456
New Trier 16	1026	608	418
New Trier 17	691	244	447
New Trier 18	556	304	252
New Trier 19	567	388	179
New Trier 20	1004	481	523
New Trier 21	786	273	513
New Trier 22	724	468	256
New Trier 23	784	545	239
New Trier 24	864	272	592
New Trier 25	632	326	306
New Trier 26	551	184	367
New Trier 27	700	262	438
New Trier 28	618	274	344
New Trier 29	672	326	346
New Trier 30	930	480	450
New Trier 31	744	258	486
New Trier 32	643	263	380
New Trier 33	832	292	540
New Trier 34	576	235	341
New Trier 35	448	191	257
New Trier 36	945	360	585
New Trier 37	744	286	458
New Trier 38	730	273	457
New Trier 39	510	211	299
New Trier 40	443	240	203
New Trier 41	606	333	273
Niles 1	711	392	319
Niles 2	780	337	443
Niles 3	1042	571	471
Niles 4	587	241	346
Niles 5	396	176	220
Niles 6	635	363	272
Niles 7	977	309	668
Niles 8	296	100	196
Niles 9	458	242	216
Niles 10	737	273	464
Niles 11	372	185	187
Niles 12	504	126	378
Niles 13	745	371	374
Niles 14	798	214	584
Niles 15	753	202	551
Niles 16	909	291	618
Niles 17	765	230	535
Niles 18	415	110	305
Niles 19	700	293	407
Niles 20	616	244	372
Niles 21	936	218	718
Niles 22	634	182	452
Niles 23	693	201	492
Niles 24	808	242	566
Niles 25	426	136	290
Niles 26	784	311	473
Niles 27	623	143	480
Niles 28	710	260	450
Niles 29	433	136	297
Niles 30	545	202	343
Niles 31	715	207	508
Niles 32	314	103	211
Niles 33	815	191	624
Niles 34	693	238	455
Niles 35	751	259	492
Niles 36	454	81	373
Niles 37	690	180	510
Niles 38	1110	443	667
Niles 39	759	261	498
Niles 40	357	174	183
Niles 41	767	237	530
Niles 42	643	183	460
Niles 43	870	397	473
Niles 44	784	203	581
Niles 45	508	154	354
Niles 46	730	277	453
Niles 47	389	108	281
Niles 48	671	173	498
Niles 49	835	177	658
Niles 50	774	316	458
Niles 51	394	158	236
Niles 52	549	212	337
Niles 53	926	308	618
Niles 54	425	170	255
Niles 55	411	101	310
Niles 56	856	403	453
Niles 57	827	318	509
Niles 58	753	292	461
Niles 59	989	396	593
Niles 60	938	300	638
Niles 61	928	293	635
Niles 62	444	132	312
Niles 63	783	210	573
Niles 64	926	290	636
Northfield 1	821	309	512
Northfield 2	664	323	341
Northfield 3	470	192	278
Northfield 4	688	369	319
Northfield 5	515	286	229
Northfield 6	736	481	255
Northfield 7	945	451	494
Northfield 8	774	455	319
Northfield 9	516	295	221
Northfield 10	605	271	334
Northfield 11	395	188	207
Northfield 12	1125	633	492
Northfield 13	615	328	287
Northfield 14	565	269	296
Northfield 15	544	228	316
Northfield 16	820	373	447
Northfield 17	610	257	353
Northfield 18	925	393	532
Northfield 19	707	354	353
Northfield 20	679	313	366
Northfield 21	1009	517	492
Northfield 22	728	297	431
Northfield 23	539	338	201
Northfield 24	633	334	299
Northfield 25	639	315	324
Northfield 26	606	238	368
Northfield 27	678	247	431
Northfield 28	1067	450	617
Northfield 29	592	283	309
Northfield 30	743	404	339
Northfield 31	895	513	382
Northfield 32	979	446	533
Northfield 33	471	209	262
Northfield 34	525	290	235
Northfield 35	724	418	306
Northfield 36	500	248	252
Northfield 37	814	441	373
Northfield 38	571	266	305
Northfield 39	420	205	215
Northfield 40	448	226	222
Northfield 41	623	260	363
Northfield 42	621	331	290
Northfield 43	708	264	444
Northfield 44	536	258	278
Northfield 45	846	395	451
Northfield 46	933	434	499
Northfield 47	916	362	554
Northfield 48	693	350	343
Northfield 49	546	210	336
Northfield 50	851	435	416
Northfield 51	1585	838	747
Northfield 52	629	304	325
Northfield 53	704	295	409
Northfield 54	535	163	372
Northfield 55	592	156	436
Northfield 56	911	484	427
Northfield 57	484	234	250
Northfield 58	394	194	200
Northfield 59	681	295	386
Northfield 60	770	278	492
Northfield 61	519	308	211
Northfield 62	772	377	395
Norwood Park 1	672	288	384
Norwood Park 2	660	310	350
Norwood Park 3	703	372	331
Norwood Park 4	725	372	353
Norwood Park 5	556	298	258
Norwood Park 6	851	501	350
Norwood Park 7	549	301	248
Norwood Park 8	446	262	184
Norwood Park 9	442	242	200
Norwood Park 10	441	284	157
Norwood Park 11	878	481	397
Norwood Park 12	504	227	277
Norwood Park 13	537	312	225
Norwood Park 14	538	301	237
Norwood Park 15	487	240	247
Norwood Park 16	462	223	239
Norwood Park 17	594	300	294
Oak Park 1	595	62	533
Oak Park 2	970	261	709
Oak Park 3	1027	193	834
Oak Park 4	914	244	670
Oak Park 5	899	222	677
Oak Park 6	996	157	839
Oak Park 7	613	132	481
Oak Park 8	772	95	677
Oak Park 9	538	88	450
Oak Park 10	777	136	641
Oak Park 11	735	104	631
Oak Park 12	427	91	336
Oak Park 13	811	99	712
Oak Park 14	850	208	642
Oak Park 15	1021	124	897
Oak Park 16	1121	257	864
Oak Park 17	1131	234	897
Oak Park 18	709	211	498
Oak Park 19	837	166	671
Oak Park 20	1081	247	834
Oak Park 21	600	71	529
Oak Park 22	546	90	456
Oak Park 23	763	165	598
Oak Park 24	585	157	428
Oak Park 25	737	133	604
Oak Park 26	695	110	585
Oak Park 27	263	56	207
Oak Park 28	1023	174	849
Oak Park 29	706	156	550
Oak Park 30	937	109	828
Oak Park 31	1217	240	977
Oak Park 32	557	72	485
Oak Park 33	745	91	654
Oak Park 34	679	131	548
Oak Park 35	968	227	741
Oak Park 36	929	204	725
Oak Park 37	515	94	421
Orland 1	855	447	408
Orland 2	786	489	297
Orland 3	395	167	228
Orland 4	464	288	176
Orland 5	469	263	206
Orland 6	413	234	179
Orland 7	400	210	190
Orland 8	534	269	265
Orland 9	749	409	340
Orland 10	629	366	263
Orland 11	456	257	199
Orland 12	324	177	147
Orland 13	831	431	400
Orland 14	716	377	339
Orland 15	836	541	295
Orland 16	659	436	223
Orland 17	447	206	241
Orland 18	782	457	325
Orland 19	460	265	195
Orland 20	349	221	128
Orland 21	820	528	292
Orland 22	600	326	274
Orland 23	527	313	214
Orland 24	598	348	250
Orland 25	1061	599	462
Orland 26	573	297	276
Orland 27	444	248	196
Orland 28	470	310	160
Orland 29	964	606	358
Orland 30	421	232	189
Orland 31	500	288	212
Orland 32	404	241	163
Orland 33	490	292	198
Orland 34	727	452	275
Orland 35	684	389	295
Orland 36	799	373	426
Orland 37	712	417	295
Orland 38	363	190	173
Orland 39	516	330	186
Orland 40	728	436	292
Orland 41	608	343	265
Orland 42	717	419	298
Orland 43	583	322	261
Orland 44	532	300	232
Orland 45	608	372	236
Orland 46	517	294	223
Orland 47	923	569	354
Orland 48	644	355	289
Orland 49	474	281	193
Orland 50	531	270	261
Orland 51	776	475	301
Orland 52	641	413	228
Orland 53	522	307	215
Orland 54	883	580	303
Orland 55	520	309	211
Orland 56	570	423	147
Orland 57	644	407	237
Orland 58	670	396	274
Orland 59	658	401	257
Orland 60	452	275	177
Orland 61	534	334	200
Orland 62	692	409	283
Orland 63	717	439	278
Orland 64	863	589	274
Orland 65	563	379	184
Orland 66	602	366	236
Orland 67	416	213	203
Orland 68	490	305	185
Orland 69	394	136	258
Orland 70	779	426	353
Orland 71	611	438	173
Orland 72	506	262	244
Orland 73	847	483	364
Orland 74	413	226	187
Orland 75	773	548	225
Palatine 1	485	238	247
Palatine 2	845	441	404
Palatine 3	585	404	181
Palatine 4	510	154	356
Palatine 5	888	421	467
Palatine 6	740	350	390
Palatine 7	697	353	344
Palatine 8	714	350	364
Palatine 9	634	374	260
Palatine 10	821	560	261
Palatine 11	602	278	324
Palatine 12	611	411	200
Palatine 13	598	271	327
Palatine 14	587	301	286
Palatine 15	740	380	360
Palatine 16	574	177	397
Palatine 17	631	308	323
Palatine 18	452	228	224
Palatine 19	695	395	300
Palatine 20	576	192	384
Palatine 21	825	394	431
Palatine 22	662	335	327
Palatine 23	487	331	156
Palatine 24	793	397	396
Palatine 25	529	294	235
Palatine 26	838	431	407
Palatine 27	517	218	299
Palatine 28	465	237	228
Palatine 29	841	426	415
Palatine 30	515	236	279
Palatine 31	467	284	183
Palatine 32	665	411	254
Palatine 33	439	178	261
Palatine 34	855	494	361
Palatine 35	571	298	273
Palatine 36	600	307	293
Palatine 37	754	360	394
Palatine 38	624	395	229
Palatine 39	942	466	476
Palatine 40	973	541	432
Palatine 41	895	474	421
Palatine 42	796	407	389
Palatine 43	566	309	257
Palatine 44	873	608	265
Palatine 45	537	329	208
Palatine 46	760	404	356
Palatine 47	685	366	319
Palatine 48	574	349	225
Palatine 49	513	329	184
Palatine 50	968	533	435
Palatine 51	391	172	219
Palatine 52	661	402	259
Palatine 53	523	260	263
Palatine 54	822	419	403
Palatine 55	493	274	219
Palatine 56	736	392	344
Palatine 57	901	430	471
Palatine 58	642	264	378
Palatine 59	916	444	472
Palatine 60	669	209	460
Palatine 61	445	175	270
Palatine 62	529	195	334
Palatine 63	669	344	325
Palatine 64	659	296	363
Palatine 65	559	293	266
Palatine 66	838	264	574
Palatine 67	613	439	174
Palatine 68	603	341	262
Palatine 69	630	302	328
Palos 1	435	306	129
Palos 2	475	319	156
Palos 3	508	307	201
Palos 4	475	260	215
Palos 5	464	255	209
Palos 6	396	179	217
Palos 7	647	322	325
Palos 8	280	151	129
Palos 9	467	329	138
Palos 10	797	545	252
Palos 11	639	420	219
Palos 12	582	285	297
Palos 13	645	441	204
Palos 14	375	189	186
Palos 15	619	390	229
Palos 16	820	531	289
Palos 17	778	369	409
Palos 18	677	343	334
Palos 19	733	385	348
Palos 20	691	364	327
Palos 21	421	204	217
Palos 22	104	56	48
Palos 23	435	188	247
Palos 24	418	280	138
Palos 25	480	73	407
Palos 26	384	197	187
Palos 27	675	313	362
Palos 28	547	97	450
Palos 29	651	434	217
Palos 30	696	399	297
Palos 31	726	412	314
Palos 32	326	184	142
Palos 33	693	462	231
Palos 34	456	242	214
Palos 35	835	453	382
Palos 36	732	404	328
Palos 37	767	517	250
Palos 38	595	327	268
Palos 39	774	486	288
Proviso 1	543	97	446
Proviso 2	526	75	451
Proviso 3	711	141	570
Proviso 4	684	13	671
Proviso 5	652	29	623
Proviso 6	486	224	262
Proviso 7	141	45	96
Proviso 8	408	67	341
Proviso 9	527	25	502
Proviso 10	516	80	436
Proviso 11	525	120	405
Proviso 12	712	210	502
Proviso 13	672	182	490
Proviso 14	468	120	348
Proviso 15	555	93	462
Proviso 16	580	127	453
Proviso 17	409	15	394
Proviso 18	807	44	763
Proviso 19	699	20	679
Proviso 20	536	14	522
Proviso 21	485	214	271
Proviso 22	483	12	471
Proviso 23	297	151	146
Proviso 24	912	462	450
Proviso 25	753	356	397
Proviso 26	747	326	421
Proviso 27	705	291	414
Proviso 28	699	336	363
Proviso 29	829	339	490
Proviso 30	657	124	533
Proviso 31	384	11	373
Proviso 32	765	316	449
Proviso 33	704	22	682
Proviso 34	1001	62	939
Proviso 35	769	423	346
Proviso 36	690	21	669
Proviso 37	432	11	421
Proviso 38	596	42	554
Proviso 39	755	131	624
Proviso 40	616	14	602
Proviso 41	547	29	518
Proviso 42	410	10	400
Proviso 43	437	15	422
Proviso 44	474	27	447
Proviso 45	625	17	608
Proviso 46	173	102	71
Proviso 47	381	16	365
Proviso 48	744	64	680
Proviso 49	468	66	402
Proviso 50	938	242	696
Proviso 51	711	264	447
Proviso 52	507	25	482
Proviso 53	685	19	666
Proviso 54	997	414	583
Proviso 55	611	286	325
Proviso 56	486	33	453
Proviso 57	571	211	360
Proviso 58	417	23	394
Proviso 59	528	125	403
Proviso 60	458	82	376
Proviso 61	714	124	590
Proviso 62	735	155	580
Proviso 63	715	322	393
Proviso 64	610	22	588
Proviso 65	504	70	434
Proviso 66	741	184	557
Proviso 67	849	193	656
Proviso 68	387	145	242
Proviso 69	552	15	537
Proviso 70	536	274	262
Proviso 71	1048	287	761
Proviso 72	552	111	441
Proviso 73	573	148	425
Proviso 74	594	132	462
Proviso 75	685	276	409
Proviso 76	733	167	566
Proviso 77	417	164	253
Proviso 78	271	76	195
Proviso 79	493	31	462
Proviso 80	466	71	395
Proviso 81	496	123	373
Proviso 82	861	30	831
Proviso 83	746	23	723
Proviso 84	491	281	210
Proviso 85	742	299	443
Proviso 86	634	10	624
Proviso 87	699	241	458
Proviso 88	361	56	305
Proviso 89	496	206	290
Proviso 90	1014	387	627
Proviso 91	537	111	426
Proviso 92	819	318	501
Proviso 93	454	124	330
Proviso 94	507	17	490
Proviso 95	490	146	344
Proviso 96	419	190	229
Proviso 97	894	467	427
Proviso 98	614	247	367
Proviso 99	639	31	608
Proviso 100	787	351	436
Proviso 101	579	207	372
Proviso 102	745	271	474
Rich 1	2096	65	2031
Rich 2	611	45	566
Rich 3	878	165	713
Rich 4	569	38	531
Rich 5	792	102	690
Rich 6	863	81	782
Rich 7	590	176	414
Rich 8	1105	103	1002
Rich 9	854	61	793
Rich 10	517	63	454
Rich 11	643	127	516
Rich 12	790	124	666
Rich 13	439	55	384
Rich 14	586	138	448
Rich 15	972	35	937
Rich 16	561	112	449
Rich 17	616	140	476
Rich 18	723	52	671
Rich 19	451	206	245
Rich 20	1039	609	430
Rich 21	876	86	790
Rich 22	692	118	574
Rich 23	923	53	870
Rich 24	720	108	612
Rich 25	982	110	872
Rich 26	794	110	684
Rich 27	749	80	669
Rich 28	551	12	539
Rich 29	663	200	463
Rich 30	911	37	874
Rich 31	546	191	355
Rich 32	885	116	769
Rich 33	535	203	332
Rich 34	577	50	527
Rich 35	496	74	422
Rich 36	1339	99	1240
Rich 37	506	13	493
Rich 38	685	42	643
Rich 39	706	112	594
Rich 40	630	45	585
Rich 41	459	48	411
Rich 42	626	13	613
Rich 43	790	27	763
Rich 44	527	13	514
Rich 45	809	105	704
Rich 46	1000	31	969
Rich 47	1063	66	997
Rich 48	727	25	702
Rich 49	684	115	569
Rich 50	381	179	202
Rich 51	675	42	633
River Forest 1	985	474	511
River Forest 2	669	347	322
River Forest 3	724	273	451
River Forest 4	794	309	485
River Forest 5	521	218	303
River Forest 6	508	224	284
River Forest 7	711	264	447
River Forest 8	922	336	586
Riverside 1	739	376	363
Riverside 2	76	36	40
Riverside 3	429	191	238
Riverside 4	893	422	471
Riverside 5	462	161	301
Riverside 6	568	265	303
Riverside 7	476	218	258
Riverside 8	787	360	427
Riverside 9	558	262	296
Riverside 10	776	406	370
Riverside 11	865	386	479
Riverside 12	468	182	286
Riverside 13	738	307	431
Schaumburg 1	1112	395	717
Schaumburg 2	1026	349	677
Schaumburg 3	649	304	345
Schaumburg 4	412	121	291
Schaumburg 5	406	218	188
Schaumburg 6	593	242	351
Schaumburg 7	503	137	366
Schaumburg 8	536	215	321
Schaumburg 9	506	170	336
Schaumburg 10	440	178	262
Schaumburg 11	578	297	281
Schaumburg 12	672	256	416
Schaumburg 13	480	228	252
Schaumburg 14	701	372	329
Schaumburg 15	629	300	329
Schaumburg 16	819	317	502
Schaumburg 17	704	376	328
Schaumburg 18	537	177	360
Schaumburg 19	506	189	317
Schaumburg 20	498	254	244
Schaumburg 21	875	437	438
Schaumburg 22	748	222	526
Schaumburg 23	713	286	427
Schaumburg 24	759	363	396
Schaumburg 25	713	286	427
Schaumburg 26	743	303	440
Schaumburg 27	517	216	301
Schaumburg 28	777	312	465
Schaumburg 29	727	341	386
Schaumburg 30	578	274	304
Schaumburg 31	872	384	488
Schaumburg 32	795	333	462
Schaumburg 33	537	254	283
Schaumburg 34	803	196	607
Schaumburg 35	473	178	295
Schaumburg 36	458	201	257
Schaumburg 37	446	212	234
Schaumburg 38	574	227	347
Schaumburg 39	907	431	476
Schaumburg 40	602	302	300
Schaumburg 41	612	288	324
Schaumburg 42	742	273	469
Schaumburg 43	578	147	431
Schaumburg 44	792	197	595
Schaumburg 45	690	274	416
Schaumburg 46	483	209	274
Schaumburg 47	605	298	307
Schaumburg 48	542	250	292
Schaumburg 49	468	170	298
Schaumburg 50	478	268	210
Schaumburg 51	528	151	377
Schaumburg 52	873	474	399
Schaumburg 53	618	294	324
Schaumburg 54	794	387	407
Schaumburg 55	572	298	274
Schaumburg 56	689	338	351
Schaumburg 57	846	438	408
Schaumburg 58	416	189	227
Schaumburg 59	822	468	354
Schaumburg 60	496	163	333
Schaumburg 61	934	394	540
Schaumburg 62	730	225	505
Schaumburg 63	545	276	269
Schaumburg 64	574	277	297
Schaumburg 65	511	229	282
Schaumburg 66	580	309	271
Schaumburg 67	629	288	341
Schaumburg 68	520	256	264
Schaumburg 69	509	261	248
Schaumburg 70	525	311	214
Schaumburg 71	626	233	393
Schaumburg 72	634	270	364
Schaumburg 73	769	375	394
Schaumburg 74	504	262	242
Schaumburg 75	548	290	258
Schaumburg 76	589	311	278
Schaumburg 77	844	343	501
Schaumburg 78	587	213	374
Stickney 1	306	148	158
Stickney 2	476	157	319
Stickney 3	896	369	527
Stickney 4	730	307	423
Stickney 5	791	347	444
Stickney 6	907	402	505
Stickney 7	385	127	258
Stickney 8	598	253	345
Stickney 9	588	248	340
Stickney 10	783	281	502
Stickney 11	668	277	391
Stickney 12	671	273	398
Stickney 13	512	183	329
Stickney 14	782	353	429
Stickney 15	712	263	449
Stickney 16	698	260	438
Stickney 17	475	183	292
Stickney 18	361	143	218
Stickney 19	551	211	340
Stickney 20	513	179	334
Thornton 1	329	18	311
Thornton 2	300	24	276
Thornton 3	605	62	543
Thornton 4	760	36	724
Thornton 5	536	47	489
Thornton 6	730	28	702
Thornton 7	522	12	510
Thornton 8	707	34	673
Thornton 9	326	9	317
Thornton 10	597	69	528
Thornton 11	381	38	343
Thornton 12	470	54	416
Thornton 13	543	162	381
Thornton 14	599	153	446
Thornton 15	552	25	527
Thornton 16	582	210	372
Thornton 17	692	154	538
Thornton 18	899	369	530
Thornton 19	778	192	586
Thornton 20	430	206	224
Thornton 21	811	118	693
Thornton 22	591	16	575
Thornton 23	537	80	457
Thornton 24	677	236	441
Thornton 25	587	216	371
Thornton 26	610	137	473
Thornton 27	770	74	696
Thornton 28	516	48	468
Thornton 29	368	5	363
Thornton 30	398	10	388
Thornton 31	231	33	198
Thornton 32	525	18	507
Thornton 33	582	31	551
Thornton 34	879	38	841
Thornton 35	776	64	712
Thornton 36	373	7	366
Thornton 37	751	239	512
Thornton 38	846	75	771
Thornton 39	440	6	434
Thornton 40	447	16	431
Thornton 41	401	47	354
Thornton 42	400	9	391
Thornton 43	486	211	275
Thornton 44	439	18	421
Thornton 45	496	6	490
Thornton 46	682	25	657
Thornton 47	468	154	314
Thornton 48	532	21	511
Thornton 49	355	11	344
Thornton 50	492	87	405
Thornton 51	477	195	282
Thornton 52	622	17	605
Thornton 53	405	11	394
Thornton 54	859	89	770
Thornton 55	404	34	370
Thornton 56	607	103	504
Thornton 57	437	210	227
Thornton 58	682	97	585
Thornton 59	480	46	434
Thornton 60	382	16	366
Thornton 61	398	36	362
Thornton 62	215	70	145
Thornton 63	353	52	301
Thornton 64	490	6	484
Thornton 65	775	285	490
Thornton 66	839	93	746
Thornton 67	743	292	451
Thornton 68	648	212	436
Thornton 69	463	14	449
Thornton 70	335	20	315
Thornton 71	355	5	350
Thornton 72	591	14	577
Thornton 73	888	109	779
Thornton 74	674	20	654
Thornton 75	576	26	550
Thornton 76	659	72	587
Thornton 77	942	28	914
Thornton 78	645	19	626
Thornton 79	817	118	699
Thornton 80	512	61	451
Thornton 81	553	35	518
Thornton 82	562	280	282
Thornton 83	801	24	777
Thornton 84	762	24	738
Thornton 85	487	15	472
Thornton 86	453	24	429
Thornton 87	806	16	790
Thornton 88	571	28	543
Thornton 89	810	61	749
Thornton 90	602	67	535
Thornton 91	573	75	498
Thornton 92	682	87	595
Thornton 93	415	17	398
Thornton 94	657	57	600
Thornton 95	490	22	468
Thornton 96	507	21	486
Thornton 97	341	73	268
Thornton 98	249	8	241
Thornton 99	532	51	481
Thornton 100	415	15	400
Thornton 101	549	11	538
Thornton 102	394	17	377
Thornton 103	372	13	359
Thornton 104	283	12	271
Thornton 105	536	20	516
Thornton 106	466	14	452
Thornton 107	764	46	718
Thornton 108	387	16	371
Thornton 109	524	14	510
Thornton 110	420	6	414
Thornton 111	459	10	449
Thornton 112	380	45	335
Thornton 113	343	11	332
Thornton 114	583	148	435
Thornton 115	571	25	546
Thornton 116	708	65	643
Thornton 117	670	213	457
Thornton 118	560	144	416
Thornton 119	664	27	637
Thornton 120	884	71	813
Thornton 121	486	26	460
Thornton 122	803	129	674
Thornton 123	423	46	377
Wheeling 1	660	295	365
Wheeling 2	491	266	225
Wheeling 3	641	323	318
Wheeling 4	516	211	305
Wheeling 5	590	269	321
Wheeling 6	420	195	225
Wheeling 7	866	421	445
Wheeling 8	446	245	201
Wheeling 9	570	194	376
Wheeling 10	788	444	344
Wheeling 11	921	461	460
Wheeling 12	982	528	454
Wheeling 13	607	354	253
Wheeling 14	522	296	226
Wheeling 15	575	298	277
Wheeling 16	272	97	175
Wheeling 17	666	253	413
Wheeling 18	602	324	278
Wheeling 19	858	436	422
Wheeling 20	740	386	354
Wheeling 21	468	281	187
Wheeling 22	706	323	383
Wheeling 23	602	379	223
Wheeling 24	560	362	198
Wheeling 25	780	328	452
Wheeling 26	935	489	446
Wheeling 27	1016	510	506
Wheeling 28	894	480	414
Wheeling 29	398	192	206
Wheeling 30	932	547	385
Wheeling 31	479	239	240
Wheeling 32	462	258	204
Wheeling 33	437	145	292
Wheeling 34	844	451	393
Wheeling 35	635	302	333
Wheeling 36	961	507	454
Wheeling 37	786	243	543
Wheeling 38	762	349	413
Wheeling 39	703	329	374
Wheeling 40	671	368	303
Wheeling 41	1049	595	454
Wheeling 42	881	459	422
Wheeling 43	654	290	364
Wheeling 44	801	474	327
Wheeling 45	496	229	267
Wheeling 46	1084	591	493
Wheeling 47	598	282	316
Wheeling 48	596	305	291
Wheeling 49	801	275	526
Wheeling 50	537	187	350
Wheeling 51	811	403	408
Wheeling 52	546	249	297
Wheeling 53	723	430	293
Wheeling 54	765	472	293
Wheeling 55	647	271	376
Wheeling 56	584	295	289
Wheeling 57	715	400	315
Wheeling 58	557	295	262
Wheeling 59	732	346	386
Wheeling 60	478	197	281
Wheeling 61	797	496	301
Wheeling 62	776	398	378
Wheeling 63	532	216	316
Wheeling 64	924	409	515
Wheeling 65	856	461	395
Wheeling 66	824	383	441
Wheeling 67	394	136	258
Wheeling 68	406	242	164
Wheeling 69	617	303	314
Wheeling 70	889	383	506
Wheeling 71	1039	552	487
Wheeling 72	661	304	357
Wheeling 73	659	313	346
Wheeling 74	500	204	296
Wheeling 75	695	359	336
Wheeling 76	870	319	551
Wheeling 77	312	105	207
Wheeling 78	997	509	488
Wheeling 79	610	245	365
Wheeling 80	625	231	394
Wheeling 81	526	275	251
Wheeling 82	862	427	435
Wheeling 83	982	526	456
Wheeling 84	906	360	546
Wheeling 85	554	275	279
Wheeling 86	743	407	336
Wheeling 87	639	327	312
Wheeling 88	693	267	426
Wheeling 89	432	180	252
Wheeling 90	649	335	314
Wheeling 91	785	351	434
Wheeling 92	1066	555	511
Worth 1	355	143	212
Worth 2	718	347	371
Worth 3	626	311	315
Worth 4	920	293	627
Worth 5	697	370	327
Worth 6	718	361	357
Worth 7	646	426	220
Worth 8	704	218	486
Worth 9	732	326	406
Worth 10	742	268	474
Worth 11	664	332	332
Worth 12	424	181	243
Worth 13	702	307	395
Worth 14	610	167	443
Worth 15	891	348	543
Worth 16	860	447	413
Worth 17	710	181	529
Worth 18	510	366	144
Worth 19	642	245	397
Worth 20	442	139	303
Worth 21	903	352	551
Worth 22	490	235	255
Worth 23	673	396	277
Worth 24	378	74	304
Worth 25	752	360	392
Worth 26	497	221	276
Worth 27	524	283	241
Worth 28	424	141	283
Worth 29	515	123	392
Worth 30	670	322	348
Worth 31	805	297	508
Worth 32	428	225	203
Worth 33	617	253	364
Worth 34	613	162	451
Worth 35	721	380	341
Worth 36	656	256	400
Worth 37	492	99	393
Worth 38	626	201	425
Worth 39	607	309	298
Worth 40	697	256	441
Worth 41	333	163	170
Worth 42	568	238	330
Worth 43	445	11	434
Worth 44	426	200	226
Worth 45	518	261	257
Worth 46	763	360	403
Worth 47	353	164	189
Worth 48	457	238	219
Worth 49	389	179	210
Worth 50	700	374	326
Worth 51	470	237	233
Worth 52	400	213	187
Worth 53	643	289	354
Worth 54	686	246	440
Worth 55	388	144	244
Worth 56	656	379	277
Worth 57	672	298	374
Worth 58	705	315	390
Worth 59	788	145	643
Worth 60	400	217	183
Worth 61	548	301	247
Worth 62	365	189	176
Worth 63	643	245	398
Worth 64	899	570	329
Worth 65	934	617	317
Worth 66	448	243	205
Worth 67	420	241	179
Worth 68	488	102	386
Worth 69	721	245	476
Worth 70	754	370	384
Worth 71	507	236	271
Worth 72	707	288	419
Worth 73	392	149	243
Worth 74	318	148	170
Worth 75	766	352	414
Worth 76	319	123	196
Worth 77	646	295	351
Worth 78	757	335	422
Worth 79	443	269	174
Worth 80	721	170	551
Worth 81	466	274	192
Worth 82	604	306	298
Worth 83	299	89	210
Worth 84	642	330	312
Worth 85	630	322	308
Worth 86	624	287	337
Worth 87	562	273	289
Worth 88	381	153	228
Worth 89	831	543	288
Worth 90	675	261	414
Worth 91	363	182	181
Worth 92	661	338	323
Worth 93	384	173	211
Worth 94	736	335	401
Worth 95	657	443	214
Worth 96	760	245	515
Worth 97	508	105	403
Worth 98	739	378	361
Worth 99	416	220	196
Worth 100	677	340	337
