Precinct	total_votes	votes|Yes	votes|No
01001	184	163	21
01002	180	163	17
01003	204	171	33
01004	218	180	38
01005	166	146	20
01006	206	181	25
01007	151	138	13
01008	180	153	27
01009	162	140	22
01010	179	159	20
01011	176	145	31
01012	214	176	38
01013	97	84	13
01014	206	175	31
01015	187	174	13
01016	184	164	20
01017	196	176	20
01018	213	186	27
01019	291	264	27
01020	177	154	23
01021	172	147	25
01022	122	109	13
01023	295	262	33
01024	149	127	22
01025	149	128	21
01026	152	133	19
01027	164	139	25
01028	111	94	17
01029	215	188	27
01030	243	220	23
01031	199	179	20
01032	189	164	25
01033	223	194	29
01034	175	155	20
01035	215	184	31
01036	192	166	26
01037	199	177	22
01038	208	178	30
01039	166	140	26
01040	203	179	24
01041	146	132	14
01042	57	52	5
01043	164	142	22
01044	142	127	15
02001	177	150	27
02002	228	192	36
02003	191	157	34
02004	203	170	33
02005	196	174	22
02006	191	168	23
02007	191	161	30
02008	193	167	26
02009	164	134	30
02010	237	206	31
02011	262	218	44
02012	237	207	30
02013	326	272	54
02014	276	242	34
02015	195	165	30
02016	158	145	13
02017	295	265	30
02018	229	208	21
02019	231	198	33
02020	149	132	17
02021	217	192	25
02022	274	217	57
02023	233	210	23
02024	200	170	30
02025	186	162	24
02026	190	157	33
02027	221	189	32
02028	241	204	37
02029	207	181	26
02030	201	170	31
02031	329	284	45
02032	167	141	26
02033	361	309	52
02034	238	188	50
02035	183	161	22
02036	210	174	36
02037	261	232	29
02038	265	229	36
02039	176	162	14
02040	174	151	23
02041	113	96	17
02042	192	171	21
02043	263	219	44
02044	154	133	21
02045	264	230	34
02046	121	107	14
03001	284	247	37
03002	403	363	40
03003	231	199	32
03004	287	266	21
03005	183	157	26
03006	255	226	29
03007	262	243	19
03008	185	160	25
03009	278	240	38
03010	140	125	15
03011	243	213	30
03012	316	279	37
03013	298	266	32
03014	192	174	18
03015	222	201	21
03016	233	211	22
03017	257	224	33
03018	316	285	31
03019	218	201	17
03020	246	213	33
03021	278	250	28
03022	223	197	26
03023	233	198	35
03024	233	215	18
03025	285	246	39
03026	346	292	54
03027	220	197	23
03028	223	190	33
03029	263	224	39
03030	277	254	23
03031	273	244	29
03032	246	218	28
03033	184	163	21
03034	282	253	29
03035	113	98	15
03036	134	112	22
03037	209	177	32
03038	296	276	20
03039	206	181	25
03040	289	251	38
03041	271	245	26
04001	338	302	36
04002	271	245	26
04003	249	226	23
04004	338	303	35
04005	315	282	33
04006	392	353	39
04007	356	325	31
04008	356	321	35
04009	448	414	34
04010	339	294	45
04011	285	255	30
04012	282	245	37
04013	134	120	14
04014	300	277	23
04015	345	309	36
04016	225	184	41
04017	257	218	39
04018	295	257	38
04019	247	220	27
04020	272	240	32
04021	238	197	41
04022	313	273	40
04023	360	323	37
04024	253	220	33
04025	249	217	32
04026	311	273	38
04027	301	270	31
04028	320	290	30
04029	236	210	26
04030	328	300	28
04031	378	351	27
04032	273	248	25
04033	327	288	39
04034	263	232	31
04035	383	343	40
04036	335	299	36
04037	285	248	37
04038	351	332	19
05001	218	198	20
05002	220	189	31
05003	259	234	25
05004	290	254	36
05005	269	240	29
05006	237	206	31
05007	257	233	24
05008	293	262	31
05009	314	289	25
05010	214	191	23
05011	318	282	36
05012	191	171	20
05013	245	219	26
05014	312	270	42
05015	256	229	27
05016	262	232	30
05017	215	183	32
05018	252	230	22
05019	299	261	38
05020	333	301	32
05021	253	230	23
05022	356	319	37
05023	433	392	41
05024	275	254	21
05025	281	240	41
05026	244	219	25
05027	230	200	30
05028	318	283	35
05029	324	296	28
05030	182	161	21
05031	216	188	28
05032	336	304	32
05033	307	279	28
05034	313	263	50
05035	304	275	29
05036	203	174	29
05037	333	305	28
05038	237	213	24
05039	255	221	34
05040	242	216	26
05041	199	179	20
06001	306	286	20
06002	286	265	21
06003	284	253	31
06004	182	157	25
06005	164	142	22
06006	271	242	29
06007	233	201	32
06008	282	252	30
06009	208	189	19
06010	132	115	17
06011	222	189	33
06012	142	125	17
06013	211	197	14
06014	242	210	32
06015	185	158	27
06016	295	265	30
06017	168	140	28
06018	185	154	31
06019	227	211	16
06020	121	106	15
06021	148	126	22
06022	168	146	22
06023	132	115	17
06024	140	112	28
06025	129	122	7
06026	148	137	11
06027	133	121	12
06028	124	108	16
06029	318	280	38
06030	189	167	22
06031	281	255	26
06032	252	229	23
06033	258	235	23
06034	261	238	23
06035	258	235	23
06036	277	248	29
06037	323	294	29
06038	312	276	36
06039	229	214	15
06040	228	203	25
06041	243	219	24
06042	249	221	28
06043	233	209	24
06044	280	248	32
06045	277	243	34
06046	212	186	26
06047	175	150	25
06048	242	222	20
07001	205	188	17
07002	190	164	26
07003	245	227	18
07004	226	199	27
07005	217	191	26
07006	283	252	31
07007	170	150	20
07008	223	197	26
07009	435	385	50
07010	252	234	18
07011	240	216	24
07012	200	184	16
07013	184	163	21
07014	228	198	30
07015	257	226	31
07016	175	148	27
07017	173	148	25
07018	192	168	24
07019	212	191	21
07020	153	131	22
07021	165	147	18
07022	197	176	21
07023	267	238	29
07024	237	205	32
07025	191	165	26
07026	202	189	13
07027	211	191	20
07028	170	149	21
07029	208	188	20
07030	169	155	14
07031	142	130	12
07032	376	336	40
07033	354	323	31
07034	305	278	27
07035	228	210	18
07036	310	284	26
07037	288	252	36
07038	173	146	27
07039	213	193	20
07040	236	213	23
07041	210	186	24
07042	213	193	20
07043	231	208	23
07044	195	178	17
07045	216	191	25
07046	115	100	15
08001	173	151	22
08002	218	197	21
08003	319	288	31
08004	294	267	27
08005	326	287	39
08006	261	236	25
08007	309	281	28
08008	290	262	28
08009	175	155	20
08010	353	328	25
08011	245	220	25
08012	212	189	23
08013	277	249	28
08014	124	113	11
08015	218	195	23
08016	68	63	5
08017	235	217	18
08018	200	181	19
08019	339	296	43
08020	275	252	23
08021	267	240	27
08022	228	207	21
08023	201	178	23
08024	166	149	17
08025	216	192	24
08026	215	190	25
08027	289	267	22
08028	270	235	35
08029	278	253	25
08030	276	247	29
08031	201	177	24
08032	211	183	28
08033	233	202	31
08034	245	221	24
08035	303	268	35
08036	268	245	23
08037	243	223	20
08038	166	146	20
08039	259	238	21
08040	190	168	22
08041	251	215	36
08042	306	277	29
08043	123	109	14
08044	169	155	14
08045	177	152	25
08046	187	172	15
08047	211	193	18
08048	206	183	23
08049	258	236	22
08050	289	268	21
08051	271	240	31
08052	353	319	34
08053	150	132	18
08054	166	151	15
08055	155	145	10
08056	266	249	17
09001	234	209	25
09002	205	175	30
09003	132	115	17
09004	179	165	14
09005	231	202	29
09006	242	216	26
09007	162	139	23
09008	198	166	32
09009	282	257	25
09010	190	171	19
09011	179	145	34
09012	270	246	24
09013	301	272	29
09014	334	298	36
09015	149	123	26
09016	221	191	30
09017	172	143	29
09018	150	135	15
09019	213	195	18
09020	263	234	29
09021	207	180	27
09022	262	229	33
09023	272	239	33
09024	262	236	26
09025	243	210	33
09026	145	128	17
09027	211	191	20
09028	115	99	16
09029	202	173	29
09030	183	168	15
09031	185	166	19
09032	223	206	17
09033	172	160	12
09034	178	160	18
09035	254	231	23
09036	205	186	19
09037	320	280	40
09038	223	196	27
09039	253	231	22
09040	282	252	30
09041	212	184	28
09042	295	261	34
09043	194	174	20
09044	230	200	30
09045	176	166	10
09046	237	204	33
09047	312	288	24
09048	271	246	25
09049	227	204	23
09050	352	310	42
09051	265	226	39
10001	228	202	26
10002	300	256	44
10003	303	248	55
10004	175	150	25
10005	247	216	31
10006	219	191	28
10007	182	150	32
10008	119	107	12
10009	325	276	49
10010	322	278	44
10011	315	286	29
10012	184	160	24
10013	275	239	36
10014	402	347	55
10015	459	405	54
10016	193	166	27
10017	414	360	54
10018	134	117	17
10019	324	279	45
10020	325	284	41
10021	301	256	45
10022	149	127	22
10023	266	241	25
10024	338	287	51
10025	75	63	12
10026	166	148	18
10027	212	186	26
10028	340	303	37
10029	240	207	33
10030	231	199	32
10031	207	175	32
10032	271	237	34
10033	192	163	29
10034	144	126	18
10035	366	318	48
10036	63	49	14
11001	295	263	32
11002	31	29	2
11003	187	165	22
11004	254	222	32
11005	259	217	42
11006	244	221	23
11007	181	157	24
11008	228	188	40
11009	241	203	38
11010	250	213	37
11011	297	264	33
11012	527	446	81
11013	457	385	72
11014	145	123	22
11015	111	88	23
11016	203	170	33
11017	281	241	40
11018	256	220	36
11019	314	275	39
11020	218	187	31
11021	454	399	55
11022	368	318	50
11023	180	153	27
11024	439	390	49
11025	281	238	43
11026	392	335	57
11027	91	80	11
11028	169	148	21
11029	370	322	48
11030	126	114	12
11031	318	270	48
11032	172	144	28
11033	207	185	22
11034	100	80	20
11035	100	78	22
11036	125	108	17
11037	73	70	3
11038	90	80	10
12001	262	221	41
12002	168	141	27
12003	287	249	38
12004	231	202	29
12005	213	181	32
12006	208	182	26
12007	179	165	14
12008	238	204	34
12009	193	159	34
12010	184	161	23
12011	209	184	25
12012	179	157	22
12013	203	188	15
12014	165	138	27
12015	191	161	30
12016	158	134	24
12017	216	189	27
12018	170	142	28
12019	198	176	22
12020	222	186	36
12021	222	191	31
12022	144	128	16
12023	222	195	27
13001	233	207	26
13002	245	216	29
13003	131	116	15
13004	290	237	53
13005	259	233	26
13006	268	229	39
13007	175	148	27
13008	201	167	34
13009	195	173	22
13010	256	214	42
13011	293	254	39
13012	179	158	21
13013	223	201	22
13014	199	171	28
13015	337	288	49
13016	149	134	15
13017	227	192	35
13018	203	173	30
13019	215	204	11
13020	160	135	25
13021	305	252	53
13022	256	218	38
13023	156	141	15
13024	193	160	33
13025	233	195	38
13026	240	200	40
13027	208	188	20
13028	172	148	24
13029	177	143	34
13030	149	121	28
13031	260	207	53
13032	240	212	28
13033	228	194	34
13034	260	219	41
13035	205	178	27
13036	127	111	16
13037	263	228	35
13038	232	189	43
13039	223	198	25
13040	185	168	17
13041	226	196	30
13042	270	212	58
13043	262	225	37
13044	330	282	48
13045	265	229	36
13046	239	209	30
13047	210	182	28
13048	211	169	42
14001	331	293	38
14002	293	253	40
14003	183	167	16
14004	240	194	46
14005	262	228	34
14006	108	92	16
14007	207	171	36
14008	192	167	25
14009	280	244	36
14010	147	126	21
14011	105	90	15
14012	201	181	20
14013	178	153	25
14014	180	161	19
14015	182	154	28
14016	162	134	28
14017	215	191	24
14018	81	71	10
14019	181	148	33
14020	128	114	14
14021	190	174	16
14022	219	178	41
14023	195	167	28
14024	325	280	45
14025	126	114	12
14026	115	102	13
14027	181	154	27
14028	130	115	15
14029	168	149	19
14030	74	67	7
14031	109	94	15
15001	215	185	30
15002	135	116	19
15003	150	133	17
15004	207	175	32
15005	172	150	22
15006	216	184	32
15007	176	153	23
15008	205	179	26
15009	254	216	38
15010	235	204	31
15011	221	195	26
15012	247	218	29
15013	171	148	23
15014	138	117	21
15015	142	125	17
15016	206	176	30
15017	183	151	32
15018	152	128	24
15019	202	177	25
15020	155	134	21
15021	152	129	23
15022	165	138	27
15023	159	138	21
15024	133	118	15
16001	175	161	14
16002	188	164	24
16003	162	148	14
16004	165	148	17
16005	138	116	22
16006	173	150	23
16007	163	136	27
16008	108	94	14
16009	198	171	27
16010	178	160	18
16011	152	134	18
16012	124	102	22
16013	134	121	13
16014	144	128	16
16015	183	156	27
16016	178	158	20
16017	139	121	18
16018	178	157	21
16019	161	145	16
16020	144	124	20
16021	139	116	23
16022	139	121	18
16023	141	120	21
16024	119	97	22
16025	196	173	23
16026	160	136	24
16027	144	132	12
16028	198	170	28
16029	160	138	22
16030	163	144	19
16031	214	191	23
16032	148	134	14
16033	215	182	33
16034	176	157	19
16035	143	125	18
16036	145	120	25
17001	205	187	18
17002	187	164	23
17003	208	182	26
17004	246	217	29
17005	199	172	27
17006	160	145	15
17007	132	120	12
17008	194	167	27
17009	222	191	31
17010	243	223	20
17011	176	159	17
17012	196	171	25
17013	170	147	23
17014	197	172	25
17015	211	191	20
17016	150	132	18
17017	185	159	26
17018	253	221	32
17019	129	118	11
17020	288	257	31
17021	317	287	30
17022	206	188	18
17023	149	140	9
17024	273	245	28
17025	142	124	18
17026	267	236	31
17027	198	177	21
17028	189	174	15
17029	231	192	39
17030	163	141	22
17031	136	121	15
17032	172	146	26
17033	138	118	20
17034	160	133	27
17035	192	169	23
17036	245	224	21
17037	178	158	20
17038	243	213	30
17039	220	196	24
17040	213	190	23
17041	268	247	21
18001	171	154	17
18002	196	170	26
18003	229	191	38
18004	271	242	29
18005	176	157	19
18006	212	179	33
18007	256	225	31
18008	273	239	34
18009	267	250	17
18010	355	321	34
18011	191	178	13
18012	229	202	27
18013	276	242	34
18014	247	218	29
18015	248	219	29
18016	250	221	29
18017	234	206	28
18018	265	228	37
18019	263	234	29
18020	225	196	29
18021	335	291	44
18022	317	284	33
18023	184	164	20
18024	200	174	26
18025	214	181	33
18026	341	304	37
18027	183	164	19
18028	229	189	40
18029	223	192	31
18030	220	183	37
18031	249	217	32
18032	258	231	27
18033	193	180	13
18034	367	327	40
18035	321	293	28
18036	225	189	36
18037	288	251	37
18038	252	234	18
18039	158	137	21
18040	285	259	26
18041	287	255	32
18042	188	157	31
18043	177	156	21
18044	227	197	30
18045	211	182	29
18046	242	211	31
18047	154	138	16
18048	185	162	23
18049	159	142	17
18050	172	161	11
19001	294	255	39
19002	431	389	42
19003	230	187	43
19004	373	315	58
19005	366	307	59
19006	330	285	45
19007	314	266	48
19008	337	271	66
19009	244	215	29
19010	376	315	61
19011	320	265	55
19012	261	211	50
19013	352	315	37
19014	328	299	29
19015	414	333	81
19016	318	270	48
19017	280	241	39
19018	300	251	49
19019	387	327	60
19020	253	225	28
19021	346	292	54
19022	340	289	51
19023	326	270	56
19024	244	200	44
19025	297	259	38
19026	316	264	52
19027	305	272	33
19028	336	300	36
19029	283	239	44
19030	261	213	48
19031	291	258	33
19032	285	245	40
19033	314	258	56
19034	314	260	54
19035	277	247	30
19036	339	301	38
19037	288	259	29
19038	277	253	24
19039	78	71	7
19040	325	280	45
19041	284	217	67
19042	252	219	33
19043	368	324	44
19044	339	277	62
19045	329	290	39
19046	350	294	56
19047	450	384	66
19048	300	261	39
19049	397	355	42
19050	237	201	36
19051	372	325	47
19052	323	266	57
19053	303	247	56
19054	243	196	47
19055	272	231	41
19056	365	317	48
19057	273	239	34
20001	170	150	20
20002	98	87	11
20003	171	157	14
20004	84	70	14
20005	214	201	13
20006	92	77	15
20007	167	157	10
20008	224	201	23
20009	266	238	28
20010	153	137	16
20011	249	221	28
20012	115	91	24
20013	232	211	21
20014	151	133	18
20015	136	123	13
20016	246	221	25
20017	124	106	18
20018	168	147	21
20019	213	181	32
20020	122	108	14
20021	154	133	21
20022	291	268	23
20023	237	213	24
20024	206	180	26
20025	186	165	21
20026	231	205	26
20027	132	110	22
20028	159	136	23
20029	278	245	33
20030	102	87	15
20031	209	182	27
20032	204	174	30
20033	125	114	11
20034	261	229	32
20035	127	111	16
20036	77	67	10
20037	75	71	4
20038	84	75	9
20039	34	31	3
21001	268	241	27
21002	173	140	33
21003	256	223	33
21004	233	208	25
21005	293	257	36
21006	225	203	22
21007	284	260	24
21008	246	223	23
21009	304	259	45
21010	245	223	22
21011	240	214	26
21012	241	221	20
21013	192	173	19
21014	312	277	35
21015	200	181	19
21016	226	205	21
21017	203	181	22
21018	261	230	31
21019	260	230	30
21020	225	200	25
21021	207	178	29
21022	248	218	30
21023	238	211	27
21024	250	224	26
21025	248	220	28
21026	213	186	27
21027	258	228	30
21028	289	260	29
21029	250	230	20
21030	179	157	22
21031	189	164	25
21032	235	213	22
21033	222	198	24
21034	225	202	23
21035	271	239	32
21036	268	248	20
21037	214	176	38
21038	196	176	20
21039	185	157	28
21040	203	181	22
21041	262	237	25
21042	282	248	34
21043	246	223	23
21044	254	229	25
21045	244	208	36
21046	249	217	32
21047	209	183	26
21048	242	212	30
21049	270	241	29
21050	211	188	23
21051	276	244	32
21052	253	227	26
21053	183	160	23
21054	197	183	14
22001	147	121	26
22002	254	214	40
22003	244	213	31
22004	158	140	18
22005	198	167	31
22006	228	207	21
22007	136	119	17
22008	261	219	42
22009	171	152	19
22010	272	255	17
22011	165	143	22
22012	212	178	34
22013	206	185	21
22014	158	147	11
22015	151	136	15
22016	174	152	22
22017	198	176	22
22018	157	135	22
22019	89	75	14
22020	167	153	14
22021	260	226	34
22022	173	145	28
22023	291	257	34
22024	242	218	24
22025	214	191	23
23001	321	272	49
23002	262	221	41
23003	303	246	57
23004	335	293	42
23005	181	164	17
23006	253	216	37
23007	167	146	21
23008	289	239	50
23009	177	151	26
23010	240	210	30
23011	217	185	32
23012	323	263	60
23013	151	137	14
23014	256	212	44
23015	162	144	18
23016	296	242	54
23017	129	110	19
23018	245	204	41
23019	169	155	14
23020	124	113	11
23021	330	284	46
23022	254	214	40
23023	270	222	48
23024	171	146	25
23025	188	166	22
23026	257	214	43
23027	318	276	42
23028	299	259	40
23029	237	203	34
23030	231	205	26
23031	171	138	33
23032	220	191	29
23033	182	156	26
23034	187	163	24
23035	218	183	35
23036	339	285	54
23037	302	247	55
23038	259	226	33
23039	184	165	19
24001	192	174	18
24002	179	154	25
24003	174	154	20
24004	152	136	16
24005	118	108	10
24006	191	176	15
24007	100	87	13
24008	134	115	19
24009	171	149	22
24010	90	70	20
24011	185	167	18
24012	116	100	16
24013	115	104	11
24014	176	163	13
24015	114	101	13
24016	174	147	27
24017	136	116	20
24018	215	187	28
24019	198	170	28
24020	172	149	23
24021	116	101	15
24022	236	210	26
24023	167	151	16
24024	212	190	22
24025	181	155	26
24026	270	239	31
24027	191	173	18
24028	148	127	21
24029	146	125	21
24030	102	95	7
24031	199	174	25
24032	115	99	16
24033	98	84	14
24034	171	145	26
24035	189	162	27
24036	232	200	32
24037	101	88	13
24038	167	151	16
24039	233	208	25
24040	174	147	27
24041	141	117	24
25001	227	199	28
25002	232	210	22
25003	203	167	36
25004	183	169	14
25005	231	202	29
25006	82	70	12
25007	252	229	23
25008	256	229	27
25009	255	224	31
25010	182	157	25
25011	264	231	33
25012	243	226	17
25013	253	224	29
25014	118	105	13
25015	243	218	25
25016	173	150	23
25017	265	230	35
25018	137	121	16
25019	260	222	38
25020	172	153	19
25021	255	207	48
25022	238	208	30
25023	287	259	28
25024	260	230	30
25025	250	212	38
25026	260	229	31
25027	179	158	21
25028	257	225	32
25029	219	197	22
25030	217	191	26
25031	181	156	25
25032	224	196	28
26001	156	138	18
26002	158	135	23
26003	164	147	17
26004	129	111	18
26005	143	127	16
26006	148	132	16
26007	118	105	13
26008	73	64	9
26009	155	139	16
26010	149	133	16
26011	168	146	22
26012	161	147	14
26013	102	91	11
26014	103	93	10
26015	75	64	11
26016	86	74	12
26017	154	137	17
26018	142	128	14
26019	99	84	15
26020	154	130	24
26021	202	173	29
26022	92	85	7
26023	99	90	9
26024	145	130	15
26025	139	129	10
26026	92	84	8
26027	168	158	10
26028	217	180	37
26029	84	69	15
26030	130	112	18
26031	87	74	13
26032	158	135	23
26033	158	134	24
26034	186	170	16
26035	175	157	18
26036	141	121	20
26037	144	124	20
26038	91	75	16
26039	164	141	23
26040	68	63	5
26041	202	185	17
26042	131	118	13
26043	89	76	13
26044	89	78	11
26045	59	52	7
26046	95	83	12
26047	113	103	10
26048	142	122	20
26049	84	74	10
27001	148	134	14
27002	238	202	36
27003	106	90	16
27004	113	105	8
27005	141	127	14
27006	159	130	29
27007	220	198	22
27008	154	134	20
27009	87	73	14
27010	238	216	22
27011	142	128	14
27012	112	94	18
27013	303	265	38
27014	101	97	4
27015	129	112	17
27016	157	133	24
27017	201	177	24
27018	169	146	23
27019	131	113	18
27020	135	108	27
27021	158	140	18
27022	117	102	15
27023	168	153	15
27024	132	115	17
27025	165	142	23
27026	188	163	25
27027	180	160	20
27028	109	95	14
27029	144	135	9
27030	122	105	17
27031	157	144	13
27032	145	131	14
27033	154	138	16
27034	188	174	14
27035	171	146	25
27036	135	121	14
27037	239	217	22
27038	318	288	30
27039	170	150	20
27040	214	184	30
27041	209	188	21
27042	142	129	13
27043	150	135	15
27044	156	132	24
27045	202	175	27
27046	125	103	22
27047	187	171	16
27048	210	180	30
27049	134	117	17
27050	170	151	19
28001	127	111	16
28002	147	124	23
28003	141	128	13
28004	133	111	22
28005	123	110	13
28006	126	112	14
28007	152	128	24
28008	89	81	8
28009	173	153	20
28010	195	170	25
28011	249	212	37
28012	172	156	16
28013	174	160	14
28014	182	159	23
28015	73	66	7
28016	99	92	7
28017	139	119	20
28018	146	126	20
28019	151	138	13
28020	169	151	18
28021	146	126	20
28022	142	134	8
28023	200	174	26
28024	130	115	15
28025	222	198	24
28026	167	144	23
28027	173	152	21
28028	201	172	29
28029	73	58	15
28030	37	36	1
28031	233	206	27
28032	159	143	16
28033	186	164	22
28034	253	222	31
28035	183	162	21
28036	114	105	9
28037	206	183	23
28038	100	88	12
28039	111	97	14
28040	196	172	24
28041	133	111	22
28042	163	142	21
28043	188	169	19
28044	119	109	10
28045	120	113	7
28046	269	221	48
29001	331	285	46
29002	344	297	47
29003	249	229	20
29004	255	226	29
29005	211	182	29
29006	166	147	19
29007	245	220	25
29008	136	123	13
29009	342	290	52
29010	374	324	50
29011	129	111	18
29012	267	231	36
29013	229	205	24
29014	254	220	34
29015	282	249	33
29016	271	200	71
29017	194	156	38
29018	220	195	25
29019	235	205	30
29020	274	244	30
29021	236	204	32
29022	177	147	30
29023	251	222	29
29024	193	167	26
29025	272	256	16
29026	258	231	27
29027	226	195	31
29028	295	264	31
29029	207	171	36
29030	322	287	35
29031	215	185	30
29032	193	160	33
29033	214	189	25
29034	153	133	20
29035	167	145	22
29036	226	197	29
29037	218	188	30
29038	185	157	28
29039	179	157	22
29040	276	249	27
29041	221	199	22
29042	238	211	27
29043	311	275	36
29044	285	264	21
30001	183	161	22
30002	197	169	28
30003	143	121	22
30004	176	152	24
30005	107	96	11
30006	149	135	14
30007	182	154	28
30008	205	182	23
30009	138	115	23
30010	180	167	13
30011	139	118	21
30012	145	120	25
30013	137	127	10
30014	103	88	15
30015	216	192	24
30016	78	66	12
30017	199	179	20
30018	166	141	25
30019	142	130	12
30020	196	173	23
30021	171	147	24
30022	176	159	17
30023	140	124	16
30024	154	132	22
30025	184	164	20
30026	105	92	13
30027	100	85	15
30028	201	182	19
30029	87	72	15
30030	55	46	9
30031	132	116	16
30032	132	112	20
31001	131	113	18
31002	126	115	11
31003	135	107	28
31004	162	149	13
31005	157	138	19
31006	128	110	18
31007	136	122	14
31008	90	73	17
31009	129	115	14
31010	116	103	13
31011	104	92	12
31012	123	107	16
31013	132	118	14
31014	121	94	27
31015	108	98	10
31016	191	165	26
31017	156	133	23
31018	142	124	18
31019	119	105	14
31020	120	106	14
31021	131	112	19
31022	112	95	17
31023	125	118	7
31024	184	161	23
31025	107	91	16
31026	163	147	16
31027	149	133	16
31028	113	99	14
31029	169	150	19
31030	89	84	5
31031	133	114	19
31032	115	99	16
31033	125	111	14
31034	128	111	17
31035	162	147	15
31036	167	142	25
31037	131	119	12
31038	114	104	10
31039	140	118	22
31040	141	126	15
31041	118	103	15
32001	177	159	18
32002	164	137	27
32003	284	251	33
32004	206	179	27
32005	204	180	24
32006	160	137	23
32007	191	154	37
32008	160	137	23
32009	210	184	26
32010	182	159	23
32011	226	202	24
32012	204	185	19
32013	166	144	22
32014	201	178	23
32015	189	155	34
32016	204	175	29
32017	238	213	25
32018	166	141	25
32019	168	150	18
32020	261	241	20
32021	234	202	32
32022	271	244	27
32023	202	168	34
32024	98	86	12
32025	181	156	25
32026	249	223	26
32027	191	163	28
32028	229	208	21
32029	234	213	21
32030	149	127	22
32031	184	158	26
32032	195	164	31
32033	182	157	25
32034	168	149	19
32035	170	154	16
32036	173	149	24
32037	152	127	25
32038	164	141	23
32039	165	136	29
32040	205	171	34
32041	187	166	21
32042	178	150	28
32043	210	190	20
33001	256	235	21
33002	316	286	30
33003	297	255	42
33004	279	231	48
33005	202	180	22
33006	229	204	25
33007	290	262	28
33008	451	391	60
33009	286	246	40
33010	299	270	29
33011	265	227	38
33012	280	247	33
33013	239	209	30
33014	114	100	14
33015	312	271	41
33016	395	343	52
33017	301	265	36
33018	286	247	39
33019	229	191	38
33020	305	271	34
33021	285	248	37
33022	336	300	36
33023	307	275	32
33024	473	418	55
33025	328	283	45
33026	193	173	20
33027	210	181	29
33028	199	181	18
34001	293	262	31
34002	227	205	22
34003	245	211	34
34004	195	172	23
34005	224	193	31
34006	302	256	46
34007	286	255	31
34008	175	146	29
34009	185	161	24
34010	250	224	26
34011	194	171	23
34012	275	247	28
34013	261	226	35
34014	184	162	22
34015	167	146	21
34016	182	159	23
34017	288	252	36
34018	182	161	21
34019	228	206	22
34020	312	282	30
34021	340	310	30
34022	251	228	23
34023	205	183	22
34024	205	179	26
34025	284	259	25
34026	268	237	31
34027	206	185	21
34028	143	125	18
34029	189	167	22
34030	276	249	27
34031	173	147	26
34032	230	214	16
34033	198	174	24
34034	266	238	28
34035	253	221	32
34036	245	211	34
34037	148	132	16
34038	136	120	16
34039	177	151	26
34040	252	223	29
34041	174	159	15
34042	263	230	33
34043	240	215	25
34044	254	229	25
34045	260	233	27
34046	167	146	21
34047	216	195	21
34048	290	264	26
34049	305	264	41
34050	203	186	17
34051	298	265	33
34052	213	198	15
34053	128	114	14
35001	230	207	23
35002	285	260	25
35003	177	162	15
35004	243	207	36
35005	178	158	20
35006	178	153	25
35007	207	192	15
35008	178	160	18
35009	243	220	23
35010	267	247	20
35011	227	198	29
35012	125	111	14
35013	127	110	17
35014	154	132	22
35015	241	209	32
35016	117	103	14
35017	184	164	20
35018	185	164	21
35019	124	114	10
35020	149	129	20
35021	179	168	11
35022	217	190	27
35023	215	189	26
35024	173	147	26
35025	217	199	18
35026	180	162	18
35027	175	152	23
35028	198	170	28
35029	161	145	16
35030	197	182	15
35031	234	195	39
36001	212	191	21
36002	170	150	20
36003	196	169	27
36004	190	162	28
36005	184	163	21
36006	159	135	24
36007	308	261	47
36008	131	114	17
36009	145	123	22
36010	208	185	23
36011	120	111	9
36012	118	96	22
36013	126	115	11
36014	232	211	21
36015	260	216	44
36016	230	195	35
36017	247	213	34
36018	220	184	36
36019	217	177	40
36020	220	190	30
36021	149	136	13
36022	113	94	19
36023	155	133	22
36024	205	163	42
36025	137	116	21
36026	180	151	29
36027	185	161	24
36028	199	162	37
36029	258	222	36
36030	219	192	27
37001	169	146	23
37002	117	104	13
37003	134	116	18
37004	180	154	26
37005	243	219	24
37006	225	200	25
37007	140	123	17
37008	122	104	18
37009	198	173	25
37010	237	212	25
37011	146	125	21
37012	144	128	16
37013	156	140	16
37014	201	175	26
37015	223	202	21
37016	236	206	30
37017	153	132	21
37018	199	169	30
37019	130	105	25
37020	149	133	16
37021	178	151	27
37022	186	166	20
37023	236	217	19
37024	192	161	31
37025	209	185	24
37026	269	239	30
37027	202	171	31
37028	176	151	25
37029	219	196	23
37030	184	168	16
37031	225	213	12
37032	206	180	26
37033	204	183	21
37034	190	164	26
37035	227	200	27
37036	176	152	24
37037	197	168	29
37038	239	216	23
37039	184	159	25
37040	226	203	23
37041	215	182	33
38001	227	187	40
38002	375	313	62
38003	234	198	36
38004	282	249	33
38005	270	225	45
38006	248	212	36
38007	291	246	45
38008	239	190	49
38009	308	272	36
38010	206	180	26
38011	213	180	33
38012	290	233	57
38013	300	243	57
38014	259	223	36
38015	214	186	28
38016	272	242	30
38017	323	268	55
38018	274	223	51
38019	260	221	39
38020	264	223	41
38021	213	190	23
38022	238	206	32
38023	285	256	29
38024	338	285	53
38025	192	161	31
38026	243	202	41
38027	281	248	33
38028	345	295	50
38029	237	198	39
38030	262	217	45
38031	270	230	40
38032	212	194	18
38033	204	183	21
38034	214	187	27
38035	245	208	37
38036	208	182	26
38037	271	221	50
38038	222	190	32
38039	287	249	38
38040	253	222	31
38041	256	229	27
39001	276	229	47
39002	287	251	36
39003	237	214	23
39004	276	238	38
39005	270	232	38
39006	238	209	29
39007	227	204	23
39008	272	236	36
39009	242	209	33
39010	128	117	11
39011	238	202	36
39012	260	224	36
39013	206	172	34
39014	189	164	25
39015	319	269	50
39016	154	136	18
39017	301	256	45
39018	250	228	22
39019	257	221	36
39020	326	269	57
39021	236	193	43
39022	163	139	24
39023	296	252	44
39024	374	296	78
39025	165	136	29
39026	264	224	40
39027	61	53	8
39028	293	257	36
39029	105	91	14
39030	282	255	27
39031	199	173	26
39032	219	190	29
39033	238	214	24
39034	248	219	29
39035	276	244	32
39036	99	87	12
39037	312	263	49
39038	173	146	27
39039	169	146	23
39040	223	189	34
39041	339	290	49
39042	303	258	45
39043	300	245	55
39044	235	197	38
39045	280	237	43
40001	191	170	21
40002	216	192	24
40003	245	217	28
40004	161	141	20
40005	241	217	24
40006	256	238	18
40007	275	237	38
40008	301	265	36
40009	192	169	23
40010	226	205	21
40011	286	257	29
40012	157	133	24
40013	286	260	26
40014	180	156	24
40015	217	199	18
40016	279	249	30
40017	223	185	38
40018	170	153	17
40019	312	277	35
40020	214	189	25
40021	299	262	37
40022	210	183	27
40023	309	274	35
40024	171	154	17
40025	261	233	28
40026	284	254	30
40027	290	263	27
40028	278	246	32
40029	273	237	36
40030	309	263	46
40031	275	246	29
40032	273	242	31
40033	273	243	30
40034	242	211	31
40035	174	150	24
40036	235	201	34
40037	245	210	35
40038	270	241	29
40039	52	45	7
41001	321	260	61
41002	349	285	64
41003	299	245	54
41004	362	295	67
41005	308	258	50
41006	352	286	66
41007	381	320	61
41008	330	269	61
41009	291	254	37
41010	360	305	55
41011	357	293	64
41012	290	236	54
41013	351	296	55
41014	355	297	58
41015	369	307	62
41016	295	257	38
41017	305	262	43
41018	288	241	47
41019	366	304	62
41020	264	220	44
41021	314	262	52
41022	333	281	52
41023	300	248	52
41024	278	217	61
41025	126	108	18
41026	337	280	57
41027	181	145	36
41028	182	155	27
41029	136	119	17
41030	313	247	66
41031	375	328	47
41032	238	206	32
41033	284	237	47
41034	263	210	53
41035	350	271	79
41036	298	244	54
41037	326	268	58
41038	274	234	40
41039	329	269	60
41040	379	308	71
41041	333	281	52
41042	322	271	51
41043	306	261	45
41044	348	288	60
41045	265	217	48
41046	359	305	54
41047	307	257	50
42001	295	250	45
42002	178	154	24
42003	167	142	25
42004	308	267	41
42005	139	114	25
42006	350	307	43
42007	273	222	51
42008	249	212	37
42009	202	162	40
42010	186	163	23
42011	216	186	30
42012	191	156	35
42013	338	283	55
42014	148	116	32
42015	125	98	27
42016	196	164	32
42017	190	161	29
42018	153	135	18
42019	270	228	42
42020	134	114	20
42021	142	122	20
42022	107	89	18
42023	171	147	24
42024	232	202	30
42025	224	190	34
42026	223	196	27
42027	209	179	30
42028	318	276	42
42029	177	153	24
42030	270	235	35
42031	190	159	31
42032	145	120	25
42033	192	163	29
42034	247	216	31
42035	289	255	34
42036	196	174	22
42037	110	91	19
42038	176	154	22
42039	133	111	22
42040	188	158	30
42041	185	162	23
42042	231	197	34
43001	152	131	21
43002	236	198	38
43003	273	226	47
43004	224	190	34
43005	190	158	32
43006	153	130	23
43007	185	163	22
43008	214	189	25
43009	304	254	50
43010	248	203	45
43011	172	150	22
43012	157	132	25
43013	241	205	36
43014	283	236	47
43015	235	197	38
43016	215	182	33
43017	195	153	42
43018	268	226	42
43019	273	209	64
43020	292	250	42
43021	260	217	43
43022	135	119	16
43023	106	91	15
43024	181	157	24
43025	243	216	27
43026	197	168	29
43027	251	208	43
43028	278	248	30
43029	233	191	42
43030	217	182	35
43031	261	216	45
43032	276	221	55
43033	294	256	38
43034	193	157	36
43035	326	278	48
43036	79	64	15
43037	188	157	31
43038	257	225	32
43039	190	168	22
43040	140	120	20
43041	299	250	49
43042	212	178	34
43043	321	272	49
43044	246	214	32
43045	188	156	32
43046	104	92	12
44001	364	323	41
44002	195	168	27
44003	255	231	24
44004	288	260	28
44005	204	186	18
44006	207	179	28
44007	227	190	37
44008	262	237	25
44009	166	151	15
44010	153	130	23
44011	204	172	32
44012	256	217	39
44013	161	143	18
44014	169	142	27
44015	198	164	34
44016	217	178	39
44017	294	257	37
44018	185	158	27
44019	280	232	48
44020	144	127	17
44021	218	184	34
44022	279	251	28
44023	164	133	31
44024	271	240	31
44025	188	171	17
44026	199	176	23
44027	222	183	39
44028	242	212	30
44029	190	156	34
44030	203	170	33
44031	187	155	32
44032	250	216	34
44033	206	180	26
44034	257	220	37
44035	335	286	49
44036	192	161	31
44037	259	219	40
44038	189	157	32
44039	167	143	24
44040	217	180	37
44041	223	204	19
45001	206	181	25
45002	195	171	24
45003	227	198	29
45004	331	290	41
45005	307	267	40
45006	353	301	52
45007	382	335	47
45008	253	227	26
45009	263	224	39
45010	281	249	32
45011	182	162	20
45012	262	221	41
45013	289	257	32
45014	328	285	43
45015	412	364	48
45016	254	211	43
45017	299	257	42
45018	282	239	43
45019	153	117	36
45020	172	151	21
45021	279	239	40
45022	259	222	37
45023	280	232	48
45024	248	210	38
45025	206	174	32
45026	163	137	26
45027	260	232	28
45028	226	199	27
45029	185	162	23
45030	245	214	31
45031	236	200	36
45032	231	199	32
45033	170	148	22
45034	293	249	44
45035	331	281	50
45036	327	278	49
45037	270	227	43
45038	238	208	30
45039	264	221	43
45040	287	254	33
45041	299	247	52
45042	332	285	47
45043	332	284	48
45044	304	263	41
45045	213	168	45
45046	199	164	35
45047	232	199	33
45048	230	200	30
46001	257	221	36
46002	236	209	27
46003	316	265	51
46004	285	251	34
46005	214	187	27
46006	220	198	22
46007	391	352	39
46008	199	161	38
46009	254	220	34
46010	228	197	31
46011	230	196	34
46012	253	224	29
46013	234	204	30
46014	302	268	34
46015	245	212	33
46016	269	235	34
46017	329	285	44
46018	242	205	37
46019	206	183	23
46020	262	223	39
46021	160	145	15
46022	216	193	23
46023	205	192	13
46024	284	249	35
46025	251	220	31
46026	217	196	21
46027	240	206	34
46028	314	264	50
46029	225	202	23
46030	248	215	33
46031	207	180	27
46032	267	232	35
46033	292	260	32
46034	257	220	37
46035	287	250	37
46036	267	246	21
46037	176	152	24
46038	208	188	20
46039	217	196	21
46040	255	227	28
47001	118	98	20
47002	330	278	52
47003	356	307	49
47004	289	253	36
47005	259	217	42
47006	226	191	35
47007	215	188	27
47008	279	237	42
47009	188	168	20
47010	268	240	28
47011	184	155	29
47012	289	256	33
47013	250	225	25
47014	261	228	33
47015	268	235	33
47016	308	271	37
47017	231	208	23
47018	231	210	21
47019	256	236	20
47020	281	249	32
47021	251	223	28
47022	312	277	35
47023	242	207	35
47024	207	182	25
47025	230	196	34
47026	242	209	33
47027	223	197	26
47028	301	267	34
47029	257	227	30
47030	268	246	22
47031	243	211	32
47032	276	250	26
47033	220	189	31
47034	312	279	33
47035	235	194	41
47036	291	252	39
47037	272	242	30
47038	244	212	32
47039	281	254	27
47040	310	271	39
47041	284	255	29
47042	229	204	25
47043	209	184	25
47044	235	197	38
47045	269	250	19
47046	258	229	29
47047	252	206	46
47048	39	35	4
48001	216	195	21
48002	135	118	17
48003	239	214	25
48004	221	199	22
48005	204	179	25
48006	237	210	27
48007	220	186	34
48008	158	145	13
48009	196	164	32
48010	321	286	35
48011	241	215	26
48012	271	243	28
48013	353	302	51
48014	186	165	21
48015	161	141	20
48016	223	199	24
48017	262	231	31
48018	242	209	33
48019	172	153	19
48020	283	243	40
48021	286	257	29
48022	311	282	29
48023	348	316	32
48024	250	215	35
48025	254	229	25
48026	125	111	14
48027	189	176	13
48028	305	272	33
48029	201	190	11
48030	219	192	27
48031	279	245	34
48032	198	174	24
48033	212	192	20
48034	242	215	27
48035	184	152	32
48036	219	193	26
48037	219	196	23
48038	311	275	36
48039	242	219	23
48040	215	188	27
48041	239	209	30
48042	257	232	25
48043	256	237	19
48044	265	231	34
48045	157	140	17
48046	178	156	22
49001	151	131	20
49002	184	163	21
49003	306	274	32
49004	292	260	32
49005	285	253	32
49006	221	207	14
49007	245	215	30
49008	203	193	10
49009	263	229	34
49010	260	230	30
49011	304	269	35
49012	292	262	30
49013	305	270	35
49014	255	216	39
49015	183	161	22
49016	294	274	20
49017	193	160	33
49018	321	288	33
49019	215	193	22
49020	375	340	35
49021	167	145	22
49022	310	271	39
49023	281	254	27
49024	211	182	29
49025	322	278	44
49026	281	249	32
49027	258	226	32
49028	285	251	34
49029	297	255	42
49030	274	241	33
49031	216	196	20
49032	284	236	48
49033	218	193	25
50001	250	210	40
50002	141	122	19
50003	226	196	30
50004	243	210	33
50005	185	158	27
50006	245	214	31
50007	318	274	44
50008	178	154	24
50009	187	158	29
50010	185	156	29
50011	136	116	20
50012	112	91	21
50013	179	161	18
50014	78	66	12
50015	289	256	33
50016	89	76	13
50017	161	145	16
50018	61	55	6
50019	144	128	16
50020	240	203	37
50021	160	144	16
50022	149	134	15
50023	141	128	13
50024	182	154	28
50025	199	167	32
50026	185	156	29
50027	80	67	13
50028	215	186	29
50029	148	121	27
50030	159	144	15
50031	196	168	28
50032	196	169	27
50033	186	160	26
50034	286	247	39
50035	250	226	24
50036	225	191	34
50037	227	204	23
50038	146	129	17
50039	125	109	16
50040	228	191	37
