Precinct	total_votes	votes|Yes	votes|No
01001	178	149	29
01002	179	159	20
01003	203	170	33
01004	220	177	43
01005	159	125	34
01006	210	167	43
01007	151	116	35
01008	181	152	29
01009	160	140	20
01010	181	145	36
01011	175	136	39
01012	215	180	35
01013	96	79	17
01014	208	176	32
01015	187	158	29
01016	182	165	17
01017	197	176	21
01018	213	190	23
01019	289	241	48
01020	176	151	25
01021	172	137	35
01022	125	114	11
01023	293	254	39
01024	154	140	14
01025	146	115	31
01026	156	134	22
01027	163	131	32
01028	108	100	8
01029	216	163	53
01030	235	207	28
01031	195	167	28
01032	186	137	49
01033	212	159	53
01034	170	132	38
01035	210	167	43
01036	190	148	42
01037	196	159	37
01038	200	158	42
01039	162	124	38
01040	196	175	21
01041	144	128	16
01042	57	47	10
01043	158	128	30
01044	139	120	19
02001	175	135	40
02002	222	133	89
02003	188	141	47
02004	200	148	52
02005	194	159	35
02006	188	146	42
02007	190	147	43
02008	193	139	54
02009	165	104	61
02010	237	125	112
02011	256	142	114
02012	237	167	70
02013	324	202	122
02014	281	210	71
02015	196	153	43
02016	156	116	40
02017	285	221	64
02018	225	147	78
02019	228	131	97
02020	148	100	48
02021	222	176	46
02022	274	161	113
02023	228	126	102
02024	198	127	71
02025	189	132	57
02026	185	127	58
02027	220	139	81
02028	236	148	88
02029	207	144	63
02030	203	104	99
02031	325	195	130
02032	164	105	59
02033	350	231	119
02034	236	138	98
02035	189	134	55
02036	212	130	82
02037	256	180	76
02038	264	157	107
02039	182	137	45
02040	174	121	53
02041	113	71	42
02042	191	152	39
02043	256	154	102
02044	155	103	52
02045	262	204	58
02046	118	75	43
03001	272	251	21
03002	390	358	32
03003	225	204	21
03004	283	259	24
03005	177	157	20
03006	254	172	82
03007	251	233	18
03008	182	172	10
03009	274	258	16
03010	131	123	8
03011	243	224	19
03012	309	288	21
03013	290	224	66
03014	193	169	24
03015	221	210	11
03016	233	224	9
03017	249	217	32
03018	309	284	25
03019	215	143	72
03020	240	230	10
03021	272	195	77
03022	219	173	46
03023	231	214	17
03024	227	210	17
03025	285	189	96
03026	350	233	117
03027	220	155	65
03028	224	207	17
03029	253	234	19
03030	270	252	18
03031	278	256	22
03032	246	202	44
03033	184	137	47
03034	273	219	54
03035	113	97	16
03036	127	117	10
03037	210	191	19
03038	286	263	23
03039	202	139	63
03040	286	253	33
03041	265	224	41
04001	336	296	40
04002	267	187	80
04003	243	214	29
04004	336	305	31
04005	315	280	35
04006	386	346	40
04007	353	316	37
04008	354	336	18
04009	434	410	24
04010	335	292	43
04011	280	262	18
04012	280	247	33
04013	135	108	27
04014	300	273	27
04015	337	309	28
04016	222	155	67
04017	257	208	49
04018	288	265	23
04019	249	232	17
04020	275	193	82
04021	234	184	50
04022	311	268	43
04023	351	309	42
04024	249	202	47
04025	248	183	65
04026	303	280	23
04027	304	266	38
04028	310	294	16
04029	236	209	27
04030	325	305	20
04031	375	336	39
04032	269	249	20
04033	325	291	34
04034	257	232	25
04035	379	340	39
04036	328	297	31
04037	284	187	97
04038	342	310	32
05001	218	201	17
05002	218	203	15
05003	263	233	30
05004	289	272	17
05005	269	261	8
05006	237	217	20
05007	251	228	23
05008	288	219	69
05009	310	269	41
05010	211	201	10
05011	322	282	40
05012	191	180	11
05013	246	225	21
05014	305	266	39
05015	256	233	23
05016	257	236	21
05017	211	194	17
05018	253	229	24
05019	298	242	56
05020	330	284	46
05021	256	227	29
05022	351	294	57
05023	431	360	71
05024	274	246	28
05025	280	234	46
05026	239	221	18
05027	224	185	39
05028	325	283	42
05029	324	294	30
05030	184	169	15
05031	218	206	12
05032	336	297	39
05033	305	288	17
05034	316	236	80
05035	301	255	46
05036	202	184	18
05037	331	293	38
05038	234	215	19
05039	252	203	49
05040	244	211	33
05041	192	160	32
06001	303	278	25
06002	283	266	17
06003	273	257	16
06004	183	172	11
06005	166	161	5
06006	266	243	23
06007	229	213	16
06008	276	258	18
06009	204	197	7
06010	130	117	13
06011	218	201	17
06012	141	132	9
06013	214	196	18
06014	238	221	17
06015	187	174	13
06016	290	271	19
06017	164	147	17
06018	183	166	17
06019	229	209	20
06020	120	117	3
06021	144	130	14
06022	171	166	5
06023	131	119	12
06024	137	125	12
06025	127	119	8
06026	147	140	7
06027	137	128	9
06028	122	113	9
06029	315	283	32
06030	188	178	10
06031	282	262	20
06032	244	225	19
06033	256	242	14
06034	256	237	19
06035	254	228	26
06036	275	252	23
06037	314	294	20
06038	303	277	26
06039	222	209	13
06040	229	209	20
06041	240	214	26
06042	246	230	16
06043	233	215	18
06044	280	264	16
06045	279	260	19
06046	210	190	20
06047	170	160	10
06048	238	214	24
07001	200	183	17
07002	189	177	12
07003	241	218	23
07004	224	207	17
07005	213	190	23
07006	285	254	31
07007	167	152	15
07008	214	189	25
07009	432	405	27
07010	251	225	26
07011	236	226	10
07012	201	191	10
07013	180	162	18
07014	223	210	13
07015	254	236	18
07016	175	160	15
07017	173	165	8
07018	191	175	16
07019	212	195	17
07020	153	143	10
07021	161	150	11
07022	192	169	23
07023	269	248	21
07024	236	220	16
07025	181	158	23
07026	196	177	19
07027	207	196	11
07028	169	155	14
07029	204	184	20
07030	167	151	16
07031	142	133	9
07032	371	342	29
07033	355	336	19
07034	300	272	28
07035	229	207	22
07036	311	283	28
07037	285	260	25
07038	171	159	12
07039	211	195	16
07040	237	219	18
07041	209	192	17
07042	212	199	13
07043	231	216	15
07044	195	183	12
07045	211	200	11
07046	116	105	11
08001	176	162	14
08002	212	193	19
08003	315	268	47
08004	283	255	28
08005	323	288	35
08006	259	237	22
08007	308	284	24
08008	289	258	31
08009	173	157	16
08010	354	322	32
08011	244	230	14
08012	206	188	18
08013	275	257	18
08014	125	115	10
08015	216	205	11
08016	64	63	1
08017	235	217	18
08018	198	186	12
08019	333	305	28
08020	261	240	21
08021	262	240	22
08022	226	205	21
08023	196	188	8
08024	163	153	10
08025	214	201	13
08026	216	205	11
08027	289	257	32
08028	270	255	15
08029	273	260	13
08030	274	258	16
08031	203	183	20
08032	206	195	11
08033	238	217	21
08034	242	219	23
08035	294	269	25
08036	267	244	23
08037	245	222	23
08038	165	140	25
08039	255	241	14
08040	190	183	7
08041	248	229	19
08042	304	274	30
08043	119	111	8
08044	166	153	13
08045	169	152	17
08046	185	177	8
08047	209	199	10
08048	203	190	13
08049	253	236	17
08050	282	260	22
08051	274	252	22
08052	349	312	37
08053	145	137	8
08054	164	155	9
08055	152	139	13
08056	263	243	20
09001	231	216	15
09002	206	186	20
09003	135	121	14
09004	178	168	10
09005	228	212	16
09006	241	222	19
09007	160	151	9
09008	194	179	15
09009	284	256	28
09010	190	168	22
09011	174	158	16
09012	268	249	19
09013	299	269	30
09014	335	302	33
09015	146	135	11
09016	223	206	17
09017	175	158	17
09018	154	146	8
09019	210	198	12
09020	262	247	15
09021	208	187	21
09022	267	244	23
09023	272	248	24
09024	266	242	24
09025	247	232	15
09026	147	139	8
09027	206	196	10
09028	117	102	15
09029	207	193	14
09030	185	167	18
09031	190	173	17
09032	227	213	14
09033	174	164	10
09034	179	164	15
09035	256	233	23
09036	204	182	22
09037	319	253	66
09038	224	211	13
09039	252	238	14
09040	279	259	20
09041	215	197	18
09042	295	269	26
09043	193	178	15
09044	229	213	16
09045	181	165	16
09046	237	215	22
09047	312	292	20
09048	270	248	22
09049	227	209	18
09050	354	320	34
09051	265	233	32
10001	219	203	16
10002	294	224	70
10003	290	213	77
10004	173	138	35
10005	245	172	73
10006	214	176	38
10007	183	149	34
10008	119	116	3
10009	320	234	86
10010	319	257	62
10011	313	266	47
10012	181	151	30
10013	263	223	40
10014	394	316	78
10015	451	417	34
10016	189	146	43
10017	408	297	111
10018	132	119	13
10019	315	246	69
10020	322	250	72
10021	294	239	55
10022	143	117	26
10023	257	212	45
10024	331	240	91
10025	76	69	7
10026	164	131	33
10027	207	182	25
10028	332	277	55
10029	234	194	40
10030	231	195	36
10031	202	159	43
10032	267	220	47
10033	184	161	23
10034	137	124	13
10035	354	270	84
10036	62	53	9
11001	297	219	78
11002	30	25	5
11003	190	161	29
11004	253	194	59
11005	262	215	47
11006	243	183	60
11007	179	147	32
11008	228	171	57
11009	241	195	46
11010	252	196	56
11011	295	209	86
11012	524	405	119
11013	452	349	103
11014	142	114	28
11015	109	82	27
11016	203	147	56
11017	281	208	73
11018	253	199	54
11019	313	247	66
11020	218	175	43
11021	452	330	122
11022	366	274	92
11023	178	130	48
11024	437	332	105
11025	284	210	74
11026	385	279	106
11027	91	75	16
11028	168	134	34
11029	364	266	98
11030	129	106	23
11031	319	242	77
11032	176	139	37
11033	205	129	76
11034	101	83	18
11035	103	93	10
11036	125	100	25
11037	75	65	10
11038	88	78	10
12001	258	205	53
12002	162	129	33
12003	282	223	59
12004	230	193	37
12005	212	167	45
12006	207	173	34
12007	181	158	23
12008	229	192	37
12009	186	143	43
12010	176	151	25
12011	206	174	32
12012	179	153	26
12013	198	174	24
12014	160	140	20
12015	183	152	31
12016	159	133	26
12017	212	171	41
12018	170	144	26
12019	186	143	43
12020	210	173	37
12021	219	170	49
12022	143	128	15
12023	217	173	44
13001	228	178	50
13002	242	189	53
13003	125	97	28
13004	284	208	76
13005	256	218	38
13006	263	186	77
13007	176	126	50
13008	199	141	58
13009	193	161	32
13010	253	190	63
13011	285	218	67
13012	177	136	41
13013	217	181	36
13014	202	148	54
13015	336	268	68
13016	150	121	29
13017	221	157	64
13018	198	137	61
13019	212	181	31
13020	161	123	38
13021	306	206	100
13022	251	198	53
13023	158	130	28
13024	195	152	43
13025	225	171	54
13026	236	183	53
13027	207	162	45
13028	168	134	34
13029	176	135	41
13030	149	125	24
13031	261	187	74
13032	237	158	79
13033	226	157	69
13034	251	200	51
13035	204	160	44
13036	125	101	24
13037	256	206	50
13038	229	180	49
13039	220	170	50
13040	180	145	35
13041	223	188	35
13042	268	190	78
13043	252	198	54
13044	328	277	51
13045	264	194	70
13046	236	197	39
13047	208	167	41
13048	207	141	66
14001	323	229	94
14002	288	223	65
14003	176	151	25
14004	227	156	71
14005	245	212	33
14006	103	88	15
14007	200	156	44
14008	182	148	34
14009	273	197	76
14010	138	121	17
14011	105	85	20
14012	195	164	31
14013	175	135	40
14014	166	143	23
14015	178	148	30
14016	156	124	32
14017	214	190	24
14018	78	61	17
14019	174	149	25
14020	127	106	21
14021	190	164	26
14022	213	169	44
14023	193	143	50
14024	319	240	79
14025	126	104	22
14026	114	97	17
14027	177	144	33
14028	132	107	25
14029	164	139	25
14030	72	60	12
14031	109	95	14
15001	210	173	37
15002	134	125	9
15003	155	143	12
15004	212	177	35
15005	172	151	21
15006	213	165	48
15007	176	168	8
15008	206	165	41
15009	251	204	47
15010	235	180	55
15011	217	180	37
15012	247	203	44
15013	171	141	30
15014	138	113	25
15015	139	123	16
15016	204	177	27
15017	179	164	15
15018	153	141	12
15019	195	170	25
15020	152	149	3
15021	150	138	12
15022	165	150	15
15023	150	140	10
15024	129	123	6
16001	174	151	23
16002	183	166	17
16003	156	146	10
16004	158	139	19
16005	138	126	12
16006	176	165	11
16007	158	143	15
16008	109	103	6
16009	193	184	9
16010	180	161	19
16011	151	128	23
16012	123	112	11
16013	138	124	14
16014	142	129	13
16015	179	166	13
16016	176	163	13
16017	137	119	18
16018	179	163	16
16019	156	144	12
16020	145	136	9
16021	136	126	10
16022	133	126	7
16023	140	124	16
16024	121	107	14
16025	199	176	23
16026	163	155	8
16027	146	135	11
16028	195	182	13
16029	155	146	9
16030	164	155	9
16031	201	187	14
16032	142	132	10
16033	212	199	13
16034	179	168	11
16035	144	126	18
16036	142	129	13
17001	202	174	28
17002	191	181	10
17003	206	195	11
17004	249	223	26
17005	194	179	15
17006	165	151	14
17007	131	118	13
17008	189	174	15
17009	219	207	12
17010	237	213	24
17011	174	165	9
17012	187	171	16
17013	165	155	10
17014	186	161	25
17015	210	191	19
17016	148	137	11
17017	181	170	11
17018	253	233	20
17019	124	115	9
17020	281	266	15
17021	313	291	22
17022	203	188	15
17023	148	141	7
17024	271	250	21
17025	140	133	7
17026	257	235	22
17027	194	171	23
17028	188	181	7
17029	232	212	20
17030	159	138	21
17031	135	127	8
17032	160	149	11
17033	136	129	7
17034	159	146	13
17035	191	174	17
17036	229	210	19
17037	178	169	9
17038	244	227	17
17039	210	192	18
17040	215	200	15
17041	264	242	22
18001	172	158	14
18002	195	169	26
18003	225	167	58
18004	269	243	26
18005	176	163	13
18006	215	158	57
18007	252	211	41
18008	272	247	25
18009	264	230	34
18010	355	326	29
18011	193	160	33
18012	226	208	18
18013	279	250	29
18014	250	235	15
18015	249	217	32
18016	250	229	21
18017	240	210	30
18018	261	228	33
18019	268	248	20
18020	224	204	20
18021	336	311	25
18022	318	299	19
18023	183	172	11
18024	199	150	49
18025	212	170	42
18026	341	314	27
18027	186	173	13
18028	232	165	67
18029	219	190	29
18030	225	157	68
18031	246	222	24
18032	260	246	14
18033	195	183	12
18034	364	320	44
18035	320	292	28
18036	230	191	39
18037	291	265	26
18038	253	238	15
18039	158	145	13
18040	284	232	52
18041	287	264	23
18042	191	176	15
18043	177	136	41
18044	225	156	69
18045	212	182	30
18046	242	183	59
18047	155	141	14
18048	183	173	10
18049	158	143	15
18050	176	169	7
19001	293	198	95
19002	422	340	82
19003	225	132	93
19004	364	244	120
19005	362	266	96
19006	327	226	101
19007	304	224	80
19008	332	217	115
19009	237	169	68
19010	370	235	135
19011	317	205	112
19012	254	163	91
19013	348	315	33
19014	321	238	83
19015	410	282	128
19016	307	207	100
19017	277	166	111
19018	294	203	91
19019	380	246	134
19020	249	215	34
19021	340	251	89
19022	329	205	124
19023	323	205	118
19024	239	160	79
19025	289	193	96
19026	310	176	134
19027	299	254	45
19028	321	279	42
19029	279	188	91
19030	258	160	98
19031	284	193	91
19032	277	207	70
19033	306	191	115
19034	302	184	118
19035	275	178	97
19036	331	289	42
19037	291	245	46
19038	267	217	50
19039	79	73	6
19040	323	228	95
19041	279	185	94
19042	247	190	57
19043	368	336	32
19044	335	214	121
19045	327	225	102
19046	338	205	133
19047	444	375	69
19048	298	267	31
19049	398	330	68
19050	233	163	70
19051	367	251	116
19052	316	224	92
19053	302	205	97
19054	240	158	82
19055	265	176	89
19056	358	231	127
19057	272	209	63
20001	172	161	11
20002	95	87	8
20003	170	154	16
20004	80	74	6
20005	211	198	13
20006	86	80	6
20007	165	158	7
20008	218	205	13
20009	257	249	8
20010	153	144	9
20011	245	228	17
20012	114	105	9
20013	225	211	14
20014	153	138	15
20015	138	114	24
20016	244	222	22
20017	122	111	11
20018	160	147	13
20019	211	198	13
20020	123	108	15
20021	152	139	13
20022	285	257	28
20023	236	218	18
20024	206	186	20
20025	183	169	14
20026	228	212	16
20027	133	120	13
20028	158	140	18
20029	277	250	27
20030	102	93	9
20031	209	196	13
20032	203	189	14
20033	131	122	9
20034	254	233	21
20035	124	117	7
20036	76	72	4
20037	75	74	1
20038	76	74	2
20039	33	30	3
21001	272	248	24
21002	172	162	10
21003	257	240	17
21004	231	212	19
21005	294	272	22
21006	223	198	25
21007	281	265	16
21008	239	223	16
21009	300	270	30
21010	243	222	21
21011	237	221	16
21012	240	228	12
21013	191	177	14
21014	303	281	22
21015	201	184	17
21016	227	205	22
21017	212	200	12
21018	262	247	15
21019	260	240	20
21020	219	206	13
21021	201	180	21
21022	247	224	23
21023	239	222	17
21024	249	232	17
21025	240	219	21
21026	215	191	24
21027	262	241	21
21028	289	262	27
21029	250	236	14
21030	177	165	12
21031	186	165	21
21032	233	218	15
21033	219	203	16
21034	220	208	12
21035	269	252	17
21036	263	245	18
21037	221	200	21
21038	189	181	8
21039	182	175	7
21040	200	186	14
21041	262	239	23
21042	279	262	17
21043	244	226	18
21044	248	233	15
21045	243	221	22
21046	247	229	18
21047	212	193	19
21048	243	230	13
21049	267	244	23
21050	211	205	6
21051	274	253	21
21052	251	233	18
21053	183	173	10
21054	191	181	10
22001	146	138	8
22002	255	186	69
22003	251	220	31
22004	162	138	24
22005	198	168	30
22006	223	179	44
22007	135	109	26
22008	261	201	60
22009	169	143	26
22010	272	234	38
22011	167	147	20
22012	207	175	32
22013	199	173	26
22014	155	131	24
22015	149	129	20
22016	171	133	38
22017	201	178	23
22018	162	134	28
22019	88	78	10
22020	165	139	26
22021	259	241	18
22022	171	153	18
22023	279	263	16
22024	239	210	29
22025	208	187	21
23001	324	235	89
23002	257	186	71
23003	306	205	101
23004	337	238	99
23005	181	158	23
23006	256	204	52
23007	168	133	35
23008	289	215	74
23009	178	150	28
23010	240	190	50
23011	216	189	27
23012	327	211	116
23013	145	115	30
23014	265	186	79
23015	163	147	16
23016	291	194	97
23017	128	96	32
23018	238	178	60
23019	166	145	21
23020	124	101	23
23021	324	214	110
23022	257	194	63
23023	268	185	83
23024	170	137	33
23025	188	159	29
23026	258	203	55
23027	319	230	89
23028	295	218	77
23029	231	173	58
23030	229	190	39
23031	170	135	35
23032	220	180	40
23033	181	153	28
23034	186	154	32
23035	217	150	67
23036	337	239	98
23037	302	195	107
23038	257	185	72
23039	185	149	36
24001	191	178	13
24002	179	169	10
24003	173	161	12
24004	147	136	11
24005	113	102	11
24006	188	173	15
24007	101	82	19
24008	127	117	10
24009	168	149	19
24010	90	82	8
24011	183	166	17
24012	117	104	13
24013	111	106	5
24014	175	165	10
24015	108	105	3
24016	176	158	18
24017	135	125	10
24018	212	196	16
24019	198	187	11
24020	169	155	14
24021	112	104	8
24022	232	224	8
24023	162	149	13
24024	210	196	14
24025	176	158	18
24026	262	244	18
24027	191	181	10
24028	146	128	18
24029	146	138	8
24030	106	100	6
24031	197	174	23
24032	114	98	16
24033	96	90	6
24034	168	153	15
24035	192	176	16
24036	231	216	15
24037	103	101	2
24038	167	154	13
24039	226	200	26
24040	174	169	5
24041	142	133	9
25001	220	189	31
25002	236	205	31
25003	203	142	61
25004	178	162	16
25005	231	185	46
25006	82	61	21
25007	251	215	36
25008	251	212	39
25009	254	219	35
25010	181	138	43
25011	259	216	43
25012	234	201	33
25013	256	231	25
25014	123	93	30
25015	237	199	38
25016	172	113	59
25017	258	226	32
25018	134	115	19
25019	250	219	31
25020	171	162	9
25021	247	178	69
25022	233	205	28
25023	279	240	39
25024	252	215	37
25025	244	174	70
25026	261	224	37
25027	180	143	37
25028	256	232	24
25029	213	194	19
25030	213	193	20
25031	180	126	54
25032	226	200	26
26001	156	144	12
26002	156	137	19
26003	159	138	21
26004	124	111	13
26005	139	121	18
26006	147	125	22
26007	120	105	15
26008	70	61	9
26009	152	137	15
26010	148	124	24
26011	166	146	20
26012	157	140	17
26013	102	96	6
26014	103	95	8
26015	73	62	11
26016	86	78	8
26017	151	106	45
26018	139	117	22
26019	94	87	7
26020	150	130	20
26021	195	177	18
26022	96	86	10
26023	101	87	14
26024	143	130	13
26025	143	129	14
26026	92	80	12
26027	171	153	18
26028	213	159	54
26029	80	65	15
26030	128	112	16
26031	85	70	15
26032	157	121	36
26033	153	133	20
26034	179	160	19
26035	173	157	16
26036	136	117	19
26037	141	131	10
26038	90	83	7
26039	158	142	16
26040	66	59	7
26041	198	174	24
26042	129	107	22
26043	89	78	11
26044	88	82	6
26045	56	47	9
26046	92	64	28
26047	105	94	11
26048	140	121	19
26049	81	76	5
27001	146	99	47
27002	235	193	42
27003	104	96	8
27004	113	98	15
27005	142	127	15
27006	158	128	30
27007	218	181	37
27008	147	136	11
27009	85	56	29
27010	232	212	20
27011	140	106	34
27012	106	67	39
27013	291	256	35
27014	100	98	2
27015	126	111	15
27016	156	109	47
27017	194	172	22
27018	167	161	6
27019	128	117	11
27020	125	123	2
27021	158	126	32
27022	113	105	8
27023	161	143	18
27024	132	118	14
27025	167	140	27
27026	188	169	19
27027	176	153	23
27028	109	89	20
27029	136	123	13
27030	121	114	7
27031	155	143	12
27032	146	130	16
27033	151	125	26
27034	180	167	13
27035	167	118	49
27036	132	114	18
27037	226	183	43
27038	318	269	49
27039	163	143	20
27040	213	169	44
27041	206	190	16
27042	138	125	13
27043	146	126	20
27044	157	138	19
27045	198	133	65
27046	126	80	46
27047	188	169	19
27048	204	172	32
27049	133	122	11
27050	169	155	14
28001	120	109	11
28002	142	135	7
28003	134	122	12
28004	130	98	32
28005	112	102	10
28006	117	90	27
28007	147	133	14
28008	87	70	17
28009	165	156	9
28010	189	161	28
28011	239	211	28
28012	167	156	11
28013	167	161	6
28014	174	166	8
28015	71	61	10
28016	96	90	6
28017	136	124	12
28018	146	138	8
28019	147	123	24
28020	155	143	12
28021	139	126	13
28022	132	127	5
28023	190	176	14
28024	131	122	9
28025	214	197	17
28026	158	149	9
28027	170	118	52
28028	200	140	60
28029	69	59	10
28030	37	34	3
28031	223	204	19
28032	154	135	19
28033	180	166	14
28034	236	225	11
28035	177	160	17
28036	111	100	11
28037	197	182	15
28038	97	90	7
28039	106	102	4
28040	186	165	21
28041	129	122	7
28042	160	150	10
28043	179	167	12
28044	112	106	6
28045	117	100	17
28046	266	208	58
29001	323	243	80
29002	348	321	27
29003	246	229	17
29004	258	238	20
29005	210	193	17
29006	171	162	9
29007	237	194	43
29008	133	128	5
29009	339	255	84
29010	368	299	69
29011	128	117	11
29012	272	249	23
29013	225	202	23
29014	251	230	21
29015	276	255	21
29016	274	259	15
29017	195	187	8
29018	216	198	18
29019	234	211	23
29020	272	252	20
29021	231	212	19
29022	173	151	22
29023	247	192	55
29024	192	170	22
29025	269	250	19
29026	255	229	26
29027	222	200	22
29028	292	268	24
29029	204	152	52
29030	318	269	49
29031	212	159	53
29032	194	137	57
29033	213	201	12
29034	157	136	21
29035	169	148	21
29036	226	207	19
29037	218	203	15
29038	188	148	40
29039	174	141	33
29040	269	252	17
29041	224	206	18
29042	237	224	13
29043	309	257	52
29044	283	260	23
30001	185	133	52
30002	187	140	47
30003	139	117	22
30004	170	128	42
30005	109	98	11
30006	145	122	23
30007	177	134	43
30008	202	146	56
30009	135	98	37
30010	174	133	41
30011	137	109	28
30012	144	112	32
30013	133	107	26
30014	101	78	23
30015	208	148	60
30016	76	62	14
30017	187	146	41
30018	165	138	27
30019	143	118	25
30020	194	148	46
30021	170	132	38
30022	173	146	27
30023	139	121	18
30024	147	118	29
30025	179	142	37
30026	96	80	16
30027	103	78	25
30028	199	162	37
30029	84	73	11
30030	52	45	7
30031	125	103	22
30032	130	105	25
31001	132	112	20
31002	126	111	15
31003	133	101	32
31004	160	134	26
31005	151	120	31
31006	125	113	12
31007	136	117	19
31008	86	72	14
31009	131	97	34
31010	118	92	26
31011	102	78	24
31012	121	94	27
31013	128	111	17
31014	124	98	26
31015	106	83	23
31016	189	169	20
31017	156	124	32
31018	145	125	20
31019	117	96	21
31020	126	113	13
31021	129	107	22
31022	113	101	12
31023	125	103	22
31024	181	152	29
31025	107	85	22
31026	164	131	33
31027	157	137	20
31028	111	88	23
31029	165	140	25
31030	87	74	13
31031	133	110	23
31032	116	91	25
31033	123	94	29
31034	126	95	31
31035	161	140	21
31036	169	141	28
31037	133	112	21
31038	116	99	17
31039	140	119	21
31040	139	117	22
31041	116	107	9
32001	172	137	35
32002	164	108	56
32003	281	230	51
32004	205	161	44
32005	200	150	50
32006	159	124	35
32007	186	133	53
32008	154	109	45
32009	201	149	52
32010	177	125	52
32011	228	199	29
32012	204	182	22
32013	163	117	46
32014	197	162	35
32015	185	134	51
32016	203	150	53
32017	231	179	52
32018	161	91	70
32019	167	125	42
32020	257	229	28
32021	230	175	55
32022	269	226	43
32023	204	123	81
32024	96	66	30
32025	179	129	50
32026	248	204	44
32027	182	118	64
32028	233	200	33
32029	230	184	46
32030	138	93	45
32031	182	137	45
32032	190	139	51
32033	177	128	49
32034	167	122	45
32035	168	129	39
32036	168	119	49
32037	148	115	33
32038	161	118	43
32039	161	90	71
32040	203	138	65
32041	178	108	70
32042	173	124	49
32043	209	171	38
33001	253	219	34
33002	319	270	49
33003	303	249	54
33004	275	234	41
33005	201	168	33
33006	227	185	42
33007	292	252	40
33008	453	345	108
33009	276	214	62
33010	290	223	67
33011	262	217	45
33012	266	224	42
33013	232	205	27
33014	114	102	12
33015	306	262	44
33016	387	305	82
33017	297	242	55
33018	286	235	51
33019	230	180	50
33020	304	256	48
33021	276	223	53
33022	329	278	51
33023	304	251	53
33024	467	352	115
33025	323	276	47
33026	192	163	29
33027	209	179	30
33028	200	178	22
34001	286	269	17
34002	217	201	16
34003	240	220	20
34004	193	179	14
34005	224	203	21
34006	295	264	31
34007	285	270	15
34008	167	148	19
34009	180	165	15
34010	244	234	10
34011	193	174	19
34012	271	248	23
34013	260	230	30
34014	185	170	15
34015	165	151	14
34016	186	180	6
34017	289	268	21
34018	184	167	17
34019	225	211	14
34020	306	284	22
34021	336	311	25
34022	247	216	31
34023	200	185	15
34024	199	181	18
34025	278	252	26
34026	267	249	18
34027	206	178	28
34028	149	137	12
34029	187	171	16
34030	270	247	23
34031	169	146	23
34032	231	216	15
34033	197	179	18
34034	266	247	19
34035	246	234	12
34036	247	218	29
34037	147	140	7
34038	139	129	10
34039	178	166	12
34040	249	230	19
34041	173	164	9
34042	255	229	26
34043	239	222	17
34044	248	229	19
34045	253	230	23
34046	159	152	7
34047	217	203	14
34048	289	267	22
34049	298	278	20
34050	198	175	23
34051	297	278	19
34052	215	198	17
34053	125	117	8
35001	223	191	32
35002	280	235	45
35003	170	155	15
35004	240	188	52
35005	179	152	27
35006	177	148	29
35007	205	180	25
35008	170	147	23
35009	234	194	40
35010	269	227	42
35011	219	186	33
35012	117	106	11
35013	128	108	20
35014	153	133	20
35015	235	205	30
35016	117	106	11
35017	182	153	29
35018	176	155	21
35019	124	104	20
35020	144	121	23
35021	177	145	32
35022	213	184	29
35023	200	159	41
35024	168	128	40
35025	212	191	21
35026	178	145	33
35027	178	147	31
35028	196	150	46
35029	163	139	24
35030	193	158	35
35031	236	190	46
36001	203	169	34
36002	168	151	17
36003	193	152	41
36004	188	159	29
36005	185	162	23
36006	152	127	25
36007	301	202	99
36008	131	120	11
36009	145	111	34
36010	206	178	28
36011	119	102	17
36012	116	98	18
36013	125	108	17
36014	234	173	61
36015	257	193	64
36016	228	166	62
36017	244	186	58
36018	218	162	56
36019	213	163	50
36020	218	168	50
36021	143	117	26
36022	115	98	17
36023	156	131	25
36024	204	161	43
36025	135	122	13
36026	179	128	51
36027	190	150	40
36028	200	152	48
36029	253	185	68
36030	217	156	61
37001	162	144	18
37002	117	105	12
37003	134	123	11
37004	183	169	14
37005	240	219	21
37006	220	205	15
37007	140	125	15
37008	119	111	8
37009	192	175	17
37010	236	220	16
37011	145	126	19
37012	149	138	11
37013	152	143	9
37014	205	195	10
37015	220	195	25
37016	233	216	17
37017	148	142	6
37018	192	173	19
37019	125	117	8
37020	147	140	7
37021	173	154	19
37022	185	175	10
37023	231	218	13
37024	189	176	13
37025	206	194	12
37026	267	246	21
37027	193	180	13
37028	173	162	11
37029	217	198	19
37030	182	161	21
37031	230	214	16
37032	204	191	13
37033	206	193	13
37034	190	173	17
37035	225	214	11
37036	175	165	10
37037	192	175	17
37038	234	217	17
37039	181	171	10
37040	225	207	18
37041	213	190	23
38001	227	167	60
38002	377	233	144
38003	237	183	54
38004	279	202	77
38005	272	198	74
38006	248	181	67
38007	293	227	66
38008	237	161	76
38009	306	204	102
38010	210	157	53
38011	214	151	63
38012	285	196	89
38013	296	222	74
38014	258	195	63
38015	217	160	57
38016	267	193	74
38017	316	221	95
38018	269	177	92
38019	259	188	71
38020	264	187	77
38021	215	165	50
38022	239	172	67
38023	283	208	75
38024	333	233	100
38025	193	136	57
38026	240	162	78
38027	276	205	71
38028	341	234	107
38029	237	165	72
38030	264	195	69
38031	274	191	83
38032	205	142	63
38033	209	153	56
38034	215	165	50
38035	242	180	62
38036	210	145	65
38037	267	198	69
38038	225	164	61
38039	282	210	72
38040	249	175	74
38041	251	179	72
39001	272	170	102
39002	295	209	86
39003	237	167	70
39004	275	171	104
39005	270	198	72
39006	236	167	69
39007	225	169	56
39008	269	216	53
39009	242	178	64
39010	131	102	29
39011	240	166	74
39012	261	221	40
39013	209	161	48
39014	189	138	51
39015	322	195	127
39016	155	134	21
39017	299	213	86
39018	246	196	50
39019	252	182	70
39020	320	219	101
39021	235	159	76
39022	164	125	39
39023	288	181	107
39024	370	261	109
39025	165	134	31
39026	265	182	83
39027	62	37	25
39028	290	215	75
39029	106	95	11
39030	278	227	51
39031	200	154	46
39032	220	170	50
39033	234	186	48
39034	244	184	60
39035	276	212	64
39036	97	82	15
39037	305	211	94
39038	171	110	61
39039	168	117	51
39040	222	147	75
39041	333	223	110
39042	298	181	117
39043	297	173	124
39044	233	150	83
39045	278	170	108
40001	189	160	29
40002	215	178	37
40003	244	204	40
40004	159	130	29
40005	239	190	49
40006	254	216	38
40007	271	208	63
40008	300	241	59
40009	186	158	28
40010	214	185	29
40011	285	223	62
40012	155	125	30
40013	291	255	36
40014	176	143	33
40015	219	178	41
40016	278	234	44
40017	222	174	48
40018	170	151	19
40019	302	244	58
40020	211	181	30
40021	291	248	43
40022	212	172	40
40023	303	236	67
40024	174	142	32
40025	252	209	43
40026	277	232	45
40027	312	273	39
40028	278	241	37
40029	279	201	78
40030	305	207	98
40031	273	221	52
40032	273	221	52
40033	271	237	34
40034	240	182	58
40035	171	141	30
40036	229	168	61
40037	242	212	30
40038	273	231	42
40039	53	45	8
41001	314	207	107
41002	344	234	110
41003	298	204	94
41004	358	226	132
41005	304	208	96
41006	354	200	154
41007	387	242	145
41008	327	221	106
41009	289	193	96
41010	364	231	133
41011	350	236	114
41012	291	211	80
41013	349	244	105
41014	350	235	115
41015	366	225	141
41016	293	202	91
41017	306	209	97
41018	290	198	92
41019	356	185	171
41020	266	173	93
41021	314	209	105
41022	336	215	121
41023	305	200	105
41024	279	181	98
41025	126	92	34
41026	336	197	139
41027	184	133	51
41028	183	133	50
41029	138	96	42
41030	313	226	87
41031	376	253	123
41032	234	163	71
41033	284	207	77
41034	264	170	94
41035	345	231	114
41036	298	196	102
41037	323	243	80
41038	272	198	74
41039	329	205	124
41040	379	270	109
41041	335	235	100
41042	318	215	103
41043	307	218	89
41044	354	220	134
41045	267	189	78
41046	354	226	128
41047	302	207	95
42001	286	162	124
42002	172	135	37
42003	164	112	52
42004	296	205	91
42005	135	90	45
42006	348	236	112
42007	268	160	108
42008	252	165	87
42009	196	140	56
42010	184	110	74
42011	204	121	83
42012	182	103	79
42013	336	196	140
42014	145	97	48
42015	121	71	50
42016	195	138	57
42017	186	114	72
42018	151	113	38
42019	260	154	106
42020	128	80	48
42021	141	90	51
42022	104	54	50
42023	169	87	82
42024	225	149	76
42025	219	136	83
42026	216	145	71
42027	210	154	56
42028	316	208	108
42029	174	124	50
42030	263	136	127
42031	189	115	74
42032	141	92	49
42033	192	114	78
42034	244	131	113
42035	288	201	87
42036	193	111	82
42037	110	71	39
42038	172	120	52
42039	127	81	46
42040	184	123	61
42041	183	128	55
42042	228	148	80
43001	151	93	58
43002	232	143	89
43003	268	140	128
43004	224	141	83
43005	187	97	90
43006	152	97	55
43007	183	127	56
43008	212	136	76
43009	300	172	128
43010	248	143	105
43011	169	95	74
43012	156	96	60
43013	239	175	64
43014	285	144	141
43015	233	143	90
43016	213	129	84
43017	191	107	84
43018	263	160	103
43019	268	155	113
43020	290	200	90
43021	261	172	89
43022	135	86	49
43023	105	71	34
43024	184	125	59
43025	249	166	83
43026	197	124	73
43027	247	141	106
43028	274	191	83
43029	235	133	102
43030	217	139	78
43031	257	183	74
43032	273	177	96
43033	294	169	125
43034	196	132	64
43035	323	182	141
43036	82	65	17
43037	189	141	48
43038	245	129	116
43039	192	139	53
43040	136	108	28
43041	298	206	92
43042	212	152	60
43043	321	192	129
43044	244	157	87
43045	187	114	73
43046	102	70	32
44001	361	273	88
44002	195	137	58
44003	253	168	85
44004	283	217	66
44005	200	164	36
44006	206	154	52
44007	221	142	79
44008	262	215	47
44009	165	106	59
44010	158	107	51
44011	200	140	60
44012	250	175	75
44013	158	103	55
44014	169	133	36
44015	196	146	50
44016	215	144	71
44017	297	221	76
44018	185	131	54
44019	278	203	75
44020	143	102	41
44021	220	157	63
44022	277	215	62
44023	166	117	49
44024	274	195	79
44025	189	132	57
44026	198	149	49
44027	223	150	73
44028	242	194	48
44029	186	125	61
44030	203	142	61
44031	185	128	57
44032	252	181	71
44033	201	165	36
44034	260	201	59
44035	333	241	92
44036	193	147	46
44037	257	188	69
44038	185	118	67
44039	164	114	50
44040	222	147	75
44041	219	171	48
45001	201	151	50
45002	187	129	58
45003	227	172	55
45004	325	246	79
45005	308	224	84
45006	353	257	96
45007	376	278	98
45008	245	187	58
45009	252	188	64
45010	278	203	75
45011	180	143	37
45012	252	181	71
45013	279	196	83
45014	321	232	89
45015	412	327	85
45016	251	171	80
45017	294	224	70
45018	282	192	90
45019	153	127	26
45020	166	134	32
45021	271	199	72
45022	258	185	73
45023	275	180	95
45024	246	172	74
45025	204	138	66
45026	163	112	51
45027	253	178	75
45028	221	167	54
45029	184	134	50
45030	239	183	56
45031	232	176	56
45032	232	171	61
45033	164	123	41
45034	286	200	86
45035	330	247	83
45036	325	217	108
45037	263	192	71
45038	234	181	53
45039	259	187	72
45040	289	222	67
45041	290	204	86
45042	323	241	82
45043	328	227	101
45044	296	206	90
45045	206	140	66
45046	197	137	60
45047	227	147	80
45048	224	149	75
46001	257	206	51
46002	230	193	37
46003	311	232	79
46004	285	235	50
46005	208	152	56
46006	219	184	35
46007	380	284	96
46008	196	174	22
46009	249	199	50
46010	229	176	53
46011	214	183	31
46012	253	210	43
46013	233	178	55
46014	299	274	25
46015	239	170	69
46016	262	219	43
46017	323	240	83
46018	233	180	53
46019	202	148	54
46020	264	222	42
46021	160	146	14
46022	215	192	23
46023	203	178	25
46024	283	223	60
46025	251	211	40
46026	214	189	25
46027	234	183	51
46028	306	230	76
46029	227	188	39
46030	242	213	29
46031	208	172	36
46032	264	230	34
46033	287	226	61
46034	258	211	47
46035	279	224	55
46036	268	203	65
46037	173	137	36
46038	201	166	35
46039	211	167	44
46040	252	199	53
47001	116	87	29
47002	325	237	88
47003	354	263	91
47004	282	209	73
47005	251	198	53
47006	223	165	58
47007	210	158	52
47008	274	184	90
47009	182	138	44
47010	267	228	39
47011	180	129	51
47012	280	227	53
47013	257	216	41
47014	255	181	74
47015	268	241	27
47016	304	221	83
47017	230	163	67
47018	226	168	58
47019	249	210	39
47020	274	208	66
47021	247	198	49
47022	308	245	63
47023	232	194	38
47024	207	152	55
47025	226	183	43
47026	246	206	40
47027	219	161	58
47028	294	213	81
47029	253	192	61
47030	265	228	37
47031	244	203	41
47032	264	218	46
47033	214	152	62
47034	303	245	58
47035	238	181	57
47036	286	236	50
47037	276	224	52
47038	240	189	51
47039	273	221	52
47040	310	230	80
47041	274	215	59
47042	227	191	36
47043	208	142	66
47044	228	174	54
47045	268	217	51
47046	254	175	79
47047	249	186	63
47048	34	30	4
48001	214	184	30
48002	134	92	42
48003	233	206	27
48004	218	189	29
48005	201	149	52
48006	236	198	38
48007	218	177	41
48008	152	116	36
48009	192	148	44
48010	312	257	55
48011	236	187	49
48012	261	227	34
48013	343	272	71
48014	185	140	45
48015	155	126	29
48016	223	200	23
48017	258	217	41
48018	233	204	29
48019	173	131	42
48020	281	237	44
48021	278	253	25
48022	305	236	69
48023	345	281	64
48024	246	202	44
48025	253	197	56
48026	123	96	27
48027	185	160	25
48028	285	250	35
48029	196	176	20
48030	220	185	35
48031	281	251	30
48032	194	176	18
48033	208	160	48
48034	234	181	53
48035	174	140	34
48036	213	167	46
48037	222	181	41
48038	306	234	72
48039	237	193	44
48040	214	173	41
48041	236	210	26
48042	250	211	39
48043	251	217	34
48044	264	230	34
48045	164	130	34
48046	182	154	28
49001	147	129	18
49002	182	152	30
49003	306	258	48
49004	292	252	40
49005	283	244	39
49006	221	197	24
49007	240	189	51
49008	199	158	41
49009	258	220	38
49010	254	209	45
49011	301	250	51
49012	293	245	48
49013	304	250	54
49014	246	216	30
49015	183	163	20
49016	289	255	34
49017	197	165	32
49018	324	285	39
49019	213	192	21
49020	369	336	33
49021	165	141	24
49022	316	275	41
49023	286	257	29
49024	208	181	27
49025	316	271	45
49026	281	239	42
49027	256	232	24
49028	285	248	37
49029	292	252	40
49030	274	236	38
49031	214	170	44
49032	276	244	32
49033	217	183	34
50001	243	172	71
50002	135	97	38
50003	221	165	56
50004	239	183	56
50005	184	135	49
50006	244	204	40
50007	314	241	73
50008	181	155	26
50009	185	158	27
50010	186	130	56
50011	130	90	40
50012	111	84	27
50013	177	155	22
50014	77	55	22
50015	288	220	68
50016	81	62	19
50017	156	126	30
50018	63	45	18
50019	148	124	24
50020	235	193	42
50021	158	121	37
50022	150	114	36
50023	139	111	28
50024	184	117	67
50025	200	134	66
50026	186	156	30
50027	82	65	17
50028	202	187	15
50029	150	129	21
50030	158	135	23
50031	190	166	24
50032	199	177	22
50033	183	123	60
50034	288	201	87
50035	246	204	42
50036	221	182	39
50037	225	180	45
50038	141	111	30
50039	131	106	25
50040	221	132	89
