Precinct	total_votes	votes|Yes	votes|No
01001	552	515	37
01002	437	415	22
01003	594	565	29
01004	563	521	42
01005	616	579	37
01006	523	484	39
01007	383	351	32
01008	439	395	44
01009	370	326	44
01010	704	665	39
01011	645	590	55
01012	622	586	36
01013	240	227	13
01014	502	466	36
01015	464	435	29
01016	629	582	47
01017	446	415	31
01018	496	459	37
01019	544	506	38
01020	423	399	24
01021	720	669	51
01022	341	321	20
01023	750	697	53
01024	442	412	30
01025	526	498	28
01026	314	286	28
01027	542	501	41
01028	103	87	16
01029	645	607	38
01030	553	517	36
01031	490	443	47
01032	514	475	39
01033	617	563	54
01034	420	403	17
01035	653	604	49
01036	554	512	42
01037	545	495	50
01038	508	475	33
01039	472	440	32
01040	507	455	52
01041	304	285	19
01042	177	156	21
01043	327	302	25
01044	487	461	26
02001	603	556	47
02002	430	368	62
02003	613	554	59
02004	489	459	30
02005	659	623	36
02006	536	498	38
02007	509	459	50
02008	631	574	57
02009	509	455	54
02010	438	378	60
02011	577	503	74
02012	472	426	46
02013	454	397	57
02014	581	530	51
02015	524	484	40
02016	485	458	27
02017	648	597	51
02018	512	453	59
02019	397	343	54
02020	623	571	52
02021	548	512	36
02022	558	484	74
02023	377	313	64
02024	479	434	45
02025	588	546	42
02026	487	432	55
02027	488	423	65
02028	602	530	72
02029	603	539	64
02030	450	388	62
02031	624	543	81
02032	436	384	52
02033	801	710	91
02034	425	362	63
02035	720	653	67
02036	595	539	56
02037	476	431	45
02038	487	425	62
02039	348	298	50
02040	721	641	80
02041	552	494	58
02042	582	521	61
02043	711	624	87
02044	333	291	42
02045	612	550	62
02046	308	264	44
03001	579	523	56
03002	537	478	59
03003	359	312	47
03004	512	470	42
03005	267	235	32
03006	681	609	72
03007	280	247	33
03008	362	322	40
03009	465	428	37
03010	178	158	20
03011	460	426	34
03012	465	425	40
03013	596	529	67
03014	553	506	47
03015	339	303	36
03016	363	319	44
03017	694	637	57
03018	672	590	82
03019	598	535	63
03020	499	450	49
03021	559	481	78
03022	702	635	67
03023	402	334	68
03024	395	351	44
03025	912	792	120
03026	576	510	66
03027	673	603	70
03028	298	269	29
03029	438	374	64
03030	371	338	33
03031	500	462	38
03032	618	556	62
03033	628	567	61
03034	645	578	67
03035	233	219	14
03036	238	203	35
03037	426	381	45
03038	369	334	35
03039	830	736	94
03040	490	448	42
03041	345	315	30
04001	755	691	64
04002	685	617	68
04003	393	353	40
04004	647	571	76
04005	474	427	47
04006	517	454	63
04007	577	512	65
04008	519	483	36
04009	533	480	53
04010	626	587	39
04011	503	447	56
04012	577	530	47
04013	646	595	51
04014	508	448	60
04015	620	562	58
04016	883	810	73
04017	664	606	58
04018	471	430	41
04019	341	302	39
04020	471	408	63
04021	712	655	57
04022	524	459	65
04023	694	642	52
04024	452	406	46
04025	595	542	53
04026	449	415	34
04027	668	618	50
04028	419	362	57
04029	423	390	33
04030	652	572	80
04031	500	447	53
04032	567	513	54
04033	506	464	42
04034	421	374	47
04035	585	529	56
04036	549	497	52
04037	968	877	91
04038	535	485	50
05001	372	339	33
05002	313	290	23
05003	550	503	47
05004	645	601	44
05005	406	373	33
05006	356	317	39
05007	488	452	36
05008	501	460	41
05009	563	520	43
05010	348	307	41
05011	517	474	43
05012	304	267	37
05013	385	350	35
05014	365	333	32
05015	445	392	53
05016	417	367	50
05017	340	291	49
05018	460	429	31
05019	457	432	25
05020	551	511	40
05021	543	488	55
05022	536	493	43
05023	838	756	82
05024	548	504	44
05025	424	381	43
05026	457	400	57
05027	578	535	43
05028	489	446	43
05029	477	420	57
05030	273	234	39
05031	345	304	41
05032	573	521	52
05033	463	410	53
05034	560	510	50
05035	598	540	58
05036	257	220	37
05037	525	465	60
05038	396	346	50
05039	392	355	37
05040	322	292	30
05041	268	245	23
06001	401	357	44
06002	366	326	40
06003	378	332	46
06004	286	240	46
06005	228	202	26
06006	400	358	42
06007	338	303	35
06008	378	340	38
06009	317	279	38
06010	219	198	21
06011	318	284	34
06012	261	230	31
06013	283	244	39
06014	277	250	27
06015	283	239	44
06016	376	342	34
06017	230	195	35
06018	229	202	27
06019	329	286	43
06020	207	184	23
06021	199	175	24
06022	229	204	25
06023	185	160	25
06024	181	157	24
06025	179	156	23
06026	252	223	29
06027	201	171	30
06028	171	147	24
06029	380	332	48
06030	292	244	48
06031	371	331	40
06032	345	309	36
06033	358	318	40
06034	374	330	44
06035	328	286	42
06036	427	388	39
06037	376	341	35
06038	392	345	47
06039	301	266	35
06040	321	279	42
06041	356	320	36
06042	359	324	35
06043	316	279	37
06044	346	311	35
06045	397	358	39
06046	254	233	21
06047	252	216	36
06048	385	355	30
07001	307	267	40
07002	337	291	46
07003	375	336	39
07004	362	330	32
07005	281	243	38
07006	439	394	45
07007	322	275	47
07008	279	252	27
07009	619	552	67
07010	394	359	35
07011	365	317	48
07012	309	280	29
07013	206	184	22
07014	354	320	34
07015	336	304	32
07016	275	245	30
07017	295	245	50
07018	285	246	39
07019	326	297	29
07020	258	232	26
07021	251	223	28
07022	287	251	36
07023	336	300	36
07024	274	246	28
07025	281	242	39
07026	282	238	44
07027	265	241	24
07028	251	222	29
07029	283	246	37
07030	242	200	42
07031	229	203	26
07032	461	431	30
07033	464	422	42
07034	420	371	49
07035	375	333	42
07036	413	371	42
07037	366	326	40
07038	297	244	53
07039	315	278	37
07040	293	257	36
07041	354	327	27
07042	289	259	30
07043	310	272	38
07044	300	269	31
07045	320	287	33
07046	122	111	11
08001	313	277	36
08002	335	301	34
08003	422	392	30
08004	423	359	64
08005	394	363	31
08006	382	350	32
08007	420	377	43
08008	369	344	25
08009	244	215	29
08010	466	413	53
08011	283	248	35
08012	299	250	49
08013	397	340	57
08014	263	219	44
08015	305	267	38
08016	111	96	15
08017	324	283	41
08018	341	299	42
08019	394	350	44
08020	413	371	42
08021	456	408	48
08022	343	304	39
08023	303	271	32
08024	223	200	23
08025	373	329	44
08026	321	283	38
08027	400	358	42
08028	378	340	38
08029	414	364	50
08030	364	318	46
08031	259	229	30
08032	275	248	27
08033	338	293	45
08034	352	322	30
08035	390	352	38
08036	379	339	40
08037	300	280	20
08038	239	215	24
08039	355	323	32
08040	286	251	35
08041	409	353	56
08042	437	387	50
08043	209	182	27
08044	243	212	31
08045	342	305	37
08046	288	250	38
08047	298	263	35
08048	337	300	37
08049	346	309	37
08050	359	321	38
08051	382	352	30
08052	449	399	50
08053	221	198	23
08054	293	258	35
08055	249	211	38
08056	371	344	27
09001	345	305	40
09002	296	260	36
09003	273	241	32
09004	262	234	28
09005	344	307	37
09006	294	263	31
09007	270	233	37
09008	332	306	26
09009	371	332	39
09010	266	239	27
09011	225	192	33
09012	400	355	45
09013	396	361	35
09014	411	365	46
09015	377	331	46
09016	309	281	28
09017	215	189	26
09018	248	217	31
09019	330	303	27
09020	329	286	43
09021	292	266	26
09022	352	303	49
09023	413	371	42
09024	322	296	26
09025	359	330	29
09026	373	328	45
09027	275	243	32
09028	210	187	23
09029	286	241	45
09030	272	242	30
09031	260	239	21
09032	358	311	47
09033	262	232	30
09034	249	217	32
09035	347	316	31
09036	280	247	33
09037	492	430	62
09038	369	321	48
09039	378	334	44
09040	388	346	42
09041	276	242	34
09042	357	312	45
09043	290	244	46
09044	299	275	24
09045	269	235	34
09046	336	300	36
09047	365	328	37
09048	380	347	33
09049	354	317	37
09050	470	426	44
09051	336	305	31
10001	285	247	38
10002	343	280	63
10003	345	288	57
10004	252	227	25
10005	266	221	45
10006	260	217	43
10007	243	202	41
10008	202	174	28
10009	337	285	52
10010	348	299	49
10011	393	346	47
10012	209	180	29
10013	302	266	36
10014	446	379	67
10015	624	550	74
10016	253	209	44
10017	443	357	86
10018	215	184	31
10019	353	289	64
10020	377	330	47
10021	325	272	53
10022	198	182	16
10023	285	248	37
10024	343	282	61
10025	93	84	9
10026	245	208	37
10027	315	274	41
10028	373	307	66
10029	311	260	51
10030	285	241	44
10031	247	217	30
10032	340	294	46
10033	231	204	27
10034	231	204	27
10035	408	336	72
10036	85	70	15
11001	399	341	58
11002	30	23	7
11003	412	388	24
11004	336	279	57
11005	520	466	54
11006	703	638	65
11007	635	583	52
11008	374	330	44
11009	323	274	49
11010	367	313	54
11011	443	382	61
11012	546	453	93
11013	469	381	88
11014	194	158	36
11015	156	135	21
11016	270	217	53
11017	514	450	64
11018	297	256	41
11019	518	463	55
11020	269	227	42
11021	521	429	92
11022	457	399	58
11023	255	213	42
11024	465	387	78
11025	537	473	64
11026	464	390	74
11027	142	125	17
11028	181	149	32
11029	455	380	75
11030	207	173	34
11031	395	338	57
11032	189	159	30
11033	520	459	61
11034	118	108	10
11035	75	62	13
11036	170	141	29
11037	111	95	16
11038	226	206	20
12001	349	302	47
12002	239	216	23
12003	460	413	47
12004	389	336	53
12005	297	256	41
12006	350	313	37
12007	313	282	31
12008	393	326	67
12009	298	244	54
12010	405	369	36
12011	337	296	41
12012	347	301	46
12013	332	286	46
12014	321	291	30
12015	251	217	34
12016	304	266	38
12017	340	297	43
12018	274	242	32
12019	331	287	44
12020	408	361	47
12021	353	311	42
12022	275	253	22
12023	353	307	46
13001	297	244	53
13002	291	246	45
13003	260	221	39
13004	344	277	67
13005	359	311	48
13006	340	277	63
13007	241	213	28
13008	257	223	34
13009	336	285	51
13010	304	240	64
13011	343	275	68
13012	286	245	41
13013	314	269	45
13014	319	267	52
13015	430	375	55
13016	216	190	26
13017	266	216	50
13018	254	208	46
13019	336	296	40
13020	192	146	46
13021	381	292	89
13022	354	285	69
13023	237	209	28
13024	314	257	57
13025	307	266	41
13026	287	247	40
13027	301	259	42
13028	235	199	36
13029	245	204	41
13030	237	212	25
13031	347	283	64
13032	268	224	44
13033	324	273	51
13034	366	329	37
13035	290	260	30
13036	196	169	27
13037	351	293	58
13038	289	230	59
13039	301	248	53
13040	326	279	47
13041	353	312	41
13042	308	239	69
13043	319	272	47
13044	314	279	35
13045	354	286	68
13046	355	317	38
13047	321	283	38
13048	294	228	66
14001	404	326	78
14002	411	360	51
14003	335	298	37
14004	357	287	70
14005	449	401	48
14006	155	136	19
14007	385	325	60
14008	367	318	49
14009	423	348	75
14010	234	201	33
14011	209	189	20
14012	367	307	60
14013	296	272	24
14014	297	258	39
14015	336	297	39
14016	228	201	27
14017	262	221	41
14018	142	118	24
14019	300	264	36
14020	224	192	32
14021	298	249	49
14022	430	380	50
14023	268	226	42
14024	426	352	74
14025	186	165	21
14026	241	211	30
14027	320	282	38
14028	253	212	41
14029	247	216	31
14030	179	156	23
14031	192	169	23
15001	277	247	30
15002	200	173	27
15003	216	179	37
15004	308	282	26
15005	263	222	41
15006	284	240	44
15007	204	171	33
15008	269	240	29
15009	368	324	44
15010	396	335	61
15011	337	291	46
15012	348	304	44
15013	268	244	24
15014	266	241	25
15015	224	192	32
15016	317	278	39
15017	225	187	38
15018	200	174	26
15019	256	216	40
15020	215	188	27
15021	189	162	27
15022	243	210	33
15023	240	215	25
15024	183	161	22
16001	334	294	40
16002	258	233	25
16003	217	188	29
16004	252	220	32
16005	179	153	26
16006	269	239	30
16007	247	222	25
16008	172	148	24
16009	261	230	31
16010	243	211	32
16011	249	218	31
16012	221	196	25
16013	190	166	24
16014	174	152	22
16015	275	242	33
16016	228	207	21
16017	252	210	42
16018	285	250	35
16019	221	195	26
16020	191	167	24
16021	220	186	34
16022	206	183	23
16023	295	263	32
16024	143	126	17
16025	312	269	43
16026	188	169	19
16027	204	177	27
16028	226	188	38
16029	246	217	29
16030	212	180	32
16031	252	229	23
16032	288	251	37
16033	217	182	35
16034	228	204	24
16035	320	283	37
16036	164	136	28
17001	298	272	26
17002	319	285	34
17003	314	281	33
17004	373	327	46
17005	235	206	29
17006	263	231	32
17007	244	212	32
17008	245	210	35
17009	243	218	25
17010	406	364	42
17011	226	200	26
17012	400	350	50
17013	262	235	27
17014	360	311	49
17015	336	291	45
17016	302	259	43
17017	296	252	44
17018	359	306	53
17019	185	155	30
17020	402	370	32
17021	428	388	40
17022	262	238	24
17023	205	187	18
17024	325	286	39
17025	231	195	36
17026	329	288	41
17027	301	272	29
17028	243	213	30
17029	300	260	40
17030	243	203	40
17031	190	164	26
17032	233	203	30
17033	202	176	26
17034	236	198	38
17035	234	203	31
17036	279	246	33
17037	254	222	32
17038	290	254	36
17039	306	260	46
17040	335	294	41
17041	385	340	45
18001	296	265	31
18002	302	250	52
18003	325	271	54
18004	367	333	34
18005	226	202	24
18006	304	241	63
18007	341	295	46
18008	332	305	27
18009	339	302	37
18010	474	420	54
18011	289	248	41
18012	352	308	44
18013	377	333	44
18014	372	343	29
18015	382	342	40
18016	336	298	38
18017	330	294	36
18018	291	256	35
18019	337	296	41
18020	288	258	30
18021	433	393	40
18022	410	361	49
18023	348	302	46
18024	339	293	46
18025	338	294	44
18026	441	393	48
18027	289	268	21
18028	335	272	63
18029	340	294	46
18030	386	316	70
18031	371	321	50
18032	359	318	41
18033	268	231	37
18034	415	377	38
18035	423	372	51
18036	376	331	45
18037	414	370	44
18038	338	307	31
18039	245	207	38
18040	370	321	49
18041	420	375	45
18042	313	276	37
18043	224	185	39
18044	318	245	73
18045	311	271	40
18046	368	308	60
18047	269	225	44
18048	285	257	28
18049	216	187	29
18050	259	227	32
19001	365	269	96
19002	591	518	73
19003	315	225	90
19004	453	345	108
19005	443	386	57
19006	423	342	81
19007	364	292	72
19008	464	329	135
19009	300	215	85
19010	501	430	71
19011	393	267	126
19012	331	224	107
19013	484	434	50
19014	495	417	78
19015	503	377	126
19016	427	317	110
19017	363	288	75
19018	404	330	74
19019	534	450	84
19020	345	315	30
19021	381	274	107
19022	443	370	73
19023	432	360	72
19024	294	212	82
19025	408	328	80
19026	411	329	82
19027	439	385	54
19028	470	410	60
19029	427	330	97
19030	384	275	109
19031	380	315	65
19032	392	320	72
19033	436	326	110
19034	381	328	53
19035	378	313	65
19036	578	505	73
19037	408	358	50
19038	367	324	43
19039	138	118	20
19040	459	376	83
19041	375	285	90
19042	362	308	54
19043	543	493	50
19044	439	339	100
19045	387	291	96
19046	416	317	99
19047	591	506	85
19048	465	423	42
19049	509	451	58
19050	345	274	71
19051	469	375	94
19052	446	341	105
19053	389	320	69
19054	353	272	81
19055	356	269	87
19056	448	384	64
19057	332	290	42
20001	344	310	34
20002	132	111	21
20003	294	267	27
20004	153	137	16
20005	405	360	45
20006	86	73	13
20007	368	331	37
20008	326	288	38
20009	511	459	52
20010	239	211	28
20011	434	383	51
20012	286	258	28
20013	366	313	53
20014	172	154	18
20015	278	242	36
20016	402	368	34
20017	194	179	15
20018	176	151	25
20019	348	315	33
20020	219	187	32
20021	228	200	28
20022	468	426	42
20023	357	301	56
20024	414	378	36
20025	239	213	26
20026	360	317	43
20027	163	135	28
20028	214	185	29
20029	386	337	49
20030	146	123	23
20031	398	354	44
20032	322	292	30
20033	204	178	26
20034	587	546	41
20035	243	216	27
20036	112	98	14
20037	105	95	10
20038	117	96	21
20039	24	22	2
21001	400	357	43
21002	261	228	33
21003	346	304	42
21004	344	292	52
21005	379	340	39
21006	292	259	33
21007	349	311	38
21008	364	312	52
21009	375	329	46
21010	316	275	41
21011	326	283	43
21012	306	269	37
21013	348	302	46
21014	373	337	36
21015	306	273	33
21016	320	272	48
21017	309	267	42
21018	392	348	44
21019	364	335	29
21020	281	241	40
21021	302	268	34
21022	263	227	36
21023	320	288	32
21024	354	318	36
21025	299	269	30
21026	344	290	54
21027	364	308	56
21028	373	327	46
21029	392	352	40
21030	284	243	41
21031	246	216	30
21032	314	281	33
21033	303	263	40
21034	300	260	40
21035	409	354	55
21036	326	290	36
21037	250	219	31
21038	322	284	38
21039	295	255	40
21040	322	292	30
21041	351	308	43
21042	350	303	47
21043	320	288	32
21044	339	304	35
21045	315	274	41
21046	381	323	58
21047	324	283	41
21048	342	302	40
21049	403	352	51
21050	269	222	47
21051	318	282	36
21052	331	290	41
21053	285	251	34
21054	297	256	41
22001	192	165	27
22002	383	328	55
22003	420	373	47
22004	241	218	23
22005	312	266	46
22006	286	250	36
22007	214	185	29
22008	414	358	56
22009	171	150	21
22010	375	330	45
22011	239	203	36
22012	277	221	56
22013	290	254	36
22014	225	198	27
22015	249	222	27
22016	253	220	33
22017	300	259	41
22018	266	232	34
22019	154	135	19
22020	263	231	32
22021	302	255	47
22022	277	252	25
22023	398	346	52
22024	307	279	28
22025	290	261	29
23001	330	240	90
23002	341	278	63
23003	339	260	79
23004	385	318	67
23005	318	281	37
23006	285	258	27
23007	274	233	41
23008	381	334	47
23009	269	238	31
23010	334	284	50
23011	322	281	41
23012	344	265	79
23013	272	231	41
23014	311	254	57
23015	267	238	29
23016	318	248	70
23017	194	173	21
23018	279	227	52
23019	252	223	29
23020	192	168	24
23021	351	267	84
23022	336	283	53
23023	333	259	74
23024	269	224	45
23025	267	225	42
23026	334	277	57
23027	284	212	72
23028	353	276	77
23029	280	219	61
23030	347	286	61
23031	259	211	48
23032	301	251	50
23033	330	294	36
23034	293	253	40
23035	238	190	48
23036	309	241	68
23037	351	274	77
23038	310	261	49
23039	332	296	36
24001	251	222	29
24002	282	250	32
24003	288	257	31
24004	221	189	32
24005	145	124	21
24006	285	248	37
24007	204	178	26
24008	139	130	9
24009	270	231	39
24010	127	114	13
24011	338	311	27
24012	175	148	27
24013	154	119	35
24014	238	206	32
24015	144	125	19
24016	385	333	52
24017	222	203	19
24018	322	292	30
24019	333	291	42
24020	246	226	20
24021	128	114	14
24022	337	298	39
24023	209	186	23
24024	311	270	41
24025	250	223	27
24026	400	344	56
24027	296	255	41
24028	189	170	19
24029	170	150	20
24030	159	138	21
24031	311	266	45
24032	138	118	20
24033	174	143	31
24034	257	225	32
24035	260	228	32
24036	329	278	51
24037	170	145	25
24038	233	201	32
24039	287	255	32
24040	331	286	45
24041	190	165	25
25001	331	304	27
25002	473	441	32
25003	726	661	65
25004	349	310	39
25005	441	403	38
25006	143	117	26
25007	442	401	41
25008	450	411	39
25009	398	371	27
25010	697	645	52
25011	450	407	43
25012	413	391	22
25013	458	428	30
25014	247	207	40
25015	371	333	38
25016	707	639	68
25017	449	418	31
25018	228	190	38
25019	446	403	43
25020	255	226	29
25021	824	737	87
25022	406	365	41
25023	482	435	47
25024	429	395	34
25025	439	390	49
25026	380	347	33
25027	575	502	73
25028	437	395	42
25029	312	271	41
25030	399	361	38
25031	851	766	85
25032	339	297	42
26001	382	361	21
26002	296	265	31
26003	427	388	39
26004	206	187	19
26005	322	296	26
26006	289	249	40
26007	369	348	21
26008	171	141	30
26009	238	210	28
26010	294	279	15
26011	295	264	31
26012	383	348	35
26013	171	156	15
26014	248	217	31
26015	185	158	27
26016	176	152	24
26017	287	251	36
26018	241	209	32
26019	192	167	25
26020	294	270	24
26021	406	368	38
26022	161	143	18
26023	214	196	18
26024	266	234	32
26025	308	276	32
26026	228	206	22
26027	419	382	37
26028	504	468	36
26029	212	192	20
26030	279	255	24
26031	147	130	17
26032	421	391	30
26033	389	363	26
26034	432	396	36
26035	284	259	25
26036	340	315	25
26037	366	341	25
26038	136	106	30
26039	372	342	30
26040	230	209	21
26041	387	355	32
26042	293	269	24
26043	169	148	21
26044	195	164	31
26045	142	119	23
26046	242	220	22
26047	213	189	24
26048	350	326	24
26049	182	158	24
27001	886	817	69
27002	428	389	39
27003	210	175	35
27004	203	182	21
27005	282	252	30
27006	459	421	38
27007	592	553	39
27008	206	178	28
27009	218	190	28
27010	324	287	37
27011	568	520	48
27012	322	287	35
27013	509	456	53
27014	171	147	24
27015	176	151	25
27016	470	438	32
27017	372	338	34
27018	257	219	38
27019	173	151	22
27020	291	241	50
27021	443	397	46
27022	173	149	24
27023	223	195	28
27024	255	239	16
27025	362	321	41
27026	291	265	26
27027	453	407	46
27028	405	372	33
27029	222	192	30
27030	160	140	20
27031	272	235	37
27032	313	282	31
27033	440	411	29
27034	264	223	41
27035	485	442	43
27036	301	272	29
27037	485	439	46
27038	618	546	72
27039	264	239	25
27040	579	513	66
27041	274	240	34
27042	292	255	37
27043	243	208	35
27044	253	221	32
27045	923	835	88
27046	352	309	43
27047	222	191	31
27048	745	670	75
27049	260	237	23
27050	323	289	34
28001	183	160	23
28002	261	233	28
28003	246	220	26
28004	310	283	27
28005	203	181	22
28006	188	170	18
28007	273	241	32
28008	410	376	34
28009	300	260	40
28010	399	363	36
28011	653	590	63
28012	276	237	39
28013	349	309	40
28014	223	189	34
28015	59	47	12
28016	169	151	18
28017	262	230	32
28018	256	231	25
28019	276	248	28
28020	281	240	41
28021	246	218	28
28022	271	247	24
28023	321	287	34
28024	235	209	26
28025	410	367	43
28026	278	239	39
28027	345	299	46
28028	417	374	43
28029	156	135	21
28030	49	44	5
28031	382	331	51
28032	277	233	44
28033	312	275	37
28034	526	477	49
28035	335	307	28
28036	151	129	22
28037	372	326	46
28038	125	110	15
28039	220	196	24
28040	376	334	42
28041	224	195	29
28042	269	235	34
28043	348	309	39
28044	197	180	17
28045	418	393	25
28046	636	582	54
29001	503	442	61
29002	494	421	73
29003	379	340	39
29004	381	340	41
29005	302	253	49
29006	300	266	34
29007	388	336	52
29008	326	286	40
29009	445	378	67
29010	517	465	52
29011	217	193	24
29012	454	388	66
29013	404	349	55
29014	327	296	31
29015	433	384	49
29016	354	309	45
29017	328	293	35
29018	340	302	38
29019	371	324	47
29020	437	384	53
29021	476	408	68
29022	258	215	43
29023	430	366	64
29024	335	301	34
29025	427	376	51
29026	366	330	36
29027	332	289	43
29028	451	400	51
29029	363	306	57
29030	501	433	68
29031	346	294	52
29032	363	302	61
29033	255	226	29
29034	257	220	37
29035	283	247	36
29036	320	290	30
29037	365	313	52
29038	404	347	57
29039	339	291	48
29040	416	369	47
29041	287	248	39
29042	403	344	59
29043	477	432	45
29044	459	408	51
30001	453	397	56
30002	378	330	48
30003	341	304	37
30004	349	305	44
30005	277	219	58
30006	299	245	54
30007	426	372	54
30008	501	444	57
30009	297	249	48
30010	369	312	57
30011	355	307	48
30012	325	271	54
30013	369	323	46
30014	246	211	35
30015	382	331	51
30016	178	155	23
30017	366	329	37
30018	485	445	40
30019	345	292	53
30020	424	375	49
30021	291	246	45
30022	551	497	54
30023	424	386	38
30024	518	471	47
30025	549	502	47
30026	242	212	30
30027	267	231	36
30028	410	373	37
30029	217	188	29
30030	166	137	29
30031	256	218	38
30032	316	278	38
31001	225	199	26
31002	206	180	26
31003	208	176	32
31004	366	336	30
31005	260	225	35
31006	184	159	25
31007	424	388	36
31008	200	171	29
31009	236	209	27
31010	230	203	27
31011	205	176	29
31012	237	209	28
31013	259	225	34
31014	227	198	29
31015	212	181	31
31016	315	295	20
31017	241	201	40
31018	242	212	30
31019	234	195	39
31020	221	187	34
31021	233	204	29
31022	222	183	39
31023	264	230	34
31024	251	210	41
31025	237	197	40
31026	273	231	42
31027	274	227	47
31028	211	181	30
31029	262	215	47
31030	196	176	20
31031	195	171	24
31032	203	179	24
31033	213	190	23
31034	247	202	45
31035	283	251	32
31036	283	244	39
31037	239	200	39
31038	192	165	27
31039	281	263	18
31040	291	259	32
31041	216	189	27
32001	601	561	40
32002	578	527	51
32003	600	568	32
32004	519	478	41
32005	567	520	47
32006	645	597	48
32007	583	527	56
32008	673	616	57
32009	484	447	37
32010	567	519	48
32011	500	473	27
32012	404	382	22
32013	574	525	49
32014	573	545	28
32015	546	496	50
32016	577	518	59
32017	561	522	39
32018	508	448	60
32019	551	515	36
32020	534	503	31
32021	579	515	64
32022	653	616	37
32023	609	539	70
32024	426	393	33
32025	545	498	47
32026	608	578	30
32027	513	463	50
32028	556	517	39
32029	607	562	45
32030	544	483	61
32031	596	546	50
32032	619	578	41
32033	569	501	68
32034	621	571	50
32035	575	529	46
32036	603	541	62
32037	534	500	34
32038	508	466	42
32039	604	519	85
32040	594	557	37
32041	595	543	52
32042	506	459	47
32043	518	480	38
33001	494	447	47
33002	633	564	69
33003	740	683	57
33004	698	647	51
33005	480	447	33
33006	445	394	51
33007	551	501	50
33008	712	639	73
33009	598	540	58
33010	497	433	64
33011	576	520	56
33012	500	453	47
33013	524	489	35
33014	281	248	33
33015	514	471	43
33016	686	603	83
33017	580	533	47
33018	712	644	68
33019	584	539	45
33020	620	569	51
33021	542	503	39
33022	496	428	68
33023	563	514	49
33024	713	629	84
33025	640	581	59
33026	439	417	22
33027	605	544	61
33028	506	480	26
34001	390	348	42
34002	290	253	37
34003	371	338	33
34004	261	226	35
34005	315	270	45
34006	410	359	51
34007	404	338	66
34008	292	261	31
34009	244	216	28
34010	350	319	31
34011	308	269	39
34012	389	349	40
34013	353	313	40
34014	273	232	41
34015	331	293	38
34016	306	277	29
34017	452	406	46
34018	274	235	39
34019	380	331	49
34020	395	356	39
34021	419	376	43
34022	369	334	35
34023	269	239	30
34024	311	277	34
34025	528	463	65
34026	390	339	51
34027	293	258	35
34028	232	208	24
34029	282	246	36
34030	326	296	30
34031	300	261	39
34032	359	322	37
34033	289	240	49
34034	380	330	50
34035	398	363	35
34036	326	290	36
34037	210	176	34
34038	167	145	22
34039	244	217	27
34040	392	338	54
34041	220	187	33
34042	340	303	37
34043	335	294	41
34044	358	319	39
34045	375	337	38
34046	248	222	26
34047	348	309	39
34048	387	347	40
34049	342	309	33
34050	286	246	40
34051	375	336	39
34052	206	185	21
34053	216	183	33
35001	477	430	47
35002	510	474	36
35003	419	405	14
35004	439	388	51
35005	419	390	29
35006	424	378	46
35007	476	451	25
35008	492	457	35
35009	391	339	52
35010	612	578	34
35011	507	458	49
35012	288	249	39
35013	286	244	42
35014	272	237	35
35015	549	508	41
35016	234	199	35
35017	508	483	25
35018	282	245	37
35019	229	202	27
35020	393	353	40
35021	395	369	26
35022	547	500	47
35023	440	396	44
35024	417	363	54
35025	540	502	38
35026	401	363	38
35027	369	332	37
35028	440	405	35
35029	375	330	45
35030	413	372	41
35031	472	421	51
36001	332	285	47
36002	323	275	48
36003	307	261	46
36004	307	268	39
36005	302	252	50
36006	298	255	43
36007	429	365	64
36008	248	218	30
36009	295	263	32
36010	436	377	59
36011	220	186	34
36012	204	177	27
36013	229	197	32
36014	348	313	35
36015	363	312	51
36016	385	327	58
36017	401	352	49
36018	375	315	60
36019	372	324	48
36020	364	307	57
36021	259	225	34
36022	277	239	38
36023	299	250	49
36024	347	296	51
36025	329	277	52
36026	357	283	74
36027	333	285	48
36028	322	268	54
36029	379	313	66
36030	341	286	55
37001	227	188	39
37002	264	221	43
37003	233	203	30
37004	254	220	34
37005	344	299	45
37006	350	312	38
37007	229	202	27
37008	241	211	30
37009	331	282	49
37010	388	333	55
37011	207	180	27
37012	243	219	24
37013	239	211	28
37014	340	284	56
37015	324	278	46
37016	343	299	44
37017	254	228	26
37018	264	230	34
37019	212	187	25
37020	258	234	24
37021	268	242	26
37022	273	245	28
37023	266	240	26
37024	335	294	41
37025	279	230	49
37026	413	359	54
37027	289	244	45
37028	274	230	44
37029	281	253	28
37030	281	249	32
37031	327	295	32
37032	279	245	34
37033	296	264	32
37034	309	263	46
37035	338	300	38
37036	294	248	46
37037	337	292	45
37038	292	253	39
37039	271	241	30
37040	318	267	51
37041	316	289	27
38001	376	331	45
38002	426	298	128
38003	361	303	58
38004	370	304	66
38005	405	328	77
38006	367	296	71
38007	358	289	69
38008	353	299	54
38009	439	353	86
38010	307	251	56
38011	344	300	44
38012	359	277	82
38013	417	336	81
38014	424	357	67
38015	345	293	52
38016	370	308	62
38017	496	405	91
38018	432	364	68
38019	454	350	104
38020	391	301	90
38021	316	273	43
38022	396	337	59
38023	402	347	55
38024	422	334	88
38025	333	290	43
38026	412	346	66
38027	389	308	81
38028	474	380	94
38029	382	317	65
38030	379	304	75
38031	406	351	55
38032	388	329	59
38033	366	300	66
38034	383	337	46
38035	398	347	51
38036	352	299	53
38037	387	336	51
38038	379	313	66
38039	416	334	82
38040	411	342	69
38041	375	333	42
39001	431	353	78
39002	368	311	57
39003	486	436	50
39004	403	332	71
39005	397	344	53
39006	392	333	59
39007	383	343	40
39008	417	359	58
39009	371	320	51
39010	211	190	21
39011	378	321	57
39012	536	487	49
39013	331	280	51
39014	471	410	61
39015	467	369	98
39016	336	299	37
39017	475	407	68
39018	422	372	50
39019	433	371	62
39020	522	443	79
39021	398	319	79
39022	333	276	57
39023	449	351	98
39024	533	451	82
39025	362	317	45
39026	409	334	75
39027	83	69	14
39028	529	479	50
39029	227	206	21
39030	505	446	59
39031	353	305	48
39032	354	286	68
39033	452	402	50
39034	461	402	59
39035	430	369	61
39036	113	99	14
39037	434	363	71
39038	267	223	44
39039	281	236	45
39040	403	332	71
39041	457	379	78
39042	452	366	86
39043	469	377	92
39044	347	293	54
39045	437	356	81
40001	377	321	56
40002	396	352	44
40003	609	564	45
40004	256	211	45
40005	503	451	52
40006	598	566	32
40007	499	452	47
40008	659	606	53
40009	357	318	39
40010	425	364	61
40011	529	494	35
40012	442	401	41
40013	795	751	44
40014	362	303	59
40015	416	361	55
40016	670	617	53
40017	389	353	36
40018	317	283	34
40019	534	472	62
40020	450	395	55
40021	557	507	50
40022	564	523	41
40023	612	558	54
40024	370	334	36
40025	601	557	44
40026	538	506	32
40027	685	626	59
40028	521	484	37
40029	456	389	67
40030	402	342	60
40031	560	513	47
40032	563	520	43
40033	514	476	38
40034	401	349	52
40035	303	251	52
40036	459	399	60
40037	423	366	57
40038	641	594	47
40039	168	144	24
41001	410	317	93
41002	429	338	91
41003	426	360	66
41004	436	350	86
41005	522	427	95
41006	513	381	132
41007	492	384	108
41008	451	356	95
41009	417	343	74
41010	492	395	97
41011	513	405	108
41012	422	347	75
41013	520	431	89
41014	498	390	108
41015	561	456	105
41016	404	314	90
41017	459	367	92
41018	409	334	75
41019	477	392	85
41020	333	248	85
41021	474	390	84
41022	509	403	106
41023	425	315	110
41024	372	286	86
41025	301	241	60
41026	445	353	92
41027	321	251	70
41028	405	329	76
41029	278	227	51
41030	428	356	72
41031	468	367	101
41032	360	288	72
41033	405	322	83
41034	394	320	74
41035	561	440	121
41036	448	362	86
41037	502	413	89
41038	418	338	80
41039	473	372	101
41040	485	375	110
41041	470	366	104
41042	420	314	106
41043	475	382	93
41044	466	365	101
41045	412	331	81
41046	463	364	99
41047	474	381	93
42001	480	410	70
42002	621	557	64
42003	599	547	52
42004	1133	993	140
42005	506	441	65
42006	540	469	71
42007	702	600	102
42008	497	457	40
42009	688	624	64
42010	783	684	99
42011	373	328	45
42012	504	434	70
42013	472	382	90
42014	727	658	69
42015	647	577	70
42016	590	520	70
42017	795	689	106
42018	645	598	47
42019	685	592	93
42020	664	579	85
42021	622	562	60
42022	296	261	35
42023	640	563	77
42024	584	505	79
42025	576	491	85
42026	800	683	117
42027	427	374	53
42028	615	545	70
42029	637	550	87
42030	481	407	74
42031	687	582	105
42032	651	593	58
42033	665	600	65
42034	488	421	67
42035	729	638	91
42036	945	846	99
42037	435	386	49
42038	559	495	64
42039	817	740	77
42040	775	683	92
42041	601	520	81
42042	991	898	93
43001	304	267	37
43002	622	570	52
43003	544	483	61
43004	675	610	65
43005	480	434	46
43006	465	432	33
43007	345	310	35
43008	416	367	49
43009	556	488	68
43010	683	594	89
43011	551	488	63
43012	407	366	41
43013	519	476	43
43014	562	490	72
43015	549	496	53
43016	674	600	74
43017	453	402	51
43018	674	588	86
43019	623	544	79
43020	626	562	64
43021	644	570	74
43022	398	357	41
43023	397	361	36
43024	422	365	57
43025	445	405	40
43026	357	323	34
43027	580	514	66
43028	691	620	71
43029	528	467	61
43030	625	573	52
43031	536	475	61
43032	562	497	65
43033	563	484	79
43034	403	358	45
43035	593	517	76
43036	318	291	27
43037	624	570	54
43038	440	371	69
43039	531	480	51
43040	422	380	42
43041	738	673	65
43042	534	474	60
43043	520	449	71
43044	560	498	62
43045	343	300	43
43046	335	301	34
44001	921	873	48
44002	594	539	55
44003	385	335	50
44004	502	451	51
44005	679	630	49
44006	753	692	61
44007	440	371	69
44008	856	799	57
44009	579	540	39
44010	620	570	50
44011	631	586	45
44012	618	565	53
44013	503	460	43
44014	556	510	46
44015	518	465	53
44016	697	633	64
44017	807	731	76
44018	659	584	75
44019	749	691	58
44020	644	608	36
44021	777	729	48
44022	641	582	59
44023	602	560	42
44024	446	402	44
44025	602	555	47
44026	719	663	56
44027	734	664	70
44028	557	515	42
44029	662	605	57
44030	737	681	56
44031	510	467	43
44032	668	615	53
44033	625	583	42
44034	648	601	47
44035	721	638	83
44036	645	607	38
44037	645	603	42
44038	607	557	50
44039	661	607	54
44040	584	515	69
44041	747	685	62
45001	376	330	46
45002	441	403	38
45003	412	359	53
45004	539	475	64
45005	449	393	56
45006	606	548	58
45007	649	578	71
45008	451	399	52
45009	410	345	65
45010	431	371	60
45011	309	277	32
45012	412	354	58
45013	390	335	55
45014	516	453	63
45015	537	492	45
45016	365	322	43
45017	506	429	77
45018	450	370	80
45019	222	196	26
45020	308	263	45
45021	393	325	68
45022	376	321	55
45023	366	309	57
45024	314	267	47
45025	269	225	44
45026	229	167	62
45027	403	315	88
45028	341	286	55
45029	290	239	51
45030	371	331	40
45031	341	297	44
45032	356	307	49
45033	314	278	36
45034	422	368	54
45035	483	421	62
45036	456	382	74
45037	422	338	84
45038	378	332	46
45039	408	341	67
45040	410	337	73
45041	391	323	68
45042	394	325	69
45043	424	343	81
45044	419	344	75
45045	298	242	56
45046	309	254	55
45047	296	245	51
45048	344	286	58
46001	418	375	43
46002	518	475	43
46003	684	623	61
46004	515	479	36
46005	745	694	51
46006	424	369	55
46007	574	501	73
46008	351	311	40
46009	617	575	42
46010	905	848	57
46011	513	456	57
46012	613	572	41
46013	537	497	40
46014	489	413	76
46015	570	517	53
46016	633	590	43
46017	626	574	52
46018	602	549	53
46019	383	358	25
46020	443	392	51
46021	344	315	29
46022	427	389	38
46023	429	391	38
46024	650	595	55
46025	518	470	48
46026	634	596	38
46027	731	684	47
46028	549	482	67
46029	426	386	40
46030	563	517	46
46031	555	514	41
46032	515	450	65
46033	679	624	55
46034	656	600	56
46035	528	468	60
46036	549	491	58
46037	470	435	35
46038	555	506	49
46039	542	490	52
46040	459	426	33
47001	385	358	27
47002	589	528	61
47003	550	485	65
47004	602	552	50
47005	605	560	45
47006	694	644	50
47007	506	471	35
47008	553	506	47
47009	543	491	52
47010	732	693	39
47011	569	513	56
47012	623	580	43
47013	559	511	48
47014	518	481	37
47015	685	649	36
47016	566	507	59
47017	555	515	40
47018	550	500	50
47019	713	682	31
47020	553	500	53
47021	521	478	43
47022	590	542	48
47023	643	603	40
47024	603	546	57
47025	675	613	62
47026	749	702	47
47027	535	501	34
47028	521	475	46
47029	626	573	53
47030	681	628	53
47031	557	511	46
47032	695	653	42
47033	542	488	54
47034	576	523	53
47035	603	545	58
47036	649	607	42
47037	556	507	49
47038	561	519	42
47039	586	549	37
47040	575	533	42
47041	653	607	46
47042	609	566	43
47043	544	493	51
47044	529	493	36
47045	564	521	43
47046	547	517	30
47047	653	585	68
47048	42	30	12
48001	503	471	32
48002	257	211	46
48003	585	542	43
48004	515	483	32
48005	316	277	39
48006	642	583	59
48007	553	510	43
48008	295	268	27
48009	332	286	46
48010	787	733	54
48011	481	447	34
48012	653	603	50
48013	646	578	68
48014	253	222	31
48015	361	327	34
48016	533	496	37
48017	474	439	35
48018	332	304	28
48019	360	334	26
48020	617	569	48
48021	657	604	53
48022	442	401	41
48023	516	445	71
48024	586	515	71
48025	495	448	47
48026	263	241	22
48027	761	715	46
48028	517	453	64
48029	243	215	28
48030	486	457	29
48031	642	574	68
48032	494	452	42
48033	298	263	35
48034	470	429	41
48035	324	286	38
48036	303	270	33
48037	562	516	46
48038	545	487	58
48039	420	367	53
48040	490	451	39
48041	676	627	49
48042	635	600	35
48043	548	495	53
48044	670	637	33
48045	419	388	31
48046	335	295	40
49001	318	275	43
49002	366	347	19
49003	580	534	46
49004	662	610	52
49005	517	471	46
49006	504	470	34
49007	567	521	46
49008	410	373	37
49009	574	531	43
49010	500	452	48
49011	614	577	37
49012	739	705	34
49013	591	537	54
49014	431	398	33
49015	367	331	36
49016	511	464	47
49017	333	309	24
49018	709	657	52
49019	480	443	37
49020	773	723	50
49021	287	255	32
49022	497	436	61
49023	716	677	39
49024	420	374	46
49025	713	663	50
49026	590	541	49
49027	595	556	39
49028	715	661	54
49029	658	629	29
49030	587	545	42
49031	423	385	38
49032	504	455	49
49033	428	396	32
50001	351	287	64
50002	250	205	45
50003	344	278	66
50004	405	352	53
50005	258	196	62
50006	432	383	49
50007	460	399	61
50008	367	329	38
50009	329	276	53
50010	328	265	63
50011	238	171	67
50012	148	124	24
50013	407	368	39
50014	131	105	26
50015	462	412	50
50016	113	91	22
50017	328	280	48
50018	84	69	15
50019	240	199	41
50020	386	341	45
50021	347	300	47
50022	291	239	52
50023	233	186	47
50024	274	196	78
50025	315	246	69
50026	307	260	47
50027	111	89	22
50028	359	295	64
50029	313	259	54
50030	241	211	30
50031	437	404	33
50032	364	324	40
50033	304	235	69
50034	540	461	79
50035	490	441	49
50036	359	295	64
50037	420	376	44
50038	173	148	25
50039	203	169	34
50040	353	250	103
