Precinct	total_votes	votes|Yes	votes|No
01001	243	229	14
01002	183	167	16
01003	274	262	12
01004	257	249	8
01005	236	230	6
01006	225	210	15
01007	172	165	7
01008	212	192	20
01009	210	193	17
01010	251	242	9
01011	247	238	9
01012	308	294	14
01013	119	113	6
01014	238	232	6
01015	243	235	8
01016	252	238	14
01017	224	214	10
01018	261	249	12
01019	278	265	13
01020	208	199	9
01021	258	253	5
01022	173	161	12
01023	365	348	17
01024	210	199	11
01025	214	202	12
01026	153	143	10
01027	248	243	5
01028	75	58	17
01029	263	249	14
01030	283	261	22
01031	258	241	17
01032	233	215	18
01033	278	268	10
01034	226	219	7
01035	296	286	10
01036	241	229	12
01037	251	234	17
01038	220	201	19
01039	212	202	10
01040	251	232	19
01041	168	159	9
01042	73	70	3
01043	149	145	4
01044	225	213	12
02001	247	237	10
02002	228	215	13
02003	299	288	11
02004	204	193	11
02005	286	280	6
02006	187	177	10
02007	226	206	20
02008	251	243	8
02009	167	160	7
02010	255	243	12
02011	300	287	13
02012	248	235	13
02013	240	233	7
02014	299	282	17
02015	242	223	19
02016	213	203	10
02017	320	312	8
02018	256	238	18
02019	213	192	21
02020	210	196	14
02021	266	249	17
02022	257	251	6
02023	219	214	5
02024	242	233	9
02025	247	237	10
02026	197	186	11
02027	235	219	16
02028	260	251	9
02029	252	240	12
02030	223	211	12
02031	343	331	12
02032	197	189	8
02033	426	406	20
02034	280	272	8
02035	241	229	12
02036	222	213	9
02037	256	245	11
02038	237	218	19
02039	188	169	19
02040	248	236	12
02041	166	162	4
02042	217	200	17
02043	245	237	8
02044	161	153	8
02045	256	241	15
02046	142	130	12
03001	339	312	27
03002	394	369	25
03003	232	220	12
03004	314	299	15
03005	135	122	13
03006	322	315	7
03007	227	207	20
03008	187	172	15
03009	274	255	19
03010	113	102	11
03011	254	234	20
03012	326	301	25
03013	345	336	9
03014	247	233	14
03015	227	201	26
03016	230	210	20
03017	273	262	11
03018	329	311	18
03019	288	279	9
03020	275	251	24
03021	341	328	13
03022	305	285	20
03023	221	195	26
03024	230	204	26
03025	437	421	16
03026	399	382	17
03027	322	304	18
03028	186	164	22
03029	256	225	31
03030	254	237	17
03031	287	263	24
03032	301	289	12
03033	272	256	16
03034	329	301	28
03035	101	91	10
03036	134	121	13
03037	207	186	21
03038	277	249	28
03039	359	356	3
03040	298	274	24
03041	252	231	21
04001	399	385	14
04002	331	315	16
04003	242	217	25
04004	379	345	34
04005	315	294	21
04006	378	356	22
04007	412	388	24
04008	349	332	17
04009	422	400	22
04010	373	357	16
04011	265	242	23
04012	316	292	24
04013	210	198	12
04014	323	301	22
04015	354	323	31
04016	358	347	11
04017	356	342	14
04018	305	273	32
04019	194	174	20
04020	299	285	14
04021	282	265	17
04022	309	291	18
04023	435	419	16
04024	288	273	15
04025	302	294	8
04026	268	243	25
04027	376	361	15
04028	249	235	14
04029	250	233	17
04030	329	297	32
04031	391	375	16
04032	318	288	30
04033	303	290	13
04034	278	255	23
04035	359	346	13
04036	341	323	18
04037	410	394	16
04038	356	339	17
05001	217	196	21
05002	163	153	10
05003	301	287	14
05004	339	317	22
05005	230	209	21
05006	223	205	18
05007	290	279	11
05008	339	332	7
05009	353	337	16
05010	206	185	21
05011	361	341	20
05012	177	164	13
05013	212	199	13
05014	278	268	10
05015	249	230	19
05016	225	207	18
05017	204	185	19
05018	283	270	13
05019	333	319	14
05020	358	348	10
05021	287	280	7
05022	388	382	6
05023	503	480	23
05024	320	308	12
05025	296	282	14
05026	283	268	15
05027	276	267	9
05028	323	307	16
05029	284	262	22
05030	174	156	18
05031	207	193	14
05032	356	344	12
05033	299	283	16
05034	324	316	8
05035	345	329	16
05036	142	133	9
05037	352	342	10
05038	249	223	26
05039	278	264	14
05040	208	188	20
05041	205	203	2
06001	281	271	10
06002	251	241	10
06003	275	252	23
06004	149	137	12
06005	129	109	20
06006	257	247	10
06007	216	186	30
06008	232	225	7
06009	162	142	20
06010	120	112	8
06011	180	162	18
06012	135	124	11
06013	171	159	12
06014	216	196	20
06015	141	118	23
06016	260	238	22
06017	144	126	18
06018	116	99	17
06019	184	165	19
06020	110	98	12
06021	100	85	15
06022	122	110	12
06023	88	76	12
06024	118	94	24
06025	108	97	11
06026	135	128	7
06027	109	101	8
06028	96	86	10
06029	280	266	14
06030	163	147	16
06031	286	264	22
06032	215	198	17
06033	244	223	21
06034	243	224	19
06035	220	200	20
06036	296	275	21
06037	285	262	23
06038	270	257	13
06039	181	157	24
06040	206	192	14
06041	236	216	20
06042	194	179	15
06043	200	184	16
06044	196	179	17
06045	244	229	15
06046	145	130	15
06047	170	154	16
06048	214	199	15
07001	193	170	23
07002	177	159	18
07003	261	244	17
07004	231	210	21
07005	177	164	13
07006	268	252	16
07007	174	158	16
07008	164	152	12
07009	393	364	29
07010	237	230	7
07011	178	165	13
07012	179	164	15
07013	154	141	13
07014	211	198	13
07015	227	211	16
07016	166	150	16
07017	160	150	10
07018	170	157	13
07019	219	196	23
07020	139	128	11
07021	157	142	15
07022	170	156	14
07023	261	242	19
07024	181	169	12
07025	134	118	16
07026	178	166	12
07027	179	165	14
07028	133	125	8
07029	164	147	17
07030	143	124	19
07031	115	109	6
07032	360	333	27
07033	343	324	19
07034	276	259	17
07035	214	192	22
07036	280	257	23
07037	226	213	13
07038	187	170	17
07039	202	190	12
07040	182	174	8
07041	190	172	18
07042	205	195	10
07043	204	186	18
07044	158	145	13
07045	162	142	20
07046	117	105	12
08001	184	161	23
08002	202	184	18
08003	302	283	19
08004	280	263	17
08005	297	275	22
08006	246	233	13
08007	288	270	18
08008	283	269	14
08009	169	157	12
08010	359	342	17
08011	203	194	9
08012	192	182	10
08013	236	215	21
08014	138	117	21
08015	207	184	23
08016	65	60	5
08017	225	210	15
08018	166	143	23
08019	295	277	18
08020	278	258	20
08021	289	266	23
08022	219	207	12
08023	189	173	16
08024	175	161	14
08025	206	191	15
08026	202	182	20
08027	276	263	13
08028	241	226	15
08029	290	259	31
08030	238	223	15
08031	183	166	17
08032	174	162	12
08033	224	204	20
08034	229	213	16
08035	263	245	18
08036	240	233	7
08037	232	224	8
08038	136	125	11
08039	230	214	16
08040	189	177	12
08041	238	223	15
08042	276	250	26
08043	110	100	10
08044	150	142	8
08045	178	164	14
08046	166	152	14
08047	187	174	13
08048	199	185	14
08049	222	204	18
08050	250	235	15
08051	272	259	13
08052	327	309	18
08053	121	117	4
08054	141	127	14
08055	204	187	17
08056	265	248	17
09001	215	191	24
09002	190	164	26
09003	128	112	16
09004	151	142	9
09005	221	207	14
09006	189	167	22
09007	155	135	20
09008	187	166	21
09009	251	231	20
09010	158	147	11
09011	164	152	12
09012	278	251	27
09013	267	249	18
09014	278	255	23
09015	126	106	20
09016	194	175	19
09017	133	121	12
09018	145	126	19
09019	194	174	20
09020	232	210	22
09021	181	165	16
09022	244	230	14
09023	278	266	12
09024	224	210	14
09025	217	202	15
09026	148	129	19
09027	177	158	19
09028	119	103	16
09029	162	143	19
09030	157	138	19
09031	147	134	13
09032	217	197	20
09033	146	133	13
09034	154	137	17
09035	225	208	17
09036	180	162	18
09037	326	296	30
09038	196	172	24
09039	233	213	20
09040	267	243	24
09041	154	140	14
09042	244	232	12
09043	167	143	24
09044	197	189	8
09045	150	138	12
09046	221	206	15
09047	268	250	18
09048	234	221	13
09049	228	213	15
09050	350	326	24
09051	237	219	18
10001	147	132	15
10002	198	160	38
10003	172	150	22
10004	130	117	13
10005	142	120	22
10006	126	111	15
10007	104	89	15
10008	79	70	9
10009	161	144	17
10010	193	168	25
10011	180	159	21
10012	109	98	11
10013	159	139	20
10014	200	178	22
10015	429	390	39
10016	124	103	21
10017	237	197	40
10018	99	86	13
10019	169	133	36
10020	181	157	24
10021	144	119	25
10022	88	76	12
10023	130	111	19
10024	184	142	42
10025	58	51	7
10026	116	98	18
10027	153	125	28
10028	180	155	25
10029	132	121	11
10030	141	126	15
10031	107	93	14
10032	159	140	19
10033	121	109	12
10034	88	80	8
10035	204	177	27
10036	45	42	3
11001	255	233	22
11002	18	14	4
11003	213	194	19
11004	234	213	21
11005	305	281	24
11006	303	292	11
11007	202	194	8
11008	211	187	24
11009	204	178	26
11010	220	203	17
11011	267	251	16
11012	349	294	55
11013	309	267	42
11014	98	87	11
11015	109	99	10
11016	185	165	20
11017	300	278	22
11018	214	193	21
11019	308	272	36
11020	176	160	16
11021	378	340	38
11022	287	258	29
11023	176	155	21
11024	376	335	41
11025	280	261	19
11026	335	308	27
11027	89	78	11
11028	107	89	18
11029	344	300	44
11030	129	111	18
11031	266	213	53
11032	138	121	17
11033	234	221	13
11034	108	95	13
11035	54	46	8
11036	97	89	8
11037	69	65	4
11038	124	120	4
12001	243	207	36
12002	165	141	24
12003	320	288	32
12004	257	220	37
12005	218	189	29
12006	197	173	24
12007	168	145	23
12008	248	211	37
12009	189	160	29
12010	213	192	21
12011	194	171	23
12012	190	159	31
12013	210	183	27
12014	164	135	29
12015	168	146	22
12016	150	123	27
12017	200	176	24
12018	138	125	13
12019	185	164	21
12020	219	186	33
12021	207	185	22
12022	151	129	22
12023	235	211	24
13001	212	190	22
13002	225	193	32
13003	172	161	11
13004	240	199	41
13005	238	212	26
13006	251	219	32
13007	148	134	14
13008	179	151	28
13009	177	154	23
13010	223	184	39
13011	254	217	37
13012	178	158	20
13013	218	194	24
13014	183	150	33
13015	309	287	22
13016	128	120	8
13017	192	166	26
13018	177	151	26
13019	164	151	13
13020	137	113	24
13021	254	212	42
13022	248	216	32
13023	152	133	19
13024	213	183	30
13025	197	169	28
13026	194	155	39
13027	219	191	28
13028	168	145	23
13029	156	140	16
13030	175	162	13
13031	254	215	39
13032	195	173	22
13033	252	215	37
13034	307	281	26
13035	224	202	22
13036	122	97	25
13037	263	226	37
13038	223	195	28
13039	210	181	29
13040	222	197	25
13041	202	185	17
13042	245	213	32
13043	250	209	41
13044	240	221	19
13045	279	232	47
13046	234	209	25
13047	216	196	20
13048	221	185	36
14001	292	250	42
14002	263	237	26
14003	151	135	16
14004	307	254	53
14005	257	228	29
14006	94	80	14
14007	211	186	25
14008	210	183	27
14009	291	250	41
14010	146	127	19
14011	110	99	11
14012	227	204	23
14013	191	173	18
14014	215	196	19
14015	199	176	23
14016	157	131	26
14017	170	151	19
14018	101	85	16
14019	205	181	24
14020	140	123	17
14021	206	176	30
14022	278	245	33
14023	189	156	33
14024	319	278	41
14025	128	113	15
14026	150	129	21
14027	204	185	19
14028	139	123	16
14029	191	168	23
14030	113	99	14
14031	100	91	9
15001	178	156	22
15002	111	101	10
15003	127	116	11
15004	185	165	20
15005	148	136	12
15006	166	143	23
15007	130	121	9
15008	165	142	23
15009	228	200	28
15010	220	189	31
15011	192	172	20
15012	199	170	29
15013	180	161	19
15014	138	124	14
15015	121	111	10
15016	192	168	24
15017	146	135	11
15018	99	84	15
15019	174	159	15
15020	111	101	10
15021	124	104	20
15022	111	104	7
15023	137	116	21
15024	107	90	17
16001	201	183	18
16002	148	133	15
16003	114	102	12
16004	130	108	22
16005	115	97	18
16006	137	121	16
16007	137	126	11
16008	94	79	15
16009	160	138	22
16010	116	107	9
16011	116	98	18
16012	104	91	13
16013	123	109	14
16014	104	91	13
16015	168	147	21
16016	133	119	14
16017	144	127	17
16018	133	114	19
16019	116	104	12
16020	123	109	14
16021	121	112	9
16022	112	99	13
16023	135	125	10
16024	80	72	8
16025	180	155	25
16026	132	120	12
16027	133	112	21
16028	149	133	16
16029	117	105	12
16030	111	103	8
16031	170	153	17
16032	159	139	20
16033	126	104	22
16034	109	96	13
16035	188	173	15
16036	109	102	7
17001	168	150	18
17002	171	152	19
17003	177	153	24
17004	244	220	24
17005	148	128	20
17006	156	144	12
17007	119	109	10
17008	129	117	12
17009	154	138	16
17010	259	232	27
17011	124	106	18
17012	218	194	24
17013	154	135	19
17014	189	171	18
17015	195	179	16
17016	144	134	10
17017	174	151	23
17018	230	210	20
17019	108	95	13
17020	273	251	22
17021	287	260	27
17022	170	159	11
17023	130	118	12
17024	220	197	23
17025	123	111	12
17026	208	190	18
17027	192	172	20
17028	149	138	11
17029	180	162	18
17030	119	109	10
17031	101	85	16
17032	129	112	17
17033	100	91	9
17034	128	109	19
17035	127	113	14
17036	176	149	27
17037	159	147	12
17038	165	150	15
17039	189	171	18
17040	228	203	25
17041	260	241	19
18001	155	139	16
18002	166	145	21
18003	167	145	22
18004	267	252	15
18005	133	119	14
18006	179	161	18
18007	194	183	11
18008	221	195	26
18009	253	238	15
18010	318	300	18
18011	177	171	6
18012	200	185	15
18013	242	223	19
18014	221	205	16
18015	241	207	34
18016	209	192	17
18017	212	194	18
18018	215	195	20
18019	239	215	24
18020	174	162	12
18021	273	258	15
18022	282	265	17
18023	180	164	16
18024	181	160	21
18025	179	159	20
18026	287	269	18
18027	158	144	14
18028	180	160	20
18029	233	212	21
18030	205	175	30
18031	206	187	19
18032	250	229	21
18033	166	151	15
18034	291	266	25
18035	292	275	17
18036	215	202	13
18037	262	241	21
18038	206	186	20
18039	160	146	14
18040	240	222	18
18041	268	246	22
18042	152	142	10
18043	145	115	30
18044	198	169	29
18045	161	144	17
18046	229	204	25
18047	146	133	13
18048	156	146	10
18049	134	122	12
18050	146	138	8
19001	286	239	47
19002	420	396	24
19003	208	177	31
19004	324	270	54
19005	357	337	20
19006	309	261	48
19007	278	237	41
19008	285	230	55
19009	235	194	41
19010	417	392	25
19011	259	196	63
19012	248	199	49
19013	363	337	26
19014	325	301	24
19015	334	257	77
19016	301	240	61
19017	261	218	43
19018	290	264	26
19019	408	378	30
19020	268	252	16
19021	272	213	59
19022	342	307	35
19023	307	268	39
19024	231	184	47
19025	317	284	33
19026	348	306	42
19027	300	280	20
19028	316	298	18
19029	251	202	49
19030	259	218	41
19031	304	269	35
19032	267	236	31
19033	283	222	61
19034	301	276	25
19035	314	285	29
19036	357	339	18
19037	312	295	17
19038	280	256	24
19039	75	67	8
19040	316	290	26
19041	254	192	62
19042	240	219	21
19043	372	344	28
19044	278	231	47
19045	317	268	49
19046	339	299	40
19047	447	410	37
19048	299	275	24
19049	398	366	32
19050	221	197	24
19051	372	337	35
19052	293	234	59
19053	290	256	34
19054	225	171	54
19055	230	186	44
19056	353	322	31
19057	271	245	26
20001	218	197	21
20002	74	63	11
20003	173	155	18
20004	71	64	7
20005	233	217	16
20006	79	64	15
20007	179	165	14
20008	209	194	15
20009	280	264	16
20010	150	132	18
20011	229	216	13
20012	114	104	10
20013	204	186	18
20014	119	107	12
20015	137	122	15
20016	220	205	15
20017	99	91	8
20018	147	127	20
20019	156	138	18
20020	122	114	8
20021	116	102	14
20022	264	250	14
20023	195	181	14
20024	208	194	14
20025	136	114	22
20026	244	222	22
20027	94	84	10
20028	128	123	5
20029	263	238	25
20030	90	82	8
20031	210	194	16
20032	145	129	16
20033	153	145	8
20034	269	249	20
20035	77	65	12
20036	61	54	7
20037	60	54	6
20038	60	55	5
20039	20	16	4
21001	248	228	20
21002	155	132	23
21003	250	223	27
21004	204	185	19
21005	272	247	25
21006	168	150	18
21007	242	229	13
21008	232	215	17
21009	260	239	21
21010	197	176	21
21011	198	185	13
21012	184	165	19
21013	208	183	25
21014	287	265	22
21015	180	166	14
21016	199	181	18
21017	171	154	17
21018	245	218	27
21019	237	217	20
21020	176	162	14
21021	191	176	15
21022	202	185	17
21023	195	175	20
21024	232	214	18
21025	209	193	16
21026	196	178	18
21027	204	189	15
21028	266	240	26
21029	229	214	15
21030	176	154	22
21031	189	178	11
21032	206	182	24
21033	196	175	21
21034	191	172	19
21035	264	245	19
21036	215	199	16
21037	197	164	33
21038	185	171	14
21039	146	132	14
21040	193	179	14
21041	219	199	20
21042	246	223	23
21043	220	199	21
21044	224	210	14
21045	181	165	16
21046	230	207	23
21047	185	177	8
21048	202	189	13
21049	258	236	22
21050	175	157	18
21051	207	192	15
21052	223	205	18
21053	172	155	17
21054	202	183	19
22001	133	121	12
22002	270	233	37
22003	260	216	44
22004	144	127	17
22005	154	135	19
22006	165	147	18
22007	136	126	10
22008	281	257	24
22009	131	107	24
22010	235	213	22
22011	152	131	21
22012	217	184	33
22013	185	164	21
22014	154	130	24
22015	136	119	17
22016	138	115	23
22017	200	170	30
22018	150	130	20
22019	71	65	6
22020	168	142	26
22021	175	156	19
22022	146	116	30
22023	277	250	27
22024	192	173	19
22025	179	151	28
23001	244	203	41
23002	218	191	27
23003	230	190	40
23004	257	212	45
23005	185	169	16
23006	179	166	13
23007	165	147	18
23008	237	213	24
23009	180	157	23
23010	215	180	35
23011	191	171	20
23012	241	197	44
23013	150	131	19
23014	210	176	34
23015	156	141	15
23016	246	216	30
23017	104	91	13
23018	191	158	33
23019	156	143	13
23020	110	89	21
23021	265	231	34
23022	212	185	27
23023	237	203	34
23024	168	155	13
23025	171	147	24
23026	205	186	19
23027	225	192	33
23028	212	176	36
23029	189	165	24
23030	226	191	35
23031	150	129	21
23032	185	164	21
23033	192	176	16
23034	188	168	20
23035	169	135	34
23036	217	174	43
23037	248	203	45
23038	194	168	26
23039	177	155	22
24001	135	126	9
24002	134	127	7
24003	134	120	14
24004	110	99	11
24005	79	66	13
24006	153	136	17
24007	100	89	11
24008	68	56	12
24009	124	112	12
24010	73	65	8
24011	142	128	14
24012	79	72	7
24013	61	54	7
24014	119	102	17
24015	64	58	6
24016	240	198	42
24017	130	116	14
24018	168	158	10
24019	187	175	12
24020	117	105	12
24021	64	56	8
24022	184	160	24
24023	116	104	12
24024	168	142	26
24025	125	115	10
24026	242	219	23
24027	170	155	15
24028	112	106	6
24029	128	114	14
24030	95	86	9
24031	154	137	17
24032	77	68	9
24033	84	69	15
24034	137	124	13
24035	121	109	12
24036	183	166	17
24037	83	73	10
24038	135	124	11
24039	189	174	15
24040	153	140	13
24041	115	100	15
25001	225	211	14
25002	246	226	20
25003	255	243	12
25004	181	168	13
25005	258	235	23
25006	79	69	10
25007	239	221	18
25008	252	234	18
25009	201	183	18
25010	258	252	6
25011	256	226	30
25012	237	218	19
25013	252	231	21
25014	122	114	8
25015	191	169	22
25016	228	219	9
25017	289	266	23
25018	107	95	12
25019	259	232	27
25020	129	117	12
25021	362	340	22
25022	219	198	21
25023	287	260	27
25024	235	209	26
25025	205	193	12
25026	214	192	22
25027	220	210	10
25028	267	245	22
25029	194	171	23
25030	223	204	19
25031	243	232	11
25032	206	179	27
26001	201	194	7
26002	178	166	12
26003	211	200	11
26004	98	90	8
26005	173	158	15
26006	140	120	20
26007	179	173	6
26008	91	81	10
26009	161	143	18
26010	164	151	13
26011	171	151	20
26012	184	164	20
26013	80	71	9
26014	132	125	7
26015	78	67	11
26016	82	71	11
26017	140	133	7
26018	107	102	5
26019	96	80	16
26020	163	153	10
26021	186	170	16
26022	78	69	9
26023	101	92	9
26024	155	138	17
26025	153	143	10
26026	112	102	10
26027	225	210	15
26028	259	247	12
26029	109	99	10
26030	137	134	3
26031	90	79	11
26032	199	187	12
26033	192	179	13
26034	226	207	19
26035	174	150	24
26036	146	139	7
26037	165	154	11
26038	67	56	11
26039	185	176	9
26040	108	98	10
26041	181	166	15
26042	137	123	14
26043	81	75	6
26044	102	91	11
26045	54	46	8
26046	114	110	4
26047	96	88	8
26048	160	152	8
26049	76	68	8
27001	221	209	12
27002	195	174	21
27003	114	95	19
27004	110	98	12
27005	150	122	28
27006	176	164	12
27007	270	259	11
27008	122	107	15
27009	94	82	12
27010	227	197	30
27011	182	172	10
27012	119	117	2
27013	315	293	22
27014	95	80	15
27015	85	80	5
27016	146	136	10
27017	175	158	17
27018	137	120	17
27019	79	72	7
27020	93	79	14
27021	175	170	5
27022	112	98	14
27023	147	131	16
27024	103	92	11
27025	182	167	15
27026	157	138	19
27027	192	176	16
27028	108	100	8
27029	103	98	5
27030	96	88	8
27031	154	135	19
27032	163	150	13
27033	183	173	10
27034	135	114	21
27035	213	206	7
27036	151	142	9
27037	227	210	17
27038	346	323	23
27039	154	144	10
27040	251	228	23
27041	177	163	14
27042	142	136	6
27043	121	111	10
27044	120	104	16
27045	274	262	12
27046	138	132	6
27047	158	140	18
27048	269	247	22
27049	135	120	15
27050	171	149	22
28001	102	92	10
28002	138	125	13
28003	125	110	15
28004	123	114	9
28005	106	95	11
28006	116	110	6
28007	132	117	15
28008	143	136	7
28009	147	133	14
28010	227	212	15
28011	268	241	27
28012	150	128	22
28013	169	150	19
28014	148	137	11
28015	42	32	10
28016	93	87	6
28017	120	114	6
28018	129	112	17
28019	158	147	11
28020	143	130	13
28021	132	121	11
28022	137	131	6
28023	158	151	7
28024	128	109	19
28025	231	213	18
28026	166	138	28
28027	182	174	8
28028	229	214	15
28029	73	65	8
28030	38	37	1
28031	256	235	21
28032	140	121	19
28033	167	149	18
28034	217	202	15
28035	162	150	12
28036	79	69	10
28037	187	164	23
28038	63	52	11
28039	93	81	12
28040	194	175	19
28041	123	111	12
28042	161	142	19
28043	174	153	21
28044	106	95	11
28045	145	143	2
28046	282	258	24
29001	344	322	22
29002	298	263	35
29003	198	182	16
29004	258	231	27
29005	144	127	17
29006	167	147	20
29007	255	231	24
29008	137	125	12
29009	285	256	29
29010	328	305	23
29011	126	111	15
29012	266	248	18
29013	215	190	25
29014	199	180	19
29015	258	233	25
29016	232	214	18
29017	211	199	12
29018	216	196	20
29019	229	214	15
29020	250	229	21
29021	228	198	30
29022	183	158	25
29023	241	211	30
29024	206	184	22
29025	263	244	19
29026	236	225	11
29027	187	171	16
29028	257	233	24
29029	202	177	25
29030	298	277	21
29031	180	154	26
29032	150	128	22
29033	186	165	21
29034	114	103	11
29035	150	140	10
29036	194	182	12
29037	212	182	30
29038	182	150	32
29039	198	176	22
29040	244	221	23
29041	149	138	11
29042	215	199	16
29043	301	278	23
29044	262	245	17
30001	225	206	19
30002	157	141	16
30003	166	157	9
30004	169	152	17
30005	93	85	8
30006	144	133	11
30007	205	193	12
30008	256	227	29
30009	145	122	23
30010	165	140	25
30011	132	118	14
30012	122	108	14
30013	154	146	8
30014	97	83	14
30015	253	233	20
30016	75	62	13
30017	198	178	20
30018	207	193	14
30019	162	138	24
30020	198	179	19
30021	147	130	17
30022	251	225	26
30023	190	171	19
30024	241	221	20
30025	276	259	17
30026	128	118	10
30027	107	99	8
30028	237	221	16
30029	88	80	8
30030	56	51	5
30031	128	113	15
30032	174	163	11
31001	98	88	10
31002	100	91	9
31003	108	93	15
31004	205	193	12
31005	151	140	11
31006	90	77	13
31007	220	211	9
31008	101	96	5
31009	121	109	12
31010	104	95	9
31011	101	83	18
31012	97	86	11
31013	140	121	19
31014	119	108	11
31015	121	112	9
31016	193	179	14
31017	112	101	11
31018	115	103	12
31019	106	96	10
31020	111	97	14
31021	112	94	18
31022	95	86	9
31023	122	110	12
31024	156	141	15
31025	111	98	13
31026	139	120	19
31027	140	127	13
31028	99	91	8
31029	136	119	17
31030	90	83	7
31031	114	105	9
31032	78	66	12
31033	107	98	9
31034	126	112	14
31035	116	104	12
31036	141	128	13
31037	121	114	7
31038	92	87	5
31039	147	136	11
31040	133	120	13
31041	112	98	14
32001	281	267	14
32002	251	243	8
32003	321	313	8
32004	252	235	17
32005	252	241	11
32006	269	258	11
32007	243	236	7
32008	240	229	11
32009	242	231	11
32010	268	253	15
32011	306	300	6
32012	229	219	10
32013	235	224	11
32014	293	284	9
32015	256	235	21
32016	265	253	12
32017	312	299	13
32018	224	219	5
32019	222	217	5
32020	300	282	18
32021	292	275	17
32022	393	371	22
32023	240	233	7
32024	165	154	11
32025	256	243	13
32026	329	306	23
32027	228	214	14
32028	290	279	11
32029	285	268	17
32030	203	194	9
32031	269	255	14
32032	259	249	10
32033	280	265	15
32034	253	244	9
32035	225	219	6
32036	273	265	8
32037	220	215	5
32038	234	225	9
32039	268	260	8
32040	282	271	11
32041	270	259	11
32042	221	212	9
32043	245	236	9
33001	279	261	18
33002	380	350	30
33003	379	361	18
33004	334	309	25
33005	199	187	12
33006	236	222	14
33007	289	275	14
33008	456	438	18
33009	324	298	26
33010	259	244	15
33011	291	274	17
33012	255	231	24
33013	248	228	20
33014	127	116	11
33015	317	306	11
33016	371	352	19
33017	299	277	22
33018	328	311	17
33019	254	236	18
33020	296	284	12
33021	308	292	16
33022	293	273	20
33023	319	303	16
33024	481	467	14
33025	328	313	15
33026	201	194	7
33027	271	264	7
33028	271	255	16
34001	257	233	24
34002	196	180	16
34003	189	169	20
34004	145	129	16
34005	182	168	14
34006	243	224	19
34007	247	228	19
34008	172	147	25
34009	158	144	14
34010	223	203	20
34011	156	141	15
34012	218	194	24
34013	224	211	13
34014	162	140	22
34015	159	141	18
34016	175	160	15
34017	276	250	26
34018	158	138	20
34019	208	190	18
34020	275	258	17
34021	290	271	19
34022	228	207	21
34023	171	156	15
34024	183	166	17
34025	340	310	30
34026	248	220	28
34027	187	170	17
34028	112	91	21
34029	170	154	16
34030	248	230	18
34031	160	140	20
34032	189	172	17
34033	171	156	15
34034	241	218	23
34035	224	212	12
34036	212	190	22
34037	116	107	9
34038	86	72	14
34039	137	126	11
34040	219	194	25
34041	140	123	17
34042	250	236	14
34043	234	211	23
34044	245	224	21
34045	228	194	34
34046	159	151	8
34047	180	163	17
34048	272	257	15
34049	232	219	13
34050	156	140	16
34051	258	249	9
34052	180	165	15
34053	112	96	16
35001	237	223	14
35002	317	300	17
35003	220	206	14
35004	219	207	12
35005	204	193	11
35006	217	205	12
35007	241	228	13
35008	248	231	17
35009	212	200	12
35010	339	323	16
35011	249	239	10
35012	143	132	11
35013	130	117	13
35014	149	129	20
35015	263	245	18
35016	120	107	13
35017	240	225	15
35018	150	132	18
35019	102	89	13
35020	182	169	13
35021	218	203	15
35022	261	254	7
35023	251	232	19
35024	196	180	16
35025	257	244	13
35026	198	183	15
35027	207	185	22
35028	210	194	16
35029	163	154	9
35030	180	168	12
35031	270	254	16
36001	165	150	15
36002	145	125	20
36003	156	137	19
36004	124	110	14
36005	142	129	13
36006	135	116	19
36007	262	236	26
36008	127	114	13
36009	135	122	13
36010	198	180	18
36011	101	94	7
36012	87	79	8
36013	97	88	9
36014	200	183	17
36015	214	196	18
36016	206	183	23
36017	227	200	27
36018	187	161	26
36019	208	185	23
36020	189	169	20
36021	121	106	15
36022	115	101	14
36023	105	93	12
36024	150	131	19
36025	139	114	25
36026	155	138	17
36027	173	148	25
36028	152	130	22
36029	197	172	25
36030	167	148	19
37001	136	109	27
37002	112	100	12
37003	109	91	18
37004	124	108	16
37005	194	176	18
37006	178	162	16
37007	112	104	8
37008	118	106	12
37009	183	175	8
37010	193	177	16
37011	102	91	11
37012	109	102	7
37013	125	111	14
37014	196	177	19
37015	197	185	12
37016	182	172	10
37017	149	135	14
37018	170	155	15
37019	136	112	24
37020	137	120	17
37021	165	140	25
37022	129	114	15
37023	185	171	14
37024	206	181	25
37025	164	151	13
37026	243	217	26
37027	179	154	25
37028	149	132	17
37029	177	158	19
37030	153	138	15
37031	169	156	13
37032	172	158	14
37033	194	174	20
37034	161	143	18
37035	206	187	19
37036	149	136	13
37037	222	204	18
37038	216	189	27
37039	145	122	23
37040	207	187	20
37041	159	142	17
38001	179	166	13
38002	252	216	36
38003	185	165	20
38004	198	173	25
38005	195	170	25
38006	182	153	29
38007	193	161	32
38008	185	166	19
38009	229	192	37
38010	171	144	27
38011	220	206	14
38012	220	188	32
38013	233	203	30
38014	235	216	19
38015	177	157	20
38016	217	192	25
38017	243	207	36
38018	231	202	29
38019	259	229	30
38020	219	188	31
38021	198	171	27
38022	225	206	19
38023	254	224	30
38024	200	178	22
38025	182	165	17
38026	204	190	14
38027	196	173	23
38028	245	206	39
38029	199	181	18
38030	193	163	30
38031	231	208	23
38032	205	179	26
38033	207	181	26
38034	195	183	12
38035	203	186	17
38036	176	163	13
38037	217	195	22
38038	190	167	23
38039	248	219	29
38040	218	184	34
38041	252	238	14
39001	274	254	20
39002	226	205	21
39003	311	284	27
39004	260	235	25
39005	241	226	15
39006	230	216	14
39007	196	172	24
39008	225	213	12
39009	205	186	19
39010	130	118	12
39011	206	185	21
39012	269	252	17
39013	173	167	6
39014	204	188	16
39015	259	239	20
39016	166	150	16
39017	298	271	27
39018	269	251	18
39019	251	232	19
39020	294	259	35
39021	232	205	27
39022	162	149	13
39023	287	251	36
39024	327	275	52
39025	191	172	19
39026	225	208	17
39027	64	57	7
39028	330	303	27
39029	112	101	11
39030	281	270	11
39031	202	186	16
39032	206	184	22
39033	254	237	17
39034	266	240	26
39035	224	207	17
39036	65	59	6
39037	314	286	28
39038	187	176	11
39039	162	146	16
39040	226	203	23
39041	295	271	24
39042	326	297	29
39043	295	267	28
39044	202	185	17
39045	255	232	23
40001	199	186	13
40002	226	213	13
40003	344	338	6
40004	145	136	9
40005	279	267	12
40006	317	310	7
40007	318	310	8
40008	363	351	12
40009	180	168	12
40010	210	194	16
40011	281	269	12
40012	211	204	7
40013	456	445	11
40014	168	157	11
40015	232	218	14
40016	378	361	17
40017	247	235	12
40018	170	161	9
40019	305	280	25
40020	221	202	19
40021	357	349	8
40022	276	266	10
40023	373	358	15
40024	170	162	8
40025	331	325	6
40026	306	293	13
40027	347	332	15
40028	303	290	13
40029	281	266	15
40030	278	263	15
40031	340	334	6
40032	339	328	11
40033	336	331	5
40034	195	187	8
40035	166	155	11
40036	267	254	13
40037	257	237	20
40038	353	344	9
40039	58	51	7
41001	228	183	45
41002	276	226	50
41003	242	210	32
41004	298	264	34
41005	271	239	32
41006	350	311	39
41007	282	245	37
41008	282	236	46
41009	246	224	22
41010	347	314	33
41011	302	248	54
41012	231	204	27
41013	285	240	45
41014	316	285	31
41015	334	296	38
41016	223	197	26
41017	282	250	32
41018	214	186	28
41019	313	279	34
41020	221	192	29
41021	250	223	27
41022	320	277	43
41023	225	187	38
41024	204	165	39
41025	114	100	14
41026	294	254	40
41027	168	148	20
41028	196	165	31
41029	133	105	28
41030	227	193	34
41031	323	289	34
41032	203	169	34
41033	220	188	32
41034	240	206	34
41035	345	301	44
41036	262	233	29
41037	276	244	32
41038	223	193	30
41039	284	257	27
41040	305	264	41
41041	231	198	33
41042	263	219	44
41043	269	230	39
41044	296	252	44
41045	215	187	28
41046	313	274	39
41047	294	252	42
42001	267	256	11
42002	204	196	8
42003	240	228	12
42004	344	323	21
42005	178	172	6
42006	356	329	27
42007	289	278	11
42008	258	250	8
42009	230	216	14
42010	291	278	13
42011	206	197	9
42012	279	262	17
42013	312	282	30
42014	217	203	14
42015	193	184	9
42016	268	251	17
42017	329	316	13
42018	165	156	9
42019	350	331	19
42020	204	191	13
42021	202	197	5
42022	107	104	3
42023	262	247	15
42024	266	252	14
42025	227	213	14
42026	269	261	8
42027	222	206	16
42028	333	317	16
42029	258	239	19
42030	297	289	8
42031	271	252	19
42032	195	180	15
42033	257	250	7
42034	250	240	10
42035	310	290	20
42036	317	304	13
42037	152	146	6
42038	193	185	8
42039	226	218	8
42040	282	263	19
42041	217	209	8
42042	339	323	16
43001	144	140	4
43002	232	218	14
43003	260	251	9
43004	269	260	9
43005	207	200	7
43006	178	168	10
43007	179	167	12
43008	205	197	8
43009	283	274	9
43010	311	301	10
43011	161	154	7
43012	188	182	6
43013	249	239	10
43014	305	294	11
43015	255	235	20
43016	193	174	19
43017	195	185	10
43018	290	281	9
43019	298	276	22
43020	252	244	8
43021	252	235	17
43022	158	147	11
43023	169	166	3
43024	176	165	11
43025	255	242	13
43026	192	190	2
43027	277	263	14
43028	296	284	12
43029	224	220	4
43030	249	235	14
43031	263	252	11
43032	293	276	17
43033	318	304	14
43034	233	222	11
43035	351	333	18
43036	98	94	4
43037	215	209	6
43038	236	228	8
43039	186	178	8
43040	174	164	10
43041	332	324	8
43042	251	241	10
43043	321	308	13
43044	262	248	14
43045	189	181	8
43046	121	114	7
44001	426	413	13
44002	269	257	12
44003	269	252	17
44004	294	289	5
44005	279	270	9
44006	330	321	9
44007	235	225	10
44008	370	361	9
44009	241	233	8
44010	231	221	10
44011	275	270	5
44012	302	294	8
44013	189	184	5
44014	194	190	4
44015	265	252	13
44016	302	292	10
44017	415	403	12
44018	254	245	9
44019	369	359	10
44020	245	240	5
44021	306	296	10
44022	341	327	14
44023	249	241	8
44024	242	232	10
44025	278	265	13
44026	285	278	7
44027	328	316	12
44028	260	251	9
44029	234	223	11
44030	292	287	5
44031	230	215	15
44032	296	282	14
44033	254	249	5
44034	312	306	6
44035	397	378	19
44036	257	247	10
44037	297	284	13
44038	211	201	10
44039	249	245	4
44040	224	208	16
44041	311	293	18
45001	194	182	12
45002	222	217	5
45003	241	224	17
45004	322	309	13
45005	285	271	14
45006	339	320	19
45007	405	373	32
45008	223	206	17
45009	233	207	26
45010	265	238	27
45011	159	151	8
45012	248	229	19
45013	229	211	18
45014	287	264	23
45015	328	307	21
45016	230	214	16
45017	261	230	31
45018	233	207	26
45019	120	110	10
45020	164	150	14
45021	235	210	25
45022	202	186	16
45023	222	195	27
45024	191	168	23
45025	167	138	29
45026	138	119	19
45027	211	177	34
45028	188	163	25
45029	149	133	16
45030	209	193	16
45031	179	163	16
45032	180	162	18
45033	167	155	12
45034	251	217	34
45035	293	256	37
45036	277	244	33
45037	223	195	28
45038	188	172	16
45039	206	185	21
45040	250	215	35
45041	230	197	33
45042	234	206	28
45043	252	215	37
45044	240	216	24
45045	139	116	23
45046	178	148	30
45047	155	145	10
45048	189	148	41
46001	234	220	14
46002	255	241	14
46003	362	349	13
46004	263	256	7
46005	285	274	11
46006	212	197	15
46007	382	359	23
46008	190	174	16
46009	313	303	10
46010	347	339	8
46011	244	229	15
46012	318	311	7
46013	268	258	10
46014	239	225	14
46015	284	271	13
46016	323	318	5
46017	347	334	13
46018	310	296	14
46019	247	236	11
46020	245	224	21
46021	160	158	2
46022	185	181	4
46023	218	206	12
46024	336	326	10
46025	250	244	6
46026	280	274	6
46027	348	326	22
46028	335	325	10
46029	251	242	9
46030	263	244	19
46031	250	244	6
46032	237	227	10
46033	331	322	9
46034	280	274	6
46035	275	260	15
46036	299	282	17
46037	213	202	11
46038	208	194	14
46039	278	271	7
46040	273	262	11
47001	170	165	5
47002	345	332	13
47003	352	332	20
47004	381	367	14
47005	359	341	18
47006	315	307	8
47007	266	259	7
47008	320	314	6
47009	278	265	13
47010	391	376	15
47011	269	258	11
47012	364	351	13
47013	322	307	15
47014	309	300	9
47015	422	416	6
47016	340	319	21
47017	297	288	9
47018	308	300	8
47019	378	370	8
47020	311	298	13
47021	311	306	5
47022	363	348	15
47023	370	362	8
47024	297	286	11
47025	328	319	9
47026	365	354	11
47027	282	270	12
47028	322	310	12
47029	321	310	11
47030	371	358	13
47031	282	270	12
47032	405	396	9
47033	239	235	4
47034	356	346	10
47035	323	307	16
47036	370	349	21
47037	342	329	13
47038	324	314	10
47039	340	329	11
47040	400	387	13
47041	375	361	14
47042	325	313	12
47043	281	263	18
47044	230	214	16
47045	323	312	11
47046	312	288	24
47047	331	312	19
47048	35	30	5
48001	295	291	4
48002	188	182	6
48003	311	305	6
48004	282	275	7
48005	232	226	6
48006	356	335	21
48007	334	328	6
48008	193	183	10
48009	205	194	11
48010	451	440	11
48011	300	297	3
48012	349	342	7
48013	412	396	16
48014	181	165	16
48015	170	160	10
48016	280	266	14
48017	308	293	15
48018	237	219	18
48019	271	262	9
48020	386	372	14
48021	322	308	14
48022	335	318	17
48023	369	352	17
48024	303	281	22
48025	341	330	11
48026	135	132	3
48027	308	293	15
48028	336	317	19
48029	198	190	8
48030	303	295	8
48031	325	310	15
48032	278	266	12
48033	225	213	12
48034	278	269	9
48035	208	193	15
48036	217	207	10
48037	298	287	11
48038	388	372	16
48039	263	250	13
48040	296	287	9
48041	310	284	26
48042	405	390	15
48043	302	284	18
48044	390	378	12
48045	243	234	9
48046	215	196	19
49001	175	160	15
49002	196	190	6
49003	306	295	11
49004	354	335	19
49005	339	321	18
49006	277	265	12
49007	301	286	15
49008	220	210	10
49009	290	280	10
49010	338	325	13
49011	374	358	16
49012	407	392	15
49013	365	346	19
49014	283	269	14
49015	205	197	8
49016	330	314	16
49017	169	160	9
49018	387	372	15
49019	225	215	10
49020	456	440	16
49021	170	167	3
49022	326	307	19
49023	365	350	15
49024	200	193	7
49025	378	361	17
49026	326	305	21
49027	311	298	13
49028	373	357	16
49029	383	371	12
49030	358	337	21
49031	250	238	12
49032	296	278	18
49033	251	234	17
50001	239	218	21
50002	142	128	14
50003	226	211	15
50004	255	242	13
50005	185	166	19
50006	267	242	25
50007	322	305	17
50008	186	177	9
50009	191	174	17
50010	168	154	14
50011	170	146	24
50012	118	104	14
50013	183	169	14
50014	79	71	8
50015	312	298	14
50016	85	76	9
50017	154	130	24
50018	68	60	8
50019	129	117	12
50020	237	221	16
50021	206	195	11
50022	139	126	13
50023	122	109	13
50024	174	162	12
50025	191	171	20
50026	160	144	16
50027	69	66	3
50028	169	154	15
50029	121	106	15
50030	134	131	3
50031	216	208	8
50032	181	174	7
50033	243	218	25
50034	346	317	29
50035	311	291	20
50036	230	207	23
50037	252	237	15
50038	120	114	6
50039	116	103	13
50040	236	200	36
