Precinct	total_votes	votes|YES	votes|NO
01001	708	522	186
01002	568	461	107
01003	807	523	284
01004	800	533	267
01005	740	452	288
01006	619	419	200
01007	478	352	126
01008	585	408	177
01009	480	356	124
01010	881	549	332
01011	788	561	227
01012	832	611	221
01013	335	242	93
01014	657	427	230
01015	618	450	168
01016	720	552	168
01017	593	459	134
01018	657	543	114
01019	785	607	178
01020	520	430	90
01021	1018	649	369
01022	452	321	131
01023	854	699	155
01024	609	473	136
01025	650	514	136
01026	429	346	83
01027	762	492	270
01028	212	158	54
01029	884	566	318
01030	762	583	179
01031	613	442	171
01032	653	438	215
01033	774	483	291
01034	515	409	106
01035	867	563	304
01036	800	502	298
01037	721	469	252
01038	651	473	178
01039	573	364	209
01040	621	406	215
01041	386	312	74
01042	218	146	72
01043	428	316	112
01044	625	469	156
02001	792	558	234
02002	479	282	197
02003	800	518	282
02004	697	520	177
02005	840	578	262
02006	734	502	232
02007	656	417	239
02008	884	604	280
02009	692	313	379
02010	503	217	286
02011	686	328	358
02012	586	358	228
02013	534	294	240
02014	691	470	221
02015	628	445	183
02016	662	460	202
02017	767	521	246
02018	608	366	242
02019	450	218	232
02020	912	475	437
02021	734	513	221
02022	745	315	430
02023	437	170	267
02024	629	274	355
02025	799	521	278
02026	617	310	307
02027	600	280	320
02028	778	442	336
02029	754	425	329
02030	564	278	286
02031	753	369	384
02032	583	286	297
02033	956	488	468
02034	498	223	275
02035	926	464	462
02036	774	400	374
02037	570	340	230
02038	612	283	329
02039	481	276	205
02040	965	565	400
02041	829	432	397
02042	767	475	292
02043	944	425	519
02044	402	203	199
02045	789	461	328
02046	394	199	195
03001	769	663	106
03002	564	487	77
03003	490	411	79
03004	597	501	96
03005	316	260	56
03006	905	490	415
03007	325	269	56
03008	429	362	67
03009	631	520	111
03010	268	228	40
03011	607	520	87
03012	508	427	81
03013	746	490	256
03014	704	506	198
03015	525	443	82
03016	450	381	69
03017	895	705	190
03018	749	613	136
03019	777	397	380
03020	576	501	75
03021	681	420	261
03022	909	569	340
03023	470	382	88
03024	469	414	55
03025	1158	566	592
03026	739	422	317
03027	819	470	349
03028	338	303	35
03029	596	503	93
03030	478	425	53
03031	647	556	91
03032	1014	686	328
03033	814	544	270
03034	958	686	272
03035	309	258	51
03036	270	239	31
03037	499	426	73
03038	396	350	46
03039	1257	820	437
03040	630	477	153
03041	404	318	86
04001	888	767	121
04002	869	588	281
04003	473	415	58
04004	752	623	129
04005	596	488	108
04006	673	555	118
04007	731	618	113
04008	627	538	89
04009	610	545	65
04010	735	606	129
04011	585	501	84
04012	742	651	91
04013	894	647	247
04014	582	492	90
04015	650	562	88
04016	1144	809	335
04017	756	558	198
04018	558	486	72
04019	432	376	56
04020	533	392	141
04021	721	540	181
04022	582	446	136
04023	755	678	77
04024	559	454	105
04025	827	569	258
04026	539	461	78
04027	814	720	94
04028	526	442	84
04029	577	518	59
04030	786	671	115
04031	558	489	69
04032	659	544	115
04033	574	465	109
04034	514	425	89
04035	658	559	99
04036	715	590	125
04037	1225	852	373
04038	642	540	102
05001	498	433	65
05002	405	353	52
05003	599	524	75
05004	729	662	67
05005	496	439	57
05006	433	373	60
05007	558	481	77
05008	617	510	107
05009	674	579	95
05010	443	380	63
05011	555	491	64
05012	349	309	40
05013	482	410	72
05014	429	363	66
05015	549	469	80
05016	503	422	81
05017	446	399	47
05018	531	473	58
05019	531	456	75
05020	616	540	76
05021	561	475	86
05022	665	549	116
05023	991	832	159
05024	706	616	90
05025	494	423	71
05026	540	470	70
05027	605	476	129
05028	559	454	105
05029	567	506	61
05030	344	302	42
05031	408	348	60
05032	605	533	72
05033	546	483	63
05034	624	497	127
05035	729	642	87
05036	353	299	54
05037	595	520	75
05038	510	449	61
05039	477	382	95
05040	419	349	70
05041	256	223	33
06001	461	404	57
06002	456	405	51
06003	451	393	58
06004	296	246	50
06005	312	270	42
06006	515	433	82
06007	445	378	67
06008	450	394	56
06009	418	372	46
06010	311	262	49
06011	388	355	33
06012	319	270	49
06013	313	266	47
06014	412	364	48
06015	371	306	65
06016	463	415	48
06017	294	244	50
06018	308	267	41
06019	361	313	48
06020	285	252	33
06021	207	186	21
06022	292	243	49
06023	247	220	27
06024	234	200	34
06025	233	209	24
06026	315	258	57
06027	265	215	50
06028	203	176	27
06029	451	380	71
06030	368	313	55
06031	447	362	85
06032	433	389	44
06033	415	357	58
06034	435	386	49
06035	404	332	72
06036	472	411	61
06037	463	394	69
06038	471	402	69
06039	353	303	50
06040	386	335	51
06041	443	373	70
06042	430	358	72
06043	412	362	50
06044	487	420	67
06045	439	386	53
06046	330	286	44
06047	312	276	36
06048	411	361	50
07001	451	382	69
07002	407	344	63
07003	404	350	54
07004	414	365	49
07005	387	318	69
07006	535	453	82
07007	382	324	58
07008	309	268	41
07009	698	593	105
07010	471	409	62
07011	453	391	62
07012	411	351	60
07013	261	219	42
07014	466	399	67
07015	405	351	54
07016	402	345	57
07017	331	292	39
07018	395	345	50
07019	406	345	61
07020	315	268	47
07021	312	263	49
07022	358	297	61
07023	377	328	49
07024	354	295	59
07025	323	260	63
07026	323	281	42
07027	325	284	41
07028	311	262	49
07029	371	308	63
07030	329	268	61
07031	317	268	49
07032	509	441	68
07033	496	436	60
07034	508	449	59
07035	441	376	65
07036	501	429	72
07037	408	352	56
07038	374	321	53
07039	367	322	45
07040	358	313	45
07041	399	343	56
07042	381	334	47
07043	403	339	64
07044	362	308	54
07045	411	346	65
07046	124	107	17
08001	364	316	48
08002	412	356	56
08003	468	399	69
08004	465	408	57
08005	455	391	64
08006	417	360	57
08007	480	407	73
08008	427	380	47
08009	282	243	39
08010	528	464	64
08011	347	282	65
08012	358	303	55
08013	482	419	63
08014	345	291	54
08015	386	321	65
08016	131	113	18
08017	358	324	34
08018	398	343	55
08019	451	391	60
08020	489	417	72
08021	565	490	75
08022	395	335	60
08023	340	287	53
08024	242	205	37
08025	411	342	69
08026	362	304	58
08027	460	388	72
08028	432	373	59
08029	477	410	67
08030	480	424	56
08031	337	284	53
08032	343	298	45
08033	342	295	47
08034	396	337	59
08035	487	414	73
08036	417	363	54
08037	341	300	41
08038	302	265	37
08039	410	360	50
08040	351	285	66
08041	456	372	84
08042	546	482	64
08043	246	216	30
08044	311	256	55
08045	366	312	54
08046	325	286	39
08047	357	310	47
08048	374	327	47
08049	402	349	53
08050	420	366	54
08051	415	354	61
08052	519	460	59
08053	258	222	36
08054	363	314	49
08055	317	269	48
08056	443	389	54
09001	398	338	60
09002	321	270	51
09003	276	230	46
09004	321	274	47
09005	406	348	58
09006	374	330	44
09007	318	266	52
09008	431	359	72
09009	476	409	67
09010	301	253	48
09011	297	254	43
09012	449	398	51
09013	447	386	61
09014	453	387	66
09015	476	393	83
09016	391	335	56
09017	280	256	24
09018	296	254	42
09019	401	344	57
09020	373	325	48
09021	379	324	55
09022	441	391	50
09023	445	375	70
09024	399	347	52
09025	393	350	43
09026	482	424	58
09027	348	305	43
09028	267	223	44
09029	358	296	62
09030	365	318	47
09031	331	273	58
09032	418	356	62
09033	303	264	39
09034	334	292	42
09035	375	340	35
09036	339	289	50
09037	623	479	144
09038	371	321	50
09039	419	367	52
09040	446	395	51
09041	335	293	42
09042	429	372	57
09043	362	310	52
09044	354	302	52
09045	352	300	52
09046	391	315	76
09047	426	379	47
09048	415	359	56
09049	445	383	62
09050	564	480	84
09051	396	331	65
10001	332	278	54
10002	459	239	220
10003	488	305	183
10004	346	286	60
10005	385	224	161
10006	373	253	120
10007	323	248	75
10008	248	199	49
10009	451	264	187
10010	489	326	163
10011	588	451	137
10012	334	247	87
10013	383	314	69
10014	581	401	180
10015	747	648	99
10016	355	232	123
10017	607	351	256
10018	260	213	47
10019	488	331	157
10020	479	338	141
10021	463	331	132
10022	259	197	62
10023	404	325	79
10024	477	253	224
10025	130	117	13
10026	318	258	60
10027	395	334	61
10028	505	384	121
10029	478	356	122
10030	417	334	83
10031	366	298	68
10032	491	350	141
10033	348	273	75
10034	298	232	66
10035	495	301	194
10036	109	86	23
11001	577	360	217
11002	42	32	10
11003	568	443	125
11004	455	316	139
11005	704	534	170
11006	873	606	267
11007	530	360	170
11008	524	363	161
11009	492	347	145
11010	563	389	174
11011	619	352	267
11012	741	298	443
11013	699	293	406
11014	326	177	149
11015	218	148	70
11016	397	233	164
11017	655	445	210
11018	462	277	185
11019	725	510	215
11020	398	238	160
11021	657	347	310
11022	682	438	244
11023	315	164	151
11024	618	301	317
11025	684	393	291
11026	591	363	228
11027	249	173	76
11028	279	144	135
11029	671	330	341
11030	317	209	108
11031	561	263	298
11032	258	102	156
11033	735	397	338
11034	208	135	73
11035	122	75	47
11036	271	180	91
11037	184	131	53
11038	287	219	68
12001	472	350	122
12002	388	317	71
12003	586	437	149
12004	546	409	137
12005	437	299	138
12006	549	413	136
12007	418	361	57
12008	476	341	135
12009	400	278	122
12010	569	490	79
12011	490	391	99
12012	479	364	115
12013	522	400	122
12014	403	340	63
12015	401	317	84
12016	393	309	84
12017	532	399	133
12018	397	336	61
12019	463	341	122
12020	557	450	107
12021	504	385	119
12022	429	353	76
12023	487	353	134
13001	399	207	192
13002	341	158	183
13003	336	267	69
13004	459	243	216
13005	479	352	127
13006	416	185	231
13007	337	225	112
13008	323	178	145
13009	459	339	120
13010	374	117	257
13011	429	231	198
13012	380	248	132
13013	361	245	116
13014	405	274	131
13015	554	400	154
13016	301	234	67
13017	360	204	156
13018	354	178	176
13019	498	384	114
13020	310	127	183
13021	491	197	294
13022	488	205	283
13023	347	249	98
13024	391	270	121
13025	413	285	128
13026	429	255	174
13027	405	238	167
13028	324	237	87
13029	345	223	122
13030	325	247	78
13031	467	214	253
13032	392	152	240
13033	400	170	230
13034	396	293	103
13035	355	254	101
13036	297	221	76
13037	390	284	106
13038	364	167	197
13039	410	302	108
13040	375	249	126
13041	456	343	113
13042	454	167	287
13043	402	253	149
13044	399	307	92
13045	447	249	198
13046	463	325	138
13047	448	337	111
13048	368	171	197
14001	521	183	338
14002	629	462	167
14003	401	323	78
14004	500	205	295
14005	627	511	116
14006	228	178	50
14007	588	444	144
14008	557	423	134
14009	603	279	324
14010	329	242	87
14011	248	194	54
14012	513	360	153
14013	418	305	113
14014	423	328	95
14015	451	368	83
14016	335	249	86
14017	384	299	85
14018	223	153	70
14019	420	332	88
14020	358	276	82
14021	435	349	86
14022	644	416	228
14023	384	247	137
14024	562	253	309
14025	243	183	60
14026	331	281	50
14027	459	337	122
14028	384	299	85
14029	330	266	64
14030	302	239	63
14031	242	198	44
15001	369	282	87
15002	243	212	31
15003	259	222	37
15004	452	371	81
15005	402	316	86
15006	452	354	98
15007	256	229	27
15008	427	344	83
15009	592	480	112
15010	576	425	151
15011	524	402	122
15012	539	412	127
15013	414	323	91
15014	373	326	47
15015	376	273	103
15016	503	397	106
15017	248	210	38
15018	226	193	33
15019	379	310	69
15020	253	208	45
15021	216	189	27
15022	233	206	27
15023	270	230	40
15024	256	228	28
16001	533	445	88
16002	301	252	49
16003	298	247	51
16004	366	308	58
16005	239	203	36
16006	287	232	55
16007	339	283	56
16008	227	194	33
16009	299	253	46
16010	297	251	46
16011	328	271	57
16012	291	255	36
16013	373	300	73
16014	250	212	38
16015	293	244	49
16016	278	242	36
16017	446	378	68
16018	375	317	58
16019	312	261	51
16020	242	205	37
16021	288	238	50
16022	311	270	41
16023	449	380	69
16024	160	134	26
16025	373	311	62
16026	238	204	34
16027	238	205	33
16028	262	220	42
16029	250	212	38
16030	240	202	38
16031	306	251	55
16032	433	354	79
16033	260	226	34
16034	268	226	42
16035	457	369	88
16036	225	179	46
17001	433	337	96
17002	383	332	51
17003	386	315	71
17004	486	421	65
17005	299	261	38
17006	402	348	54
17007	384	317	67
17008	339	281	58
17009	291	256	35
17010	497	412	85
17011	298	257	41
17012	525	423	102
17013	311	268	43
17014	426	346	80
17015	393	332	61
17016	446	376	70
17017	395	324	71
17018	433	376	57
17019	220	185	35
17020	470	412	58
17021	447	387	60
17022	364	329	35
17023	251	216	35
17024	385	337	48
17025	313	271	42
17026	389	334	55
17027	335	279	56
17028	293	250	43
17029	369	324	45
17030	375	291	84
17031	222	193	29
17032	293	254	39
17033	223	183	40
17034	280	243	37
17035	257	228	29
17036	354	302	52
17037	309	275	34
17038	412	348	64
17039	365	306	59
17040	405	353	52
17041	488	442	46
18001	413	341	72
18002	490	360	130
18003	409	251	158
18004	454	389	65
18005	264	219	45
18006	407	250	157
18007	456	359	97
18008	425	355	70
18009	408	326	82
18010	528	445	83
18011	401	304	97
18012	396	334	62
18013	479	404	75
18014	430	384	46
18015	470	358	112
18016	427	348	79
18017	449	363	86
18018	331	292	39
18019	365	311	54
18020	307	265	42
18021	537	428	109
18022	472	426	46
18023	434	378	56
18024	445	289	156
18025	475	298	177
18026	526	432	94
18027	382	318	64
18028	455	257	198
18029	506	397	109
18030	541	355	186
18031	463	388	75
18032	415	367	48
18033	332	284	48
18034	477	362	115
18035	495	406	89
18036	465	332	133
18037	492	412	80
18038	391	333	58
18039	372	309	63
18040	482	386	96
18041	513	438	75
18042	380	319	61
18043	367	243	124
18044	411	233	178
18045	434	345	89
18046	504	340	164
18047	333	268	65
18048	307	268	39
18049	293	247	46
18050	316	266	50
19001	463	146	317
19002	648	434	214
19003	446	82	364
19004	630	160	470
19005	559	307	252
19006	573	170	403
19007	468	204	264
19008	603	137	466
19009	378	138	240
19010	626	395	231
19011	526	126	400
19012	477	122	355
19013	561	462	99
19014	544	376	168
19015	720	195	525
19016	527	130	397
19017	453	152	301
19018	495	259	236
19019	635	366	269
19020	407	301	106
19021	565	158	407
19022	555	294	261
19023	540	194	346
19024	399	100	299
19025	480	234	246
19026	519	220	299
19027	482	358	124
19028	558	472	86
19029	592	174	418
19030	523	143	380
19031	470	233	237
19032	466	188	278
19033	585	138	447
19034	461	227	234
19035	462	236	226
19036	674	511	163
19037	490	377	113
19038	463	332	131
19039	235	182	53
19040	558	370	188
19041	519	141	378
19042	414	274	140
19043	652	536	116
19044	627	159	468
19045	540	193	347
19046	539	152	387
19047	698	510	188
19048	571	475	96
19049	605	462	143
19050	441	198	243
19051	574	196	378
19052	644	194	450
19053	483	215	268
19054	462	106	356
19055	471	122	349
19056	529	319	210
19057	409	271	138
20001	462	404	58
20002	150	129	21
20003	402	339	63
20004	204	170	34
20005	504	419	85
20006	193	165	28
20007	507	425	82
20008	377	321	56
20009	600	518	82
20010	311	266	45
20011	570	493	77
20012	413	354	59
20013	409	345	64
20014	254	226	28
20015	442	358	84
20016	530	454	76
20017	280	224	56
20018	300	256	44
20019	445	381	64
20020	313	247	66
20021	348	284	64
20022	589	506	83
20023	380	312	68
20024	567	485	82
20025	290	241	49
20026	423	381	42
20027	223	185	38
20028	275	243	32
20029	464	392	72
20030	185	156	29
20031	511	427	84
20032	332	291	41
20033	265	221	44
20034	571	486	85
20035	292	242	50
20036	142	116	26
20037	132	120	12
20038	135	104	31
20039	37	23	14
21001	448	365	83
21002	323	266	57
21003	406	330	76
21004	399	345	54
21005	443	389	54
21006	366	315	51
21007	438	383	55
21008	425	370	55
21009	420	359	61
21010	344	298	46
21011	390	329	61
21012	361	311	50
21013	422	373	49
21014	445	394	51
21015	371	310	61
21016	388	334	54
21017	354	297	57
21018	466	397	69
21019	456	407	49
21020	379	327	52
21021	351	296	55
21022	371	311	60
21023	389	341	48
21024	428	372	56
21025	376	322	54
21026	412	351	61
21027	458	398	60
21028	462	395	67
21029	450	388	62
21030	359	314	45
21031	314	273	41
21032	414	359	55
21033	348	293	55
21034	382	319	63
21035	505	433	72
21036	407	356	51
21037	303	269	34
21038	439	374	65
21039	394	345	49
21040	382	332	50
21041	452	391	61
21042	439	368	71
21043	415	367	48
21044	441	372	69
21045	392	332	60
21046	423	377	46
21047	362	321	41
21048	408	329	79
21049	453	384	69
21050	299	252	47
21051	421	373	48
21052	393	341	52
21053	335	266	69
21054	342	296	46
22001	229	187	42
22002	548	322	226
22003	680	546	134
22004	345	289	56
22005	393	283	110
22006	408	329	79
22007	359	293	66
22008	615	427	188
22009	343	279	64
22010	575	462	113
22011	368	283	85
22012	356	239	117
22013	451	356	95
22014	338	275	63
22015	345	298	47
22016	345	267	78
22017	576	449	127
22018	364	304	60
22019	212	187	25
22020	428	351	77
22021	404	332	72
22022	397	334	63
22023	448	383	65
22024	512	403	109
22025	421	338	83
23001	424	180	244
23002	480	247	233
23003	434	182	252
23004	504	245	259
23005	430	321	109
23006	433	312	121
23007	396	287	109
23008	533	337	196
23009	390	297	93
23010	472	327	145
23011	481	371	110
23012	492	162	330
23013	382	308	74
23014	428	182	246
23015	385	298	87
23016	449	165	284
23017	330	259	71
23018	417	189	228
23019	343	271	72
23020	298	236	62
23021	444	171	273
23022	445	239	206
23023	437	218	219
23024	389	294	95
23025	379	258	121
23026	441	309	132
23027	432	164	268
23028	499	225	274
23029	393	209	184
23030	484	333	151
23031	379	283	96
23032	400	303	97
23033	454	339	115
23034	443	362	81
23035	356	159	197
23036	457	199	258
23037	503	197	306
23038	404	189	215
23039	463	351	112
24001	321	273	48
24002	356	292	64
24003	432	377	55
24004	290	254	36
24005	203	172	31
24006	372	326	46
24007	266	221	45
24008	181	158	23
24009	354	295	59
24010	184	165	19
24011	426	366	60
24012	224	198	26
24013	224	194	30
24014	304	258	46
24015	193	166	27
24016	1092	911	181
24017	274	243	31
24018	360	318	42
24019	405	356	49
24020	314	275	39
24021	206	181	25
24022	458	377	81
24023	308	274	34
24024	432	374	58
24025	293	259	34
24026	557	485	72
24027	372	326	46
24028	232	201	31
24029	265	230	35
24030	226	198	28
24031	390	335	55
24032	189	164	25
24033	232	191	41
24034	360	328	32
24035	347	289	58
24036	401	346	55
24037	200	171	29
24038	276	216	60
24039	345	300	45
24040	430	375	55
24041	251	228	23
25001	432	345	87
25002	672	564	108
25003	1059	584	475
25004	427	322	105
25005	573	460	113
25006	208	151	57
25007	585	495	90
25008	621	510	111
25009	541	465	76
25010	859	381	478
25011	577	458	119
25012	539	443	96
25013	649	535	114
25014	436	326	110
25015	488	371	117
25016	1082	448	634
25017	605	495	110
25018	363	245	118
25019	573	468	105
25020	319	253	66
25021	1141	739	402
25022	558	473	85
25023	629	508	121
25024	566	475	91
25025	525	310	215
25026	535	408	127
25027	795	517	278
25028	590	489	101
25029	445	359	86
25030	548	445	103
25031	1247	532	715
25032	486	367	119
26001	479	381	98
26002	384	314	70
26003	528	374	154
26004	301	246	55
26005	391	326	65
26006	380	300	80
26007	410	351	59
26008	260	207	53
26009	383	315	68
26010	431	341	90
26011	422	334	88
26012	455	383	72
26013	258	211	47
26014	355	299	56
26015	278	208	70
26016	249	195	54
26017	403	238	165
26018	322	255	67
26019	268	209	59
26020	391	308	83
26021	509	428	81
26022	259	202	57
26023	318	250	68
26024	369	299	70
26025	348	286	62
26026	310	258	52
26027	497	410	87
26028	577	377	200
26029	235	182	53
26030	357	289	68
26031	205	157	48
26032	545	327	218
26033	491	393	98
26034	477	382	95
26035	387	333	54
26036	450	336	114
26037	461	377	84
26038	212	166	46
26039	522	417	105
26040	285	230	55
26041	484	409	75
26042	352	278	74
26043	271	221	50
26044	230	189	41
26045	213	160	53
26046	343	204	139
26047	295	235	60
26048	449	374	75
26049	270	224	46
27001	1306	703	603
27002	590	350	240
27003	250	222	28
27004	268	220	48
27005	377	296	81
27006	628	395	233
27007	769	559	210
27008	364	313	51
27009	288	138	150
27010	400	342	58
27011	707	363	344
27012	457	247	210
27013	667	527	140
27014	230	179	51
27015	218	181	37
27016	660	355	305
27017	483	390	93
27018	305	238	67
27019	238	192	46
27020	340	291	49
27021	530	282	248
27022	205	180	25
27023	299	258	41
27024	291	258	33
27025	447	348	99
27026	336	281	55
27027	636	498	138
27028	765	409	356
27029	293	254	39
27030	217	179	38
27031	347	282	65
27032	451	373	78
27033	749	474	275
27034	293	260	33
27035	701	406	295
27036	338	273	65
27037	594	368	226
27038	678	500	178
27039	335	268	67
27040	777	470	307
27041	356	311	45
27042	369	241	128
27043	386	327	59
27044	311	266	45
27045	1671	909	762
27046	504	230	274
27047	322	257	65
27048	1028	688	340
27049	326	277	49
27050	415	351	64
28001	269	230	39
28002	326	286	40
28003	264	231	33
28004	429	302	127
28005	245	206	39
28006	220	161	59
28007	359	306	53
28008	655	390	265
28009	345	311	34
28010	547	396	151
28011	901	712	189
28012	305	259	46
28013	408	352	56
28014	345	304	41
28015	72	62	10
28016	233	205	28
28017	317	286	31
28018	274	237	37
28019	341	264	77
28020	298	255	43
28021	289	250	39
28022	347	309	38
28023	431	363	68
28024	298	260	38
28025	502	437	65
28026	352	308	44
28027	454	265	189
28028	539	351	188
28029	193	162	31
28030	52	40	12
28031	428	373	55
28032	349	291	58
28033	391	335	56
28034	616	524	92
28035	416	357	59
28036	173	149	24
28037	405	340	65
28038	143	126	17
28039	289	242	47
28040	471	403	68
28041	236	202	34
28042	347	293	54
28043	433	385	48
28044	243	204	39
28045	648	420	228
28046	757	537	220
29001	639	457	182
29002	558	498	60
29003	456	393	63
29004	519	437	82
29005	322	269	53
29006	340	301	39
29007	499	396	103
29008	393	346	47
29009	532	330	202
29010	606	408	198
29011	231	198	33
29012	539	441	98
29013	451	383	68
29014	368	316	52
29015	487	431	56
29016	401	345	56
29017	415	359	56
29018	421	363	58
29019	430	355	75
29020	458	381	77
29021	571	482	89
29022	343	269	74
29023	587	352	235
29024	419	367	52
29025	491	419	72
29026	433	373	60
29027	401	347	54
29028	540	470	70
29029	601	338	263
29030	652	504	148
29031	575	277	298
29032	560	281	279
29033	295	258	37
29034	317	254	63
29035	334	294	40
29036	383	329	54
29037	400	346	54
29038	605	407	198
29039	591	382	209
29040	498	437	61
29041	370	318	52
29042	472	399	73
29043	578	447	131
29044	555	474	81
30001	588	433	155
30002	574	373	201
30003	426	322	104
30004	530	369	161
30005	403	319	84
30006	406	300	106
30007	567	422	145
30008	655	498	157
30009	479	335	144
30010	538	368	170
30011	505	380	125
30012	495	357	138
30013	530	366	164
30014	390	305	85
30015	492	343	149
30016	304	210	94
30017	527	353	174
30018	655	538	117
30019	538	425	113
30020	602	421	181
30021	398	246	152
30022	780	626	154
30023	656	496	160
30024	775	632	143
30025	796	639	157
30026	331	234	97
30027	395	291	104
30028	545	437	108
30029	364	267	97
30030	227	169	58
30031	349	238	111
30032	465	379	86
31001	328	246	82
31002	307	241	66
31003	351	236	115
31004	447	368	79
31005	367	285	82
31006	258	197	61
31007	526	438	88
31008	315	240	75
31009	399	299	100
31010	419	326	93
31011	305	200	105
31012	325	220	105
31013	388	290	98
31014	362	260	102
31015	367	260	107
31016	433	356	77
31017	343	245	98
31018	320	243	77
31019	320	215	105
31020	309	246	63
31021	324	249	75
31022	319	258	61
31023	388	293	95
31024	366	292	74
31025	356	252	104
31026	370	278	92
31027	423	327	96
31028	303	234	69
31029	332	248	84
31030	284	226	58
31031	319	222	97
31032	282	211	71
31033	355	265	90
31034	366	276	90
31035	443	341	102
31036	388	286	102
31037	356	255	101
31038	326	252	74
31039	404	347	57
31040	401	312	89
31041	316	252	64
32001	850	570	280
32002	799	447	352
32003	722	552	170
32004	664	404	260
32005	754	505	249
32006	855	551	304
32007	793	491	302
32008	936	482	454
32009	733	458	275
32010	812	466	346
32011	590	476	114
32012	466	367	99
32013	834	450	384
32014	708	566	142
32015	678	413	265
32016	689	424	265
32017	647	519	128
32018	718	325	393
32019	671	405	266
32020	627	532	95
32021	709	409	300
32022	798	645	153
32023	754	422	332
32024	660	296	364
32025	692	410	282
32026	681	538	143
32027	805	343	462
32028	664	533	131
32029	735	494	241
32030	766	324	442
32031	793	412	381
32032	834	499	335
32033	703	405	298
32034	794	516	278
32035	721	402	319
32036	774	449	325
32037	823	528	295
32038	736	435	301
32039	872	352	520
32040	729	405	324
32041	770	392	378
32042	717	369	348
32043	598	455	143
33001	697	588	109
33002	913	747	166
33003	942	760	182
33004	929	647	282
33005	686	492	194
33006	587	445	142
33007	697	583	114
33008	859	650	209
33009	785	503	282
33010	616	421	195
33011	694	529	165
33012	714	535	179
33013	664	521	143
33014	338	262	76
33015	716	584	132
33016	952	702	250
33017	728	544	184
33018	983	828	155
33019	836	570	266
33020	864	723	141
33021	732	588	144
33022	650	453	197
33023	775	587	188
33024	842	634	208
33025	842	631	211
33026	510	425	85
33027	819	648	171
33028	619	519	100
34001	460	401	59
34002	378	316	62
34003	405	343	62
34004	326	284	42
34005	368	320	48
34006	468	397	71
34007	444	384	60
34008	360	318	42
34009	292	235	57
34010	424	364	60
34011	348	299	49
34012	460	382	78
34013	418	359	59
34014	343	288	55
34015	388	334	54
34016	359	300	59
34017	519	447	72
34018	288	253	35
34019	460	398	62
34020	459	414	45
34021	487	414	73
34022	423	370	53
34023	345	291	54
34024	350	300	50
34025	615	544	71
34026	474	418	56
34027	347	284	63
34028	273	239	34
34029	350	295	55
34030	407	332	75
34031	341	302	39
34032	414	346	68
34033	346	287	59
34034	469	418	51
34035	508	419	89
34036	365	311	54
34037	255	207	48
34038	206	175	31
34039	325	285	40
34040	464	393	71
34041	254	221	33
34042	409	354	55
34043	370	317	53
34044	390	337	53
34045	435	383	52
34046	287	248	39
34047	384	328	56
34048	419	371	48
34049	394	328	66
34050	335	294	41
34051	445	368	77
34052	314	270	44
34053	291	246	45
35001	604	466	138
35002	606	479	127
35003	522	432	90
35004	576	405	171
35005	505	421	84
35006	599	492	107
35007	613	522	91
35008	585	475	110
35009	576	449	127
35010	674	577	97
35011	678	535	143
35012	412	318	94
35013	420	341	79
35014	456	364	92
35015	700	582	118
35016	330	271	59
35017	607	514	93
35018	380	305	75
35019	368	281	87
35020	598	478	120
35021	573	491	82
35022	701	585	116
35023	594	455	139
35024	520	422	98
35025	612	518	94
35026	502	363	139
35027	546	436	110
35028	560	466	94
35029	566	443	123
35030	550	416	134
35031	629	475	154
36001	479	337	142
36002	484	369	115
36003	429	326	103
36004	537	417	120
36005	431	335	96
36006	444	326	118
36007	588	303	285
36008	403	305	98
36009	460	346	114
36010	630	424	206
36011	353	264	89
36012	326	249	77
36013	350	280	70
36014	562	362	200
36015	525	317	208
36016	511	334	177
36017	597	398	199
36018	535	347	188
36019	639	453	186
36020	574	377	197
36021	432	318	114
36022	444	335	109
36023	453	347	106
36024	585	391	194
36025	498	403	95
36026	515	294	221
36027	454	315	139
36028	527	313	214
36029	549	337	212
36030	503	311	192
37001	313	276	37
37002	347	296	51
37003	278	243	35
37004	319	260	59
37005	400	343	57
37006	406	351	55
37007	324	272	52
37008	303	248	55
37009	432	387	45
37010	492	410	82
37011	248	220	28
37012	374	312	62
37013	296	255	41
37014	443	384	59
37015	403	361	42
37016	478	401	77
37017	279	237	42
37018	323	267	56
37019	300	259	41
37020	378	325	53
37021	358	306	52
37022	364	300	64
37023	358	296	62
37024	403	358	45
37025	331	278	53
37026	518	422	96
37027	384	318	66
37028	354	312	42
37029	364	299	65
37030	380	322	58
37031	451	385	66
37032	347	280	67
37033	407	365	42
37034	334	285	49
37035	382	345	37
37036	373	309	64
37037	408	337	71
37038	405	349	56
37039	363	300	63
37040	393	337	56
37041	409	334	75
38001	499	322	177
38002	589	148	441
38003	588	315	273
38004	544	262	282
38005	570	305	265
38006	572	276	296
38007	542	238	304
38008	530	272	258
38009	647	318	329
38010	495	283	212
38011	475	270	205
38012	545	205	340
38013	627	308	319
38014	572	334	238
38015	502	305	197
38016	539	286	253
38017	667	278	389
38018	587	295	292
38019	613	351	262
38020	575	244	331
38021	506	332	174
38022	474	280	194
38023	557	328	229
38024	600	272	328
38025	510	290	220
38026	581	333	248
38027	597	287	310
38028	673	292	381
38029	566	324	242
38030	585	304	281
38031	524	324	200
38032	501	313	188
38033	538	325	213
38034	498	332	166
38035	511	339	172
38036	508	285	223
38037	550	326	224
38038	546	291	255
38039	584	359	225
38040	533	296	237
38041	490	338	152
39001	573	241	332
39002	477	350	127
39003	611	392	219
39004	550	282	268
39005	565	361	204
39006	553	394	159
39007	472	312	160
39008	587	412	175
39009	502	317	185
39010	254	201	53
39011	539	331	208
39012	728	562	166
39013	488	349	139
39014	544	367	177
39015	685	287	398
39016	518	391	127
39017	583	354	229
39018	563	410	153
39019	544	345	199
39020	698	328	370
39021	551	280	271
39022	521	377	144
39023	565	284	281
39024	697	316	381
39025	472	376	96
39026	549	276	273
39027	90	34	56
39028	677	494	183
39029	299	233	66
39030	636	489	147
39031	484	344	140
39032	500	272	228
39033	570	414	156
39034	653	481	172
39035	554	409	145
39036	132	99	33
39037	539	274	265
39038	299	187	112
39039	350	208	142
39040	584	288	296
39041	595	317	278
39042	598	216	382
39043	594	267	327
39044	462	201	261
39045	517	227	290
40001	582	413	169
40002	637	492	145
40003	768	604	164
40004	380	282	98
40005	649	483	166
40006	710	595	115
40007	599	432	167
40008	818	674	144
40009	486	387	99
40010	676	528	148
40011	622	470	152
40012	559	401	158
40013	892	716	176
40014	586	425	161
40015	607	459	148
40016	805	646	159
40017	514	368	146
40018	494	408	86
40019	751	565	186
40020	641	498	143
40021	670	504	166
40022	740	573	167
40023	717	603	114
40024	560	402	158
40025	724	579	145
40026	660	534	126
40027	771	627	144
40028	634	534	100
40029	626	448	178
40030	523	328	195
40031	679	561	118
40032	671	511	160
40033	603	493	110
40034	562	386	176
40035	443	351	92
40036	537	418	119
40037	644	527	117
40038	752	589	163
40039	255	199	56
41001	570	188	382
41002	620	184	436
41003	586	301	285
41004	578	209	369
41005	714	331	383
41006	675	217	458
41007	631	219	412
41008	611	241	370
41009	581	245	336
41010	603	218	385
41011	651	236	415
41012	628	270	358
41013	719	270	449
41014	643	281	362
41015	754	304	450
41016	571	229	342
41017	527	199	328
41018	569	244	325
41019	659	291	368
41020	442	204	238
41021	583	245	338
41022	661	265	396
41023	628	220	408
41024	563	236	327
41025	545	313	232
41026	531	193	338
41027	549	254	295
41028	611	369	242
41029	506	305	201
41030	571	249	322
41031	548	265	283
41032	509	228	281
41033	565	242	323
41034	560	233	327
41035	715	270	445
41036	601	268	333
41037	643	281	362
41038	594	257	337
41039	646	243	403
41040	693	231	462
41041	653	242	411
41042	634	223	411
41043	629	283	346
41044	617	212	405
41045	592	260	332
41046	589	220	369
41047	679	255	424
42001	604	267	337
42002	878	519	359
42003	733	454	279
42004	1742	863	879
42005	622	281	341
42006	635	346	289
42007	838	400	438
42008	574	327	247
42009	937	576	361
42010	991	527	464
42011	466	211	255
42012	604	237	367
42013	530	274	256
42014	1017	469	548
42015	1047	435	612
42016	738	425	313
42017	1215	525	690
42018	976	540	436
42019	909	434	475
42020	942	440	502
42021	887	491	396
42022	418	181	237
42023	839	354	485
42024	683	349	334
42025	860	402	458
42026	1240	589	651
42027	482	315	167
42028	709	408	301
42029	878	412	466
42030	550	225	325
42031	900	416	484
42032	918	397	521
42033	802	514	288
42034	579	256	323
42035	884	516	368
42036	1315	702	613
42037	583	252	331
42038	743	337	406
42039	1347	667	680
42040	1109	625	484
42041	746	441	305
42042	1268	747	521
43001	378	205	173
43002	753	341	412
43003	692	293	399
43004	897	459	438
43005	675	326	349
43006	552	303	249
43007	457	251	206
43008	538	299	239
43009	686	335	351
43010	870	408	462
43011	679	302	377
43012	445	272	173
43013	680	453	227
43014	686	315	371
43015	713	386	327
43016	1005	544	461
43017	567	244	323
43018	821	368	453
43019	703	406	297
43020	857	515	342
43021	809	448	361
43022	508	308	200
43023	494	247	247
43024	513	282	231
43025	572	332	240
43026	412	229	183
43027	629	339	290
43028	869	518	351
43029	1004	561	443
43030	722	399	323
43031	645	337	308
43032	727	429	298
43033	697	313	384
43034	449	278	171
43035	729	339	390
43036	463	295	168
43037	780	552	228
43038	533	216	317
43039	550	293	257
43040	519	348	171
43041	820	420	400
43042	668	419	249
43043	734	386	348
43044	702	384	318
43045	411	215	196
43046	452	239	213
44001	1084	816	268
44002	788	457	331
44003	395	237	158
44004	580	425	155
44005	724	546	178
44006	951	646	305
44007	484	258	226
44008	998	739	259
44009	764	436	328
44010	806	508	298
44011	838	502	336
44012	776	528	248
44013	668	331	337
44014	703	441	262
44015	681	489	192
44016	858	505	353
44017	961	698	263
44018	830	538	292
44019	857	600	257
44020	897	618	279
44021	862	616	246
44022	693	487	206
44023	694	524	170
44024	517	340	177
44025	771	458	313
44026	900	673	227
44027	865	524	341
44028	750	559	191
44029	882	592	290
44030	913	571	342
44031	669	429	240
44032	861	570	291
44033	765	601	164
44034	751	523	228
44035	834	571	263
44036	835	586	249
44037	818	578	240
44038	947	571	376
44039	809	497	312
44040	749	419	330
44041	950	730	220
45001	486	342	144
45002	573	451	122
45003	520	374	146
45004	686	430	256
45005	605	377	228
45006	778	493	285
45007	834	516	318
45008	588	390	198
45009	575	400	175
45010	579	381	198
45011	433	304	129
45012	533	362	171
45013	476	316	160
45014	773	547	226
45015	659	448	211
45016	469	308	161
45017	620	411	209
45018	625	357	268
45019	321	212	109
45020	402	261	141
45021	523	285	238
45022	552	335	217
45023	550	279	271
45024	460	212	248
45025	378	187	191
45026	325	151	174
45027	559	281	278
45028	471	265	206
45029	376	215	161
45030	519	353	166
45031	452	302	150
45032	520	359	161
45033	388	256	132
45034	572	376	196
45035	622	378	244
45036	595	339	256
45037	539	315	224
45038	562	337	225
45039	557	302	255
45040	530	278	252
45041	516	274	242
45042	526	255	271
45043	605	316	289
45044	541	258	283
45045	400	163	237
45046	440	210	230
45047	416	190	226
45048	464	182	282
46001	493	401	92
46002	647	541	106
46003	779	563	216
46004	627	516	111
46005	882	640	242
46006	557	495	62
46007	676	504	172
46008	433	379	54
46009	736	578	158
46010	1184	871	313
46011	663	514	149
46012	723	636	87
46013	713	553	160
46014	706	615	91
46015	716	550	166
46016	733	595	138
46017	722	525	197
46018	780	547	233
46019	454	317	137
46020	566	479	87
46021	504	427	77
46022	477	418	59
46023	597	508	89
46024	847	603	244
46025	647	554	93
46026	952	778	174
46027	874	707	167
46028	627	425	202
46029	540	407	133
46030	696	556	140
46031	702	565	137
46032	624	532	92
46033	734	552	182
46034	845	675	170
46035	749	614	135
46036	640	428	212
46037	516	452	64
46038	793	632	161
46039	647	466	181
46040	536	437	99
47001	484	339	145
47002	727	418	309
47003	646	437	209
47004	825	539	286
47005	744	597	147
47006	854	586	268
47007	666	440	226
47008	686	424	262
47009	698	422	276
47010	834	687	147
47011	745	457	288
47012	761	523	238
47013	677	520	157
47014	641	385	256
47015	802	724	78
47016	697	484	213
47017	712	459	253
47018	682	448	234
47019	1057	894	163
47020	694	530	164
47021	660	505	155
47022	757	544	213
47023	748	630	118
47024	759	518	241
47025	864	607	257
47026	923	768	155
47027	621	439	182
47028	639	449	190
47029	815	550	265
47030	854	694	160
47031	719	558	161
47032	828	651	177
47033	711	433	278
47034	709	523	186
47035	709	451	258
47036	782	644	138
47037	662	505	157
47038	704	522	182
47039	689	498	191
47040	658	517	141
47041	750	572	178
47042	661	551	110
47043	657	384	273
47044	630	421	209
47045	625	463	162
47046	733	420	313
47047	861	546	315
47048	44	32	12
48001	637	547	90
48002	290	190	100
48003	707	587	120
48004	618	541	77
48005	354	292	62
48006	745	646	99
48007	675	551	124
48008	333	244	89
48009	447	322	125
48010	862	709	153
48011	514	400	114
48012	789	655	134
48013	818	618	200
48014	300	233	67
48015	410	329	81
48016	694	594	100
48017	533	436	97
48018	436	355	81
48019	447	361	86
48020	660	562	98
48021	835	700	135
48022	513	379	134
48023	598	464	134
48024	763	542	221
48025	522	417	105
48026	317	262	55
48027	633	530	103
48028	714	561	153
48029	281	234	47
48030	547	466	81
48031	889	756	133
48032	694	600	94
48033	348	264	84
48034	558	456	102
48035	371	304	67
48036	355	264	91
48037	673	555	118
48038	654	498	156
48039	497	380	117
48040	559	471	88
48041	802	706	96
48042	695	607	88
48043	743	646	97
48044	784	683	101
48045	464	408	56
48046	409	315	94
49001	401	362	39
49002	399	349	50
49003	776	672	104
49004	836	719	117
49005	592	537	55
49006	568	494	74
49007	530	428	102
49008	567	479	88
49009	653	551	102
49010	714	626	88
49011	793	697	96
49012	761	660	101
49013	729	606	123
49014	525	457	68
49015	481	421	60
49016	615	519	96
49017	458	363	95
49018	797	721	76
49019	620	535	85
49020	955	858	97
49021	395	335	60
49022	659	537	122
49023	829	737	92
49024	513	450	63
49025	803	699	104
49026	755	653	102
49027	718	639	79
49028	904	804	100
49029	768	682	86
49030	692	591	101
49031	464	386	78
49032	609	526	83
49033	511	445	66
50001	546	246	300
50002	341	201	140
50003	482	262	220
50004	602	412	190
50005	391	172	219
50006	563	425	138
50007	581	457	124
50008	504	417	87
50009	432	297	135
50010	606	413	193
50011	393	120	273
50012	224	134	90
50013	625	539	86
50014	181	101	80
50015	609	476	133
50016	186	98	88
50017	563	400	163
50018	105	44	61
50019	402	351	51
50020	563	448	115
50021	478	359	119
50022	507	327	180
50023	406	267	139
50024	429	163	266
50025	539	246	293
50026	562	420	142
50027	181	96	85
50028	554	467	87
50029	532	446	86
50030	413	331	82
50031	699	595	104
50032	558	474	84
50033	433	163	270
50034	731	477	254
50035	664	525	139
50036	519	411	108
50037	549	416	133
50038	198	127	71
50039	373	241	132
50040	539	165	374
Barrington 1	813	271	542
Barrington 2	734	302	432
Barrington 3	959	258	701
Barrington 4	1245	299	946
Barrington 5	919	182	737
Barrington 6	1020	395	625
Barrington 7	288	61	227
Barrington 8	1348	336	1012
Barrington 9	601	174	427
Barrington 10	1130	489	641
Barrington 11	713	151	562
Berwyn Ward 1 Precinct 1	509	341	168
Berwyn Ward 1 Precinct 2	574	373	201
Berwyn Ward 1 Precinct 3	857	578	279
Berwyn Ward 1 Precinct 4	510	340	170
Berwyn Ward 1 Precinct 5	497	337	160
Berwyn Ward 2 Precinct 1	374	261	113
Berwyn Ward 2 Precinct 2	569	371	198
Berwyn Ward 2 Precinct 3	814	548	266
Berwyn Ward 2 Precinct 4	1026	724	302
Berwyn Ward 3 Precinct 1	591	394	197
Berwyn Ward 3 Precinct 2	435	267	168
Berwyn Ward 3 Precinct 3	490	332	158
Berwyn Ward 3 Precinct 4	628	416	212
Berwyn Ward 3 Precinct 5	789	517	272
Berwyn Ward 4 Precinct 1	447	297	150
Berwyn Ward 4 Precinct 2	670	488	182
Berwyn Ward 4 Precinct 3	803	538	265
Berwyn Ward 4 Precinct 4	402	281	121
Berwyn Ward 5 Precinct 1	960	709	251
Berwyn Ward 5 Precinct 2	599	473	126
Berwyn Ward 5 Precinct 3	514	348	166
Berwyn Ward 6 Precinct 1	329	231	98
Berwyn Ward 6 Precinct 2	469	347	122
Berwyn Ward 6 Precinct 3	621	464	157
Berwyn Ward 6 Precinct 4	706	529	177
Berwyn Ward 7 Precinct 1	545	399	146
Berwyn Ward 7 Precinct 2	547	396	151
Berwyn Ward 7 Precinct 3	724	477	247
Berwyn Ward 7 Precinct 4	769	557	212
Berwyn Ward 8 Precinct 1	1031	737	294
Berwyn Ward 8 Precinct 2	643	483	160
Berwyn Ward 8 Precinct 3	350	264	86
Bloom 1	807	511	296
Bloom 2	730	463	267
Bloom 3	515	347	168
Bloom 4	522	419	103
Bloom 5	478	293	185
Bloom 6	194	158	36
Bloom 7	707	421	286
Bloom 8	717	368	349
Bloom 9	665	384	281
Bloom 10	181	152	29
Bloom 11	476	238	238
Bloom 12	605	439	166
Bloom 13	954	746	208
Bloom 14	967	656	311
Bloom 15	570	377	193
Bloom 16	639	453	186
Bloom 17	507	427	80
Bloom 18	572	375	197
Bloom 19	612	432	180
Bloom 20	592	347	245
Bloom 21	111	96	15
Bloom 22	538	411	127
Bloom 23	597	482	115
Bloom 24	1138	854	284
Bloom 25	431	329	102
Bloom 26	483	305	178
Bloom 27	618	469	149
Bloom 28	645	419	226
Bloom 29	243	217	26
Bloom 30	775	539	236
Bloom 31	617	338	279
Bloom 32	473	383	90
Bloom 33	529	417	112
Bloom 34	369	296	73
Bloom 35	308	210	98
Bloom 36	791	660	131
Bloom 37	355	274	81
Bloom 38	1435	1144	291
Bloom 39	463	353	110
Bloom 40	422	303	119
Bloom 41	765	619	146
Bloom 42	565	411	154
Bloom 43	569	455	114
Bloom 44	762	489	273
Bloom 45	862	644	218
Bloom 46	458	346	112
Bloom 47	852	511	341
Bloom 48	493	369	124
Bloom 49	611	526	85
Bloom 50	616	383	233
Bloom 51	306	248	58
Bloom 52	407	334	73
Bloom 53	323	206	117
Bloom 54	640	402	238
Bloom 55	523	404	119
Bloom 56	570	337	233
Bloom 57	590	344	246
Bloom 58	444	332	112
Bloom 59	490	366	124
Bloom 60	512	428	84
Bloom 61	598	330	268
Bremen 1	543	450	93
Bremen 2	741	306	435
Bremen 3	644	276	368
Bremen 4	649	364	285
Bremen 5	503	273	230
Bremen 6	514	309	205
Bremen 7	381	309	72
Bremen 8	462	391	71
Bremen 9	534	233	301
Bremen 10	847	341	506
Bremen 11	789	376	413
Bremen 12	496	401	95
Bremen 13	691	364	327
Bremen 14	488	342	146
Bremen 15	467	320	147
Bremen 16	684	248	436
Bremen 17	440	377	63
Bremen 18	943	461	482
Bremen 19	206	168	38
Bremen 20	485	223	262
Bremen 21	700	504	196
Bremen 22	572	246	326
Bremen 23	163	144	19
Bremen 24	556	204	352
Bremen 25	789	392	397
Bremen 26	558	431	127
Bremen 27	727	411	316
Bremen 28	511	242	269
Bremen 29	830	697	133
Bremen 30	668	278	390
Bremen 31	543	427	116
Bremen 32	485	402	83
Bremen 33	631	265	366
Bremen 34	894	313	581
Bremen 35	369	314	55
Bremen 36	489	204	285
Bremen 37	270	229	41
Bremen 38	448	384	64
Bremen 39	265	230	35
Bremen 40	895	714	181
Bremen 41	415	206	209
Bremen 42	920	385	535
Bremen 43	479	326	153
Bremen 44	470	398	72
Bremen 45	310	271	39
Bremen 46	650	244	406
Bremen 47	493	410	83
Bremen 48	455	380	75
Bremen 49	454	378	76
Bremen 50	717	248	469
Bremen 51	702	582	120
Bremen 52	562	269	293
Bremen 53	448	205	243
Bremen 54	585	224	361
Bremen 55	518	371	147
Bremen 56	586	496	90
Bremen 57	716	274	442
Bremen 58	796	314	482
Bremen 59	632	323	309
Bremen 60	575	268	307
Bremen 61	634	277	357
Bremen 62	727	405	322
Bremen 63	742	594	148
Bremen 64	805	388	417
Bremen 65	222	194	28
Bremen 66	436	388	48
Bremen 67	907	337	570
Bremen 68	439	152	287
Bremen 69	664	384	280
Bremen 70	399	326	73
Bremen 71	412	338	74
Bremen 72	464	177	287
Bremen 73	657	346	311
Bremen 74	791	432	359
Bremen 75	716	502	214
Bremen 76	546	205	341
Bremen 77	991	496	495
Bremen 78	515	425	90
Bremen 79	699	291	408
Bremen 80	528	457	71
Calumet 1	610	478	132
Calumet 2	558	406	152
Calumet 3	612	509	103
Calumet 4	483	398	85
Calumet 5	510	435	75
Calumet 6	865	692	173
Calumet 7	624	484	140
Calumet 8	393	309	84
Calumet 9	444	390	54
Calumet 10	631	539	92
Calumet 11	798	697	101
Calumet 12	438	379	59
Cicero 1	781	562	219
Cicero 2	347	266	81
Cicero 3	475	349	126
Cicero 4	575	438	137
Cicero 5	757	492	265
Cicero 6	620	433	187
Cicero 7	388	299	89
Cicero 8	330	248	82
Cicero 9	643	474	169
Cicero 10	681	498	183
Cicero 11	666	459	207
Cicero 12	489	346	143
Cicero 13	581	323	258
Cicero 14	569	401	168
Cicero 15	655	469	186
Cicero 16	463	315	148
Cicero 17	742	536	206
Cicero 18	436	325	111
Cicero 19	837	572	265
Cicero 20	421	306	115
Cicero 21	611	416	195
Cicero 22	500	351	149
Cicero 23	805	565	240
Cicero 24	734	521	213
Cicero 25	567	402	165
Cicero 26	463	329	134
Cicero 27	710	532	178
Cicero 28	645	495	150
Cicero 29	608	449	159
Cicero 30	503	405	98
Cicero 31	457	333	124
Cicero 32	499	363	136
Elk Grove 1	660	305	355
Elk Grove 2	636	397	239
Elk Grove 3	817	415	402
Elk Grove 4	785	402	383
Elk Grove 5	998	453	545
Elk Grove 6	536	298	238
Elk Grove 7	859	388	471
Elk Grove 8	665	246	419
Elk Grove 9	700	391	309
Elk Grove 10	1058	430	628
Elk Grove 11	853	372	481
Elk Grove 12	488	185	303
Elk Grove 13	689	386	303
Elk Grove 14	882	454	428
Elk Grove 15	625	261	364
Elk Grove 16	803	301	502
Elk Grove 17	681	374	307
Elk Grove 18	1002	513	489
Elk Grove 19	975	385	590
Elk Grove 20	778	375	403
Elk Grove 21	661	377	284
Elk Grove 22	787	464	323
Elk Grove 23	1130	509	621
Elk Grove 24	687	322	365
Elk Grove 25	653	227	426
Elk Grove 26	612	276	336
Elk Grove 27	932	370	562
Elk Grove 28	771	466	305
Elk Grove 29	670	287	383
Elk Grove 30	678	317	361
Elk Grove 31	482	251	231
Elk Grove 32	548	338	210
Elk Grove 33	476	209	267
Elk Grove 34	1273	558	715
Elk Grove 35	707	419	288
Elk Grove 36	519	377	142
Elk Grove 37	904	412	492
Elk Grove 38	521	386	135
Elk Grove 39	1057	594	463
Elk Grove 40	739	414	325
Elk Grove 41	568	218	350
Elk Grove 42	621	389	232
Elk Grove 43	683	355	328
Elk Grove 44	632	278	354
Elk Grove 45	617	264	353
Elk Grove 46	542	185	357
Elk Grove 47	885	369	516
Elk Grove 48	454	204	250
Elk Grove 49	871	489	382
Elk Grove 50	432	243	189
Elk Grove 51	990	421	569
Elk Grove 52	330	193	137
Evanston Ward 1 Precinct 1	194	168	26
Evanston Ward 1 Precinct 2	860	634	226
Evanston Ward 1 Precinct 3	769	537	232
Evanston Ward 1 Precinct 4	1058	781	277
Evanston Ward 2 Precinct 1	1512	1096	416
Evanston Ward 2 Precinct 2	567	473	94
Evanston Ward 2 Precinct 3	732	628	104
Evanston Ward 2 Precinct 4	997	857	140
Evanston Ward 2 Precinct 5	670	571	99
Evanston Ward 3 Precinct 1	876	619	257
Evanston Ward 3 Precinct 2	980	763	217
Evanston Ward 3 Precinct 3	841	661	180
Evanston Ward 3 Precinct 4	426	334	92
Evanston Ward 3 Precinct 5	934	718	216
Evanston Ward 3 Precinct 6	791	626	165
Evanston Ward 3 Precinct 7	696	575	121
Evanston Ward 4 Precinct 1	440	362	78
Evanston Ward 4 Precinct 2	713	566	147
Evanston Ward 4 Precinct 3	677	487	190
Evanston Ward 4 Precinct 4	1100	819	281
Evanston Ward 4 Precinct 5	447	357	90
Evanston Ward 4 Precinct 6	982	773	209
Evanston Ward 5 Precinct 1	716	620	96
Evanston Ward 5 Precinct 2	978	800	178
Evanston Ward 5 Precinct 3	714	618	96
Evanston Ward 5 Precinct 4	449	400	49
Evanston Ward 6 Precinct 1	1179	717	462
Evanston Ward 6 Precinct 2	615	402	213
Evanston Ward 6 Precinct 3	629	446	183
Evanston Ward 6 Precinct 4	816	595	221
Evanston Ward 6 Precinct 5	1052	702	350
Evanston Ward 6 Precinct 6	623	388	235
Evanston Ward 6 Precinct 7	974	651	323
Evanston Ward 7 Precinct 1	1168	861	307
Evanston Ward 7 Precinct 2	1269	881	388
Evanston Ward 7 Precinct 3	129	111	18
Evanston Ward 7 Precinct 4	544	418	126
Evanston Ward 7 Precinct 5	1059	647	412
Evanston Ward 7 Precinct 6	14	14	0
Evanston Ward 8 Precinct 1	903	754	149
Evanston Ward 8 Precinct 2	690	620	70
Evanston Ward 8 Precinct 3	595	511	84
Evanston Ward 8 Precinct 4	738	599	139
Evanston Ward 8 Precinct 5	973	807	166
Evanston Ward 9 Precinct 1	636	544	92
Evanston Ward 9 Precinct 2	703	593	110
Evanston Ward 9 Precinct 3	1026	855	171
Evanston Ward 9 Precinct 4	867	727	140
Evanston Ward 9 Precinct 5	555	451	104
Evanston Ward 9 Precinct 6	714	597	117
Hanover 1	1169	616	553
Hanover 2	865	461	404
Hanover 3	339	220	119
Hanover 4	824	437	387
Hanover 5	808	416	392
Hanover 6	638	353	285
Hanover 7	789	425	364
Hanover 8	694	366	328
Hanover 9	766	339	427
Hanover 10	413	241	172
Hanover 11	767	502	265
Hanover 12	552	386	166
Hanover 13	529	294	235
Hanover 14	990	523	467
Hanover 15	636	407	229
Hanover 16	1036	451	585
Hanover 17	626	316	310
Hanover 18	768	451	317
Hanover 19	708	262	446
Hanover 20	1308	585	723
Hanover 21	524	203	321
Hanover 22	705	388	317
Hanover 23	806	406	400
Hanover 24	755	498	257
Hanover 25	721	333	388
Hanover 26	1100	527	573
Hanover 27	2496	1159	1337
Hanover 28	1075	583	492
Hanover 29	452	305	147
Hanover 30	741	397	344
Hanover 31	618	212	406
Hanover 32	628	387	241
Hanover 33	796	458	338
Hanover 34	912	572	340
Hanover 35	765	457	308
Hanover 36	628	350	278
Hanover 37	1022	555	467
Hanover 38	914	450	464
Hanover 39	932	547	385
Hanover 40	898	463	435
Hanover 41	1035	549	486
Hanover 42	840	359	481
Hanover 43	859	455	404
Hanover 44	932	450	482
Lemont 1	929	275	654
Lemont 2	622	206	416
Lemont 3	1013	286	727
Lemont 4	866	230	636
Lemont 5	908	378	530
Lemont 6	951	321	630
Lemont 7	722	304	418
Lemont 8	983	370	613
Lemont 9	563	145	418
Lemont 10	673	271	402
Lemont 11	1161	364	797
Lemont 12	1338	349	989
Lemont 13	1238	330	908
Lemont 14	892	215	677
Leyden 1	532	300	232
Leyden 2	405	213	192
Leyden 3	837	450	387
Leyden 4	641	388	253
Leyden 5	670	379	291
Leyden 6	895	531	364
Leyden 7	387	214	173
Leyden 8	829	459	370
Leyden 9	912	431	481
Leyden 10	961	483	478
Leyden 11	773	367	406
Leyden 12	765	185	580
Leyden 13	816	483	333
Leyden 14	615	343	272
Leyden 15	758	459	299
Leyden 16	815	477	338
Leyden 17	613	293	320
Leyden 18	482	269	213
Leyden 19	807	463	344
Leyden 20	381	192	189
Leyden 21	433	325	108
Leyden 22	525	204	321
Leyden 23	1203	474	729
Leyden 24	727	458	269
Leyden 25	543	251	292
Leyden 26	1137	575	562
Leyden 27	197	95	102
Leyden 28	417	264	153
Leyden 29	460	284	176
Leyden 30	920	450	470
Leyden 31	780	449	331
Leyden 32	858	456	402
Leyden 33	729	384	345
Leyden 34	622	386	236
Leyden 35	345	207	138
Leyden 36	711	416	295
Leyden 37	517	269	248
Leyden 38	305	133	172
Leyden 39	515	295	220
Leyden 40	631	335	296
Leyden 41	360	218	142
Leyden 42	756	310	446
Leyden 43	538	299	239
Leyden 44	653	317	336
Leyden 45	613	297	316
Leyden 46	661	352	309
Leyden 47	631	342	289
Leyden 48	743	460	283
Leyden 49	1040	514	526
Leyden 50	993	563	430
Lyons 1	74	32	42
Lyons 2	588	332	256
Lyons 3	620	327	293
Lyons 4	1071	600	471
Lyons 5	750	390	360
Lyons 6	514	279	235
Lyons 7	674	454	220
Lyons 8	402	212	190
Lyons 9	824	416	408
Lyons 10	624	328	296
Lyons 11	536	213	323
Lyons 12	520	146	374
Lyons 13	317	267	50
Lyons 14	941	341	600
Lyons 15	822	289	533
Lyons 16	1319	621	698
Lyons 17	476	155	321
Lyons 18	630	265	365
Lyons 19	690	393	297
Lyons 20	1245	407	838
Lyons 21	1154	356	798
Lyons 22	464	321	143
Lyons 23	907	353	554
Lyons 24	615	173	442
Lyons 25	753	331	422
Lyons 26	485	136	349
Lyons 27	732	126	606
Lyons 28	1048	357	691
Lyons 29	697	305	392
Lyons 30	112	54	58
Lyons 31	680	204	476
Lyons 32	293	112	181
Lyons 33	280	130	150
Lyons 34	334	170	164
Lyons 35	673	272	401
Lyons 36	801	244	557
Lyons 37	492	271	221
Lyons 38	404	258	146
Lyons 39	740	200	540
Lyons 40	632	230	402
Lyons 41	482	173	309
Lyons 42	711	209	502
Lyons 43	636	222	414
Lyons 44	1134	324	810
Lyons 45	1027	565	462
Lyons 46	644	227	417
Lyons 47	730	270	460
Lyons 48	660	303	357
Lyons 49	468	175	293
Lyons 50	844	416	428
Lyons 51	600	303	297
Lyons 52	816	369	447
Lyons 53	746	285	461
Lyons 54	391	183	208
Lyons 55	820	240	580
Lyons 56	934	596	338
Lyons 57	732	507	225
Lyons 58	649	323	326
Lyons 59	593	379	214
Lyons 60	906	692	214
Lyons 61	725	292	433
Lyons 62	356	74	282
Lyons 63	1072	252	820
Lyons 64	668	369	299
Lyons 65	928	418	510
Lyons 66	445	263	182
Lyons 67	757	447	310
Lyons 68	576	322	254
Lyons 69	996	346	650
Lyons 70	439	379	60
Lyons 71	343	228	115
Lyons 72	967	337	630
Lyons 73	670	334	336
Lyons 74	387	199	188
Lyons 75	523	255	268
Lyons 76	571	280	291
Lyons 77	599	274	325
Lyons 78	509	175	334
Maine 1	606	359	247
Maine 2	614	390	224
Maine 3	297	168	129
Maine 4	727	343	384
Maine 5	990	618	372
Maine 6	959	506	453
Maine 7	503	245	258
Maine 8	815	391	424
Maine 9	1161	656	505
Maine 10	512	282	230
Maine 11	506	276	230
Maine 12	470	255	215
Maine 13	748	407	341
Maine 14	859	448	411
Maine 15	432	223	209
Maine 16	517	270	247
Maine 17	734	380	354
Maine 18	585	317	268
Maine 19	504	244	260
Maine 20	451	209	242
Maine 21	913	367	546
Maine 22	881	341	540
Maine 23	666	377	289
Maine 24	1005	412	593
Maine 25	811	322	489
Maine 26	700	374	326
Maine 27	488	214	274
Maine 28	376	254	122
Maine 29	1132	423	709
Maine 30	1659	580	1079
Maine 31	763	397	366
Maine 32	497	228	269
Maine 33	598	421	177
Maine 34	888	482	406
Maine 35	796	465	331
Maine 36	688	262	426
Maine 37	768	232	536
Maine 38	568	275	293
Maine 39	765	364	401
Maine 40	768	389	379
Maine 41	567	283	284
Maine 42	1017	408	609
Maine 43	622	183	439
Maine 44	532	194	338
Maine 45	340	218	122
Maine 46	858	427	431
Maine 47	762	430	332
Maine 48	800	406	394
Maine 49	679	347	332
Maine 50	691	297	394
Maine 51	851	482	369
Maine 52	632	327	305
Maine 53	658	356	302
Maine 54	724	272	452
Maine 55	664	299	365
Maine 56	942	522	420
Maine 57	531	345	186
Maine 58	908	369	539
Maine 59	747	317	430
Maine 60	1297	486	811
Maine 61	448	216	232
Maine 62	429	225	204
Maine 63	560	293	267
Maine 64	602	279	323
Maine 65	522	212	310
Maine 66	337	175	162
Maine 67	1035	360	675
Maine 68	490	248	242
Maine 69	769	366	403
Maine 70	803	522	281
Maine 71	400	227	173
Maine 72	633	235	398
Maine 73	300	170	130
Maine 74	647	317	330
Maine 75	634	305	329
Maine 76	449	228	221
Maine 77	1136	542	594
Maine 78	664	441	223
Maine 79	644	444	200
Maine 80	618	290	328
Maine 81	539	317	222
Maine 82	676	326	350
Maine 83	534	202	332
Maine 84	465	247	218
Maine 85	406	186	220
Maine 86	531	351	180
Maine 87	454	188	266
Maine 88	458	124	334
Maine 89	505	286	219
Maine 90	485	227	258
Maine 91	1070	518	552
Maine 92	600	359	241
New Trier 1	1250	395	855
New Trier 2	1270	483	787
New Trier 3	792	421	371
New Trier 4	1021	376	645
New Trier 5	662	281	381
New Trier 6	573	210	363
New Trier 7	831	282	549
New Trier 8	705	238	467
New Trier 9	927	255	672
New Trier 10	803	233	570
New Trier 11	1118	276	842
New Trier 12	989	267	722
New Trier 13	1195	557	638
New Trier 14	966	303	663
New Trier 15	1156	398	758
New Trier 16	1146	305	841
New Trier 17	786	398	388
New Trier 18	628	185	443
New Trier 19	633	100	533
New Trier 20	1197	515	682
New Trier 21	872	525	347
New Trier 22	812	210	602
New Trier 23	865	146	719
New Trier 24	1024	647	377
New Trier 25	747	231	516
New Trier 26	619	299	320
New Trier 27	836	411	425
New Trier 28	699	306	393
New Trier 29	775	297	478
New Trier 30	987	315	672
New Trier 31	827	401	426
New Trier 32	778	344	434
New Trier 33	937	469	468
New Trier 34	705	386	319
New Trier 35	467	223	244
New Trier 36	1105	526	579
New Trier 37	829	387	442
New Trier 38	856	435	421
New Trier 39	574	261	313
New Trier 40	504	136	368
New Trier 41	708	161	547
Niles 1	839	366	473
Niles 2	957	559	398
Niles 3	1273	468	805
Niles 4	738	377	361
Niles 5	546	236	310
Niles 6	757	268	489
Niles 7	1215	779	436
Niles 8	357	247	110
Niles 9	513	229	284
Niles 10	895	538	357
Niles 11	431	181	250
Niles 12	596	412	184
Niles 13	940	482	458
Niles 14	968	671	297
Niles 15	915	602	313
Niles 16	1119	742	377
Niles 17	966	660	306
Niles 18	474	302	172
Niles 19	817	410	407
Niles 20	735	429	306
Niles 21	1089	762	327
Niles 22	782	561	221
Niles 23	822	495	327
Niles 24	973	687	286
Niles 25	481	327	154
Niles 26	985	526	459
Niles 27	775	589	186
Niles 28	819	418	401
Niles 29	606	366	240
Niles 30	732	427	305
Niles 31	802	467	335
Niles 32	373	241	132
Niles 33	992	710	282
Niles 34	824	485	339
Niles 35	888	522	366
Niles 36	523	392	131
Niles 37	796	550	246
Niles 38	1396	773	623
Niles 39	946	593	353
Niles 40	465	214	251
Niles 41	920	589	331
Niles 42	826	534	292
Niles 43	1080	592	488
Niles 44	919	648	271
Niles 45	600	370	230
Niles 46	975	540	435
Niles 47	453	291	162
Niles 48	772	540	232
Niles 49	930	670	260
Niles 50	961	518	443
Niles 51	514	308	206
Niles 52	667	373	294
Niles 53	1162	722	440
Niles 54	519	297	222
Niles 55	513	355	158
Niles 56	1071	539	532
Niles 57	982	556	426
Niles 58	948	570	378
Niles 59	1200	674	526
Niles 60	1033	646	387
Niles 61	1132	715	417
Niles 62	520	330	190
Niles 63	965	646	319
Niles 64	1020	632	388
Northfield 1	1029	620	409
Northfield 2	788	321	467
Northfield 3	623	270	353
Northfield 4	789	306	483
Northfield 5	599	256	343
Northfield 6	891	228	663
Northfield 7	1063	374	689
Northfield 8	886	257	629
Northfield 9	599	163	436
Northfield 10	758	336	422
Northfield 11	499	174	325
Northfield 12	1349	495	854
Northfield 13	695	242	453
Northfield 14	703	288	415
Northfield 15	615	293	322
Northfield 16	930	355	575
Northfield 17	697	260	437
Northfield 18	1088	406	682
Northfield 19	889	375	514
Northfield 20	845	349	496
Northfield 21	1233	444	789
Northfield 22	855	321	534
Northfield 23	643	147	496
Northfield 24	768	291	477
Northfield 25	714	319	395
Northfield 26	672	342	330
Northfield 27	828	505	323
Northfield 28	1364	627	737
Northfield 29	693	252	441
Northfield 30	868	324	544
Northfield 31	1058	315	743
Northfield 32	1069	446	623
Northfield 33	567	297	270
Northfield 34	570	249	321
Northfield 35	901	246	655
Northfield 36	585	248	337
Northfield 37	936	342	594
Northfield 38	679	285	394
Northfield 39	486	214	272
Northfield 40	585	248	337
Northfield 41	724	289	435
Northfield 42	715	306	409
Northfield 43	828	393	435
Northfield 44	616	274	342
Northfield 45	1039	361	678
Northfield 46	1120	493	627
Northfield 47	1004	453	551
Northfield 48	800	296	504
Northfield 49	645	268	377
Northfield 50	997	346	651
Northfield 51	2124	797	1327
Northfield 52	730	299	431
Northfield 53	804	354	450
Northfield 54	608	280	328
Northfield 55	645	366	279
Northfield 56	1037	459	578
Northfield 57	594	234	360
Northfield 58	449	171	278
Northfield 59	731	335	396
Northfield 60	968	454	514
Northfield 61	606	210	396
Northfield 62	897	327	570
Norwood Park 1	788	403	385
Norwood Park 2	735	349	386
Norwood Park 3	836	338	498
Norwood Park 4	931	447	484
Norwood Park 5	649	259	390
Norwood Park 6	1082	489	593
Norwood Park 7	679	250	429
Norwood Park 8	530	201	329
Norwood Park 9	519	209	310
Norwood Park 10	542	168	374
Norwood Park 11	1030	407	623
Norwood Park 12	581	316	265
Norwood Park 13	617	250	367
Norwood Park 14	608	246	362
Norwood Park 15	611	312	299
Norwood Park 16	535	262	273
Norwood Park 17	730	344	386
Oak Park 1	603	469	134
Oak Park 2	1053	630	423
Oak Park 3	1092	792	300
Oak Park 4	941	541	400
Oak Park 5	991	657	334
Oak Park 6	1072	837	235
Oak Park 7	626	408	218
Oak Park 8	807	683	124
Oak Park 9	515	401	114
Oak Park 10	828	669	159
Oak Park 11	739	574	165
Oak Park 12	469	324	145
Oak Park 13	815	662	153
Oak Park 14	929	553	376
Oak Park 15	1052	832	220
Oak Park 16	1221	865	356
Oak Park 17	1215	910	305
Oak Park 18	761	479	282
Oak Park 19	976	736	240
Oak Park 20	1299	924	375
Oak Park 21	637	516	121
Oak Park 22	696	543	153
Oak Park 23	891	599	292
Oak Park 24	639	421	218
Oak Park 25	827	628	199
Oak Park 26	735	584	151
Oak Park 27	269	201	68
Oak Park 28	1144	865	279
Oak Park 29	763	536	227
Oak Park 30	940	776	164
Oak Park 31	1299	1028	271
Oak Park 32	563	449	114
Oak Park 33	730	606	124
Oak Park 34	698	515	183
Oak Park 35	1084	780	304
Oak Park 36	1018	730	288
Oak Park 37	480	364	116
Orland 1	1130	515	615
Orland 2	901	332	569
Orland 3	461	241	220
Orland 4	555	218	337
Orland 5	556	218	338
Orland 6	469	188	281
Orland 7	486	196	290
Orland 8	652	280	372
Orland 9	899	417	482
Orland 10	778	336	442
Orland 11	515	205	310
Orland 12	386	150	236
Orland 13	996	447	549
Orland 14	749	303	446
Orland 15	1050	351	699
Orland 16	775	228	547
Orland 17	525	244	281
Orland 18	1016	384	632
Orland 19	528	227	301
Orland 20	455	148	307
Orland 21	906	280	626
Orland 22	683	297	386
Orland 23	580	241	339
Orland 24	731	272	459
Orland 25	1128	476	652
Orland 26	632	269	363
Orland 27	511	240	271
Orland 28	541	193	348
Orland 29	1240	391	849
Orland 30	489	208	281
Orland 31	571	238	333
Orland 32	485	200	285
Orland 33	583	204	379
Orland 34	807	325	482
Orland 35	776	276	500
Orland 36	934	418	516
Orland 37	783	298	485
Orland 38	441	220	221
Orland 39	585	236	349
Orland 40	859	370	489
Orland 41	674	250	424
Orland 42	843	336	507
Orland 43	655	265	390
Orland 44	635	216	419
Orland 45	670	235	435
Orland 46	554	241	313
Orland 47	1077	389	688
Orland 48	700	300	400
Orland 49	529	178	351
Orland 50	632	253	379
Orland 51	968	284	684
Orland 52	704	269	435
Orland 53	594	210	384
Orland 54	1088	344	744
Orland 55	566	209	357
Orland 56	648	149	499
Orland 57	745	243	502
Orland 58	752	282	470
Orland 59	770	289	481
Orland 60	533	189	344
Orland 61	614	232	382
Orland 62	789	303	486
Orland 63	820	263	557
Orland 64	1057	286	771
Orland 65	710	249	461
Orland 66	661	239	422
Orland 67	471	193	278
Orland 68	602	206	396
Orland 69	439	258	181
Orland 70	995	382	613
Orland 71	680	218	462
Orland 72	606	239	367
Orland 73	996	435	561
Orland 74	463	173	290
Orland 75	922	260	662
Palatine 1	561	256	305
Palatine 2	1020	389	631
Palatine 3	613	153	460
Palatine 4	547	350	197
Palatine 5	993	468	525
Palatine 6	870	404	466
Palatine 7	803	364	439
Palatine 8	862	432	430
Palatine 9	745	277	468
Palatine 10	966	218	748
Palatine 11	689	344	345
Palatine 12	722	242	480
Palatine 13	744	351	393
Palatine 14	748	374	374
Palatine 15	886	401	485
Palatine 16	686	437	249
Palatine 17	740	343	397
Palatine 18	554	273	281
Palatine 19	799	321	478
Palatine 20	728	473	255
Palatine 21	964	469	495
Palatine 22	710	348	362
Palatine 23	551	142	409
Palatine 24	1019	469	550
Palatine 25	625	264	361
Palatine 26	938	417	521
Palatine 27	611	326	285
Palatine 28	528	233	295
Palatine 29	977	478	499
Palatine 30	611	311	300
Palatine 31	551	230	321
Palatine 32	728	256	472
Palatine 33	467	273	194
Palatine 34	942	309	633
Palatine 35	670	294	376
Palatine 36	708	344	364
Palatine 37	888	435	453
Palatine 38	750	238	512
Palatine 39	1114	525	589
Palatine 40	1210	465	745
Palatine 41	1062	440	622
Palatine 42	978	488	490
Palatine 43	753	279	474
Palatine 44	1003	237	766
Palatine 45	598	222	376
Palatine 46	906	392	514
Palatine 47	836	387	449
Palatine 48	608	195	413
Palatine 49	583	158	425
Palatine 50	1153	479	674
Palatine 51	448	201	247
Palatine 52	782	267	515
Palatine 53	630	286	344
Palatine 54	943	446	497
Palatine 55	544	204	340
Palatine 56	927	398	529
Palatine 57	1014	495	519
Palatine 58	741	403	338
Palatine 59	1085	558	527
Palatine 60	792	524	268
Palatine 61	511	298	213
Palatine 62	710	456	254
Palatine 63	813	355	458
Palatine 64	811	427	384
Palatine 65	651	278	373
Palatine 66	948	621	327
Palatine 67	666	148	518
Palatine 68	639	245	394
Palatine 69	748	373	375
Palos 1	456	122	334
Palos 2	546	172	374
Palos 3	614	210	404
Palos 4	542	243	299
Palos 5	529	236	293
Palos 6	403	235	168
Palos 7	813	365	448
Palos 8	334	121	213
Palos 9	574	163	411
Palos 10	866	236	630
Palos 11	741	221	520
Palos 12	696	348	348
Palos 13	749	228	521
Palos 14	457	204	253
Palos 15	654	208	446
Palos 16	964	316	648
Palos 17	922	394	528
Palos 18	771	384	387
Palos 19	875	368	507
Palos 20	842	351	491
Palos 21	560	259	301
Palos 22	109	50	59
Palos 23	545	264	281
Palos 24	492	130	362
Palos 25	508	376	132
Palos 26	476	199	277
Palos 27	752	338	414
Palos 28	581	444	137
Palos 29	760	240	520
Palos 30	789	304	485
Palos 31	820	341	479
Palos 32	366	149	217
Palos 33	778	263	515
Palos 34	483	221	262
Palos 35	968	412	556
Palos 36	864	424	440
Palos 37	864	288	576
Palos 38	747	297	450
Palos 39	914	290	624
Proviso 1	543	417	126
Proviso 2	544	419	125
Proviso 3	733	536	197
Proviso 4	621	540	81
Proviso 5	574	487	87
Proviso 6	533	277	256
Proviso 7	89	63	26
Proviso 8	445	348	97
Proviso 9	574	493	81
Proviso 10	545	427	118
Proviso 11	562	375	187
Proviso 12	738	474	264
Proviso 13	726	471	255
Proviso 14	471	297	174
Proviso 15	579	433	146
Proviso 16	663	493	170
Proviso 17	422	353	69
Proviso 18	828	695	133
Proviso 19	616	532	84
Proviso 20	490	420	70
Proviso 21	557	293	264
Proviso 22	474	414	60
Proviso 23	272	141	131
Proviso 24	996	376	620
Proviso 25	865	392	473
Proviso 26	887	463	424
Proviso 27	818	447	371
Proviso 28	855	420	435
Proviso 29	952	522	430
Proviso 30	691	525	166
Proviso 31	376	313	63
Proviso 32	858	478	380
Proviso 33	694	591	103
Proviso 34	951	780	171
Proviso 35	898	423	475
Proviso 36	624	543	81
Proviso 37	413	347	66
Proviso 38	585	483	102
Proviso 39	772	597	175
Proviso 40	555	470	85
Proviso 41	484	400	84
Proviso 42	377	325	52
Proviso 43	385	320	65
Proviso 44	442	385	57
Proviso 45	540	471	69
Proviso 46	220	89	131
Proviso 47	362	306	56
Proviso 48	752	613	139
Proviso 49	458	352	106
Proviso 50	1089	754	335
Proviso 51	793	447	346
Proviso 52	455	380	75
Proviso 53	616	538	78
Proviso 54	1162	603	559
Proviso 55	690	281	409
Proviso 56	446	386	60
Proviso 57	664	385	279
Proviso 58	397	342	55
Proviso 59	580	400	180
Proviso 60	437	312	125
Proviso 61	717	520	197
Proviso 62	806	604	202
Proviso 63	890	441	449
Proviso 64	611	520	91
Proviso 65	543	424	119
Proviso 66	888	628	260
Proviso 67	977	703	274
Proviso 68	463	288	175
Proviso 69	455	394	61
Proviso 70	591	251	340
Proviso 71	1173	779	394
Proviso 72	574	413	161
Proviso 73	655	488	167
Proviso 74	725	528	197
Proviso 75	802	447	355
Proviso 76	839	599	240
Proviso 77	485	251	234
Proviso 78	278	203	75
Proviso 79	483	385	98
Proviso 80	466	338	128
Proviso 81	567	388	179
Proviso 82	876	744	132
Proviso 83	749	633	116
Proviso 84	575	248	327
Proviso 85	862	476	386
Proviso 86	560	475	85
Proviso 87	723	423	300
Proviso 88	343	248	95
Proviso 89	539	288	251
Proviso 90	1156	663	493
Proviso 91	560	392	168
Proviso 92	988	546	442
Proviso 93	520	343	177
Proviso 94	520	442	78
Proviso 95	506	337	169
Proviso 96	450	277	173
Proviso 97	1007	456	551
Proviso 98	683	362	321
Proviso 99	628	548	80
Proviso 100	906	430	476
Proviso 101	657	336	321
Proviso 102	895	499	396
Rich 1	2283	1905	378
Rich 2	659	535	124
Rich 3	930	665	265
Rich 4	573	484	89
Rich 5	840	639	201
Rich 6	889	670	219
Rich 7	674	428	246
Rich 8	1110	900	210
Rich 9	730	622	108
Rich 10	543	419	124
Rich 11	669	473	196
Rich 12	816	618	198
Rich 13	409	325	84
Rich 14	614	460	154
Rich 15	1082	907	175
Rich 16	534	396	138
Rich 17	622	459	163
Rich 18	771	628	143
Rich 19	472	254	218
Rich 20	1147	549	598
Rich 21	820	632	188
Rich 22	688	539	149
Rich 23	995	810	185
Rich 24	751	589	162
Rich 25	1017	817	200
Rich 26	831	654	177
Rich 27	795	640	155
Rich 28	551	455	96
Rich 29	754	478	276
Rich 30	890	751	139
Rich 31	612	367	245
Rich 32	911	729	182
Rich 33	598	335	263
Rich 34	639	515	124
Rich 35	526	391	135
Rich 36	1737	1434	303
Rich 37	534	460	74
Rich 38	674	568	106
Rich 39	756	597	159
Rich 40	633	531	102
Rich 41	468	361	107
Rich 42	641	553	88
Rich 43	757	649	108
Rich 44	535	442	93
Rich 45	867	657	210
Rich 46	944	838	106
Rich 47	1071	874	197
Rich 48	691	589	102
Rich 49	725	528	197
Rich 50	414	211	203
Rich 51	628	513	115
River Forest 1	1160	497	663
River Forest 2	718	238	480
River Forest 3	766	444	322
River Forest 4	888	414	474
River Forest 5	617	312	305
River Forest 6	573	251	322
River Forest 7	796	445	351
River Forest 8	1043	551	492
Riverside 1	897	385	512
Riverside 2	79	48	31
Riverside 3	502	272	230
Riverside 4	1012	514	498
Riverside 5	526	315	211
Riverside 6	662	359	303
Riverside 7	577	291	286
Riverside 8	924	473	451
Riverside 9	658	304	354
Riverside 10	907	406	501
Riverside 11	970	491	479
Riverside 12	554	323	231
Riverside 13	916	477	439
Schaumburg 1	1243	745	498
Schaumburg 2	1145	705	440
Schaumburg 3	761	374	387
Schaumburg 4	458	312	146
Schaumburg 5	386	179	207
Schaumburg 6	664	382	282
Schaumburg 7	550	358	192
Schaumburg 8	589	309	280
Schaumburg 9	660	401	259
Schaumburg 10	492	256	236
Schaumburg 11	707	304	403
Schaumburg 12	759	409	350
Schaumburg 13	557	240	317
Schaumburg 14	802	333	469
Schaumburg 15	747	353	394
Schaumburg 16	911	492	419
Schaumburg 17	704	320	384
Schaumburg 18	669	424	245
Schaumburg 19	528	312	216
Schaumburg 20	554	245	309
Schaumburg 21	947	444	503
Schaumburg 22	790	509	281
Schaumburg 23	782	401	381
Schaumburg 24	861	385	476
Schaumburg 25	710	391	319
Schaumburg 26	806	405	401
Schaumburg 27	676	410	266
Schaumburg 28	845	435	410
Schaumburg 29	836	372	464
Schaumburg 30	649	299	350
Schaumburg 31	973	545	428
Schaumburg 32	876	448	428
Schaumburg 33	597	253	344
Schaumburg 34	790	516	274
Schaumburg 35	527	279	248
Schaumburg 36	529	271	258
Schaumburg 37	494	226	268
Schaumburg 38	686	371	315
Schaumburg 39	1026	440	586
Schaumburg 40	662	315	347
Schaumburg 41	655	309	346
Schaumburg 42	927	551	376
Schaumburg 43	612	408	204
Schaumburg 44	926	624	302
Schaumburg 45	828	502	326
Schaumburg 46	536	269	267
Schaumburg 47	701	320	381
Schaumburg 48	645	343	302
Schaumburg 49	565	318	247
Schaumburg 50	529	196	333
Schaumburg 51	545	342	203
Schaumburg 52	1021	445	576
Schaumburg 53	706	343	363
Schaumburg 54	927	360	567
Schaumburg 55	618	282	336
Schaumburg 56	821	368	453
Schaumburg 57	962	380	582
Schaumburg 58	526	261	265
Schaumburg 59	978	387	591
Schaumburg 60	562	321	241
Schaumburg 61	1073	574	499
Schaumburg 62	898	499	399
Schaumburg 63	676	278	398
Schaumburg 64	676	301	375
Schaumburg 65	603	319	284
Schaumburg 66	697	309	388
Schaumburg 67	724	382	342
Schaumburg 68	699	313	386
Schaumburg 69	609	271	338
Schaumburg 70	637	205	432
Schaumburg 71	699	376	323
Schaumburg 72	697	331	366
Schaumburg 73	887	409	478
Schaumburg 74	570	217	353
Schaumburg 75	603	235	368
Schaumburg 76	743	315	428
Schaumburg 77	968	527	441
Schaumburg 78	654	375	279
Stickney 1	358	173	185
Stickney 2	522	309	213
Stickney 3	988	499	489
Stickney 4	793	379	414
Stickney 5	897	457	440
Stickney 6	1005	498	507
Stickney 7	435	234	201
Stickney 8	705	359	346
Stickney 9	662	345	317
Stickney 10	784	419	365
Stickney 11	757	378	379
Stickney 12	766	438	328
Stickney 13	616	328	288
Stickney 14	903	428	475
Stickney 15	820	433	387
Stickney 16	813	490	323
Stickney 17	498	284	214
Stickney 18	436	231	205
Stickney 19	629	374	255
Stickney 20	563	319	244
Thornton 1	341	289	52
Thornton 2	300	230	70
Thornton 3	637	463	174
Thornton 4	667	571	96
Thornton 5	480	363	117
Thornton 6	730	601	129
Thornton 7	492	415	77
Thornton 8	642	526	116
Thornton 9	281	229	52
Thornton 10	597	454	143
Thornton 11	335	245	90
Thornton 12	537	414	123
Thornton 13	583	422	161
Thornton 14	641	451	190
Thornton 15	546	446	100
Thornton 16	656	393	263
Thornton 17	776	591	185
Thornton 18	1002	621	381
Thornton 19	789	579	210
Thornton 20	492	273	219
Thornton 21	859	674	185
Thornton 22	516	454	62
Thornton 23	530	416	114
Thornton 24	748	500	248
Thornton 25	630	394	236
Thornton 26	550	389	161
Thornton 27	759	621	138
Thornton 28	421	340	81
Thornton 29	291	256	35
Thornton 30	351	293	58
Thornton 31	205	159	46
Thornton 32	411	343	68
Thornton 33	546	461	85
Thornton 34	817	683	134
Thornton 35	861	651	210
Thornton 36	268	236	32
Thornton 37	722	505	217
Thornton 38	842	658	184
Thornton 39	403	327	76
Thornton 40	400	332	68
Thornton 41	385	315	70
Thornton 42	359	312	47
Thornton 43	563	349	214
Thornton 44	410	335	75
Thornton 45	497	426	71
Thornton 46	626	535	91
Thornton 47	514	346	168
Thornton 48	555	451	104
Thornton 49	300	258	42
Thornton 50	511	399	112
Thornton 51	551	346	205
Thornton 52	565	483	82
Thornton 53	404	328	76
Thornton 54	868	712	156
Thornton 55	431	341	90
Thornton 56	572	445	127
Thornton 57	461	291	170
Thornton 58	687	519	168
Thornton 59	388	313	75
Thornton 60	356	290	66
Thornton 61	398	322	76
Thornton 62	225	153	72
Thornton 63	358	264	94
Thornton 64	460	367	93
Thornton 65	861	590	271
Thornton 66	862	698	164
Thornton 67	800	500	300
Thornton 68	686	463	223
Thornton 69	401	333	68
Thornton 70	303	249	54
Thornton 71	308	270	38
Thornton 72	565	473	92
Thornton 73	876	737	139
Thornton 74	623	508	115
Thornton 75	522	436	86
Thornton 76	696	591	105
Thornton 77	901	770	131
Thornton 78	591	472	119
Thornton 79	597	456	141
Thornton 80	547	446	101
Thornton 81	530	432	98
Thornton 82	574	264	310
Thornton 83	783	648	135
Thornton 84	731	634	97
Thornton 85	465	376	89
Thornton 86	501	404	97
Thornton 87	788	637	151
Thornton 88	555	470	85
Thornton 89	784	660	124
Thornton 90	606	509	97
Thornton 91	562	435	127
Thornton 92	702	550	152
Thornton 93	398	347	51
Thornton 94	663	524	139
Thornton 95	354	310	44
Thornton 96	453	382	71
Thornton 97	299	226	73
Thornton 98	218	184	34
Thornton 99	508	392	116
Thornton 100	351	291	60
Thornton 101	481	407	74
Thornton 102	329	282	47
Thornton 103	324	273	51
Thornton 104	224	195	29
Thornton 105	500	419	81
Thornton 106	344	295	49
Thornton 107	742	620	122
Thornton 108	341	284	57
Thornton 109	375	329	46
Thornton 110	346	298	48
Thornton 111	381	315	66
Thornton 112	334	280	54
Thornton 113	282	238	44
Thornton 114	594	401	193
Thornton 115	560	476	84
Thornton 116	659	527	132
Thornton 117	716	456	260
Thornton 118	538	370	168
Thornton 119	559	479	80
Thornton 120	918	723	195
Thornton 121	423	347	76
Thornton 122	838	664	174
Thornton 123	411	338	73
Wheeling 1	803	423	380
Wheeling 2	571	232	339
Wheeling 3	774	358	416
Wheeling 4	569	311	258
Wheeling 5	733	367	366
Wheeling 6	513	255	258
Wheeling 7	994	459	535
Wheeling 8	538	225	313
Wheeling 9	707	422	285
Wheeling 10	983	363	620
Wheeling 11	1063	458	605
Wheeling 12	1134	519	615
Wheeling 13	741	268	473
Wheeling 14	600	228	372
Wheeling 15	635	288	347
Wheeling 16	359	222	137
Wheeling 17	727	398	329
Wheeling 18	722	321	401
Wheeling 19	980	422	558
Wheeling 20	851	384	467
Wheeling 21	563	181	382
Wheeling 22	858	430	428
Wheeling 23	727	194	533
Wheeling 24	568	219	349
Wheeling 25	933	454	479
Wheeling 26	1099	472	627
Wheeling 27	1149	560	589
Wheeling 28	1032	399	633
Wheeling 29	483	248	235
Wheeling 30	1097	411	686
Wheeling 31	547	271	276
Wheeling 32	527	222	305
Wheeling 33	522	322	200
Wheeling 34	1029	393	636
Wheeling 35	701	289	412
Wheeling 36	1082	439	643
Wheeling 37	894	556	338
Wheeling 38	954	491	463
Wheeling 39	874	430	444
Wheeling 40	865	334	531
Wheeling 41	1274	494	780
Wheeling 42	1078	471	607
Wheeling 43	928	448	480
Wheeling 44	966	363	603
Wheeling 45	618	287	331
Wheeling 46	1249	509	740
Wheeling 47	710	371	339
Wheeling 48	660	313	347
Wheeling 49	1083	669	414
Wheeling 50	600	358	242
Wheeling 51	955	435	520
Wheeling 52	652	304	348
Wheeling 53	877	317	560
Wheeling 54	972	341	631
Wheeling 55	801	427	374
Wheeling 56	707	324	383
Wheeling 57	887	346	541
Wheeling 58	702	339	363
Wheeling 59	918	437	481
Wheeling 60	549	269	280
Wheeling 61	963	361	602
Wheeling 62	900	401	499
Wheeling 63	710	402	308
Wheeling 64	1134	590	544
Wheeling 65	1010	435	575
Wheeling 66	947	472	475
Wheeling 67	410	191	219
Wheeling 68	478	175	303
Wheeling 69	754	384	370
Wheeling 70	998	476	522
Wheeling 71	1193	492	701
Wheeling 72	735	383	352
Wheeling 73	802	354	448
Wheeling 74	529	319	210
Wheeling 75	840	332	508
Wheeling 76	1039	596	443
Wheeling 77	377	258	119
Wheeling 78	1148	525	623
Wheeling 79	676	360	316
Wheeling 80	705	439	266
Wheeling 81	596	206	390
Wheeling 82	1060	479	581
Wheeling 83	1105	512	593
Wheeling 84	1097	620	477
Wheeling 85	658	284	374
Wheeling 86	884	404	480
Wheeling 87	750	315	435
Wheeling 88	912	496	416
Wheeling 89	486	263	223
Wheeling 90	742	309	433
Wheeling 91	899	414	485
Wheeling 92	1173	486	687
Worth 1	425	216	209
Worth 2	837	425	412
Worth 3	720	314	406
Worth 4	922	580	342
Worth 5	795	292	503
Worth 6	800	380	420
Worth 7	728	219	509
Worth 8	797	495	302
Worth 9	773	406	367
Worth 10	828	465	363
Worth 11	746	356	390
Worth 12	467	223	244
Worth 13	786	402	384
Worth 14	622	424	198
Worth 15	935	508	427
Worth 16	938	369	569
Worth 17	762	510	252
Worth 18	543	151	392
Worth 19	698	403	295
Worth 20	504	330	174
Worth 21	982	488	494
Worth 22	590	298	292
Worth 23	826	372	454
Worth 24	418	312	106
Worth 25	849	409	440
Worth 26	611	363	248
Worth 27	584	265	319
Worth 28	500	320	180
Worth 29	392	280	112
Worth 30	776	362	414
Worth 31	860	489	371
Worth 32	496	186	310
Worth 33	731	359	372
Worth 34	683	411	272
Worth 35	842	380	462
Worth 36	778	425	353
Worth 37	499	371	128
Worth 38	713	448	265
Worth 39	670	292	378
Worth 40	747	453	294
Worth 41	391	158	233
Worth 42	632	334	298
Worth 43	365	311	54
Worth 44	510	249	261
Worth 45	593	229	364
Worth 46	881	401	480
Worth 47	427	202	225
Worth 48	527	225	302
Worth 49	454	197	257
Worth 50	711	354	357
Worth 51	503	164	339
Worth 52	455	186	269
Worth 53	750	364	386
Worth 54	740	386	354
Worth 55	416	220	196
Worth 56	718	232	486
Worth 57	805	391	414
Worth 58	771	375	396
Worth 59	830	616	214
Worth 60	444	169	275
Worth 61	613	258	355
Worth 62	428	147	281
Worth 63	683	376	307
Worth 64	1000	368	632
Worth 65	1045	318	727
Worth 66	589	264	325
Worth 67	509	198	311
Worth 68	520	357	163
Worth 69	820	495	325
Worth 70	856	384	472
Worth 71	583	268	315
Worth 72	774	402	372
Worth 73	462	255	207
Worth 74	300	145	155
Worth 75	893	424	469
Worth 76	356	196	160
Worth 77	737	314	423
Worth 78	893	430	463
Worth 79	474	162	312
Worth 80	764	527	237
Worth 81	540	198	342
Worth 82	670	292	378
Worth 83	301	195	106
Worth 84	768	308	460
Worth 85	733	323	410
Worth 86	718	367	351
Worth 87	613	296	317
Worth 88	442	225	217
Worth 89	917	312	605
Worth 90	805	449	356
Worth 91	379	177	202
Worth 92	759	338	421
Worth 93	400	202	198
Worth 94	831	416	415
Worth 95	782	253	529
Worth 96	835	538	297
Worth 97	551	402	149
Worth 98	798	356	442
Worth 99	463	199	264
Worth 100	787	323	464
