Precinct	total_votes	votes|Yes	votes|No
01001	710	638	72
01002	567	527	40
01003	795	712	83
01004	794	710	84
01005	715	623	92
01006	602	520	82
01007	463	407	56
01008	583	528	55
01009	456	421	35
01010	865	748	117
01011	792	697	95
01012	812	729	83
01013	329	301	28
01014	672	602	70
01015	610	555	55
01016	724	648	76
01017	575	523	52
01018	666	627	39
01019	782	708	74
01020	520	493	27
01021	989	881	108
01022	460	412	48
01023	861	795	66
01024	609	556	53
01025	658	606	52
01026	446	428	18
01027	764	661	103
01028	220	201	19
01029	874	778	96
01030	755	689	66
01031	618	561	57
01032	653	553	100
01033	756	662	94
01034	525	487	38
01035	837	721	116
01036	783	687	96
01037	714	618	96
01038	653	586	67
01039	551	492	59
01040	596	538	58
01041	390	352	38
01042	215	185	30
01043	427	375	52
01044	623	562	61
02001	766	687	79
02002	459	366	93
02003	785	701	84
02004	683	613	70
02005	820	716	104
02006	721	648	73
02007	634	553	81
02008	871	761	110
02009	647	521	126
02010	477	350	127
02011	660	507	153
02012	535	452	83
02013	538	411	127
02014	699	622	77
02015	617	543	74
02016	655	577	78
02017	751	654	97
02018	612	484	128
02019	421	318	103
02020	881	718	163
02021	721	659	62
02022	696	533	163
02023	428	331	97
02024	611	496	115
02025	776	657	119
02026	589	480	109
02027	572	418	154
02028	755	624	131
02029	748	594	154
02030	557	427	130
02031	706	552	154
02032	580	451	129
02033	909	711	198
02034	476	354	122
02035	860	726	134
02036	744	580	164
02037	541	449	92
02038	588	440	148
02039	462	362	100
02040	929	762	167
02041	788	625	163
02042	740	631	109
02043	889	698	191
02044	399	311	88
02045	771	658	113
02046	388	305	83
03001	762	743	19
03002	597	574	23
03003	493	454	39
03004	630	607	23
03005	331	315	16
03006	880	739	141
03007	344	324	20
03008	443	430	13
03009	662	642	20
03010	272	261	11
03011	624	609	15
03012	533	509	24
03013	734	636	98
03014	723	660	63
03015	517	499	18
03016	460	445	15
03017	898	833	65
03018	767	732	35
03019	777	642	135
03020	607	585	22
03021	652	522	130
03022	893	750	143
03023	485	451	34
03024	492	474	18
03025	1131	918	213
03026	706	577	129
03027	812	669	143
03028	316	304	12
03029	604	570	34
03030	484	465	19
03031	664	643	21
03032	1014	879	135
03033	791	681	110
03034	952	844	108
03035	304	286	18
03036	265	259	6
03037	506	491	15
03038	397	391	6
03039	1257	1089	168
03040	644	594	50
03041	404	376	28
04001	875	814	61
04002	845	728	117
04003	489	477	12
04004	761	735	26
04005	614	588	26
04006	647	614	33
04007	743	717	26
04008	655	646	9
04009	638	628	10
04010	766	729	37
04011	608	582	26
04012	766	742	24
04013	870	779	91
04014	603	577	26
04015	661	643	18
04016	1135	998	137
04017	743	658	85
04018	559	536	23
04019	445	425	20
04020	523	448	75
04021	716	622	94
04022	588	531	57
04023	738	693	45
04024	567	531	36
04025	828	706	122
04026	525	500	25
04027	801	762	39
04028	527	508	19
04029	545	535	10
04030	805	780	25
04031	553	542	11
04032	664	637	27
04033	573	540	33
04034	532	511	21
04035	689	659	30
04036	735	703	32
04037	1216	1054	162
04038	651	631	20
05001	518	498	20
05002	407	396	11
05003	573	537	36
05004	745	713	32
05005	498	484	14
05006	436	423	13
05007	551	526	25
05008	588	521	67
05009	662	632	30
05010	457	444	13
05011	557	515	42
05012	355	345	10
05013	483	466	17
05014	438	429	9
05015	557	523	34
05016	523	505	18
05017	455	434	21
05018	518	498	20
05019	515	483	32
05020	618	590	28
05021	567	537	30
05022	670	632	38
05023	977	876	101
05024	703	647	56
05025	473	459	14
05026	535	527	8
05027	575	498	77
05028	561	536	25
05029	559	539	20
05030	363	353	10
05031	423	413	10
05032	607	590	17
05033	507	491	16
05034	600	513	87
05035	714	670	44
05036	331	320	11
05037	572	540	32
05038	514	497	17
05039	460	405	55
05040	415	402	13
05041	252	235	17
06001	462	451	11
06002	450	440	10
06003	446	434	12
06004	312	296	16
06005	280	263	17
06006	516	501	15
06007	441	423	18
06008	446	437	9
06009	449	429	20
06010	314	302	12
06011	381	370	11
06012	335	323	12
06013	329	318	11
06014	392	381	11
06015	393	370	23
06016	439	422	17
06017	312	296	16
06018	320	311	9
06019	356	342	14
06020	299	292	7
06021	223	213	10
06022	275	264	11
06023	248	236	12
06024	237	220	17
06025	230	216	14
06026	322	306	16
06027	269	264	5
06028	219	210	9
06029	462	449	13
06030	370	354	16
06031	394	383	11
06032	433	422	11
06033	436	417	19
06034	437	421	16
06035	404	393	11
06036	477	459	18
06037	471	453	18
06038	488	477	11
06039	363	348	15
06040	390	379	11
06041	439	424	15
06042	434	426	8
06043	418	409	9
06044	484	471	13
06045	445	429	16
06046	323	311	12
06047	302	291	11
06048	428	406	22
07001	436	417	19
07002	433	417	16
07003	418	410	8
07004	419	413	6
07005	386	364	22
07006	547	524	23
07007	409	395	14
07008	293	282	11
07009	710	686	24
07010	415	406	9
07011	486	478	8
07012	423	414	9
07013	253	249	4
07014	489	462	27
07015	405	389	16
07016	402	386	16
07017	336	328	8
07018	394	380	14
07019	397	390	7
07020	335	329	6
07021	325	311	14
07022	357	340	17
07023	378	367	11
07024	337	323	14
07025	338	320	18
07026	319	303	16
07027	321	315	6
07028	310	290	20
07029	376	364	12
07030	336	323	13
07031	310	298	12
07032	505	497	8
07033	512	505	7
07034	502	486	16
07035	453	440	13
07036	518	509	9
07037	428	415	13
07038	367	357	10
07039	376	367	9
07040	343	330	13
07041	381	366	15
07042	384	378	6
07043	391	380	11
07044	361	351	10
07045	408	389	19
07046	119	115	4
08001	387	374	13
08002	405	392	13
08003	464	454	10
08004	476	463	13
08005	365	357	8
08006	419	407	12
08007	487	475	12
08008	435	426	9
08009	286	274	12
08010	538	522	16
08011	359	344	15
08012	382	373	9
08013	500	488	12
08014	361	350	11
08015	262	253	9
08016	132	123	9
08017	363	350	13
08018	421	403	18
08019	477	463	14
08020	503	489	14
08021	562	545	17
08022	382	371	11
08023	323	310	13
08024	237	230	7
08025	427	407	20
08026	369	364	5
08027	480	465	15
08028	439	425	14
08029	477	462	15
08030	476	466	10
08031	342	329	13
08032	338	332	6
08033	341	330	11
08034	380	366	14
08035	492	471	21
08036	432	418	14
08037	344	337	7
08038	306	296	10
08039	419	412	7
08040	357	347	10
08041	465	443	22
08042	557	538	19
08043	251	238	13
08044	312	303	9
08045	373	354	19
08046	343	340	3
08047	355	341	14
08048	393	383	10
08049	399	384	15
08050	434	424	10
08051	420	410	10
08052	536	525	11
08053	260	254	6
08054	360	345	15
08055	349	340	9
08056	447	434	13
09001	395	380	15
09002	338	323	15
09003	268	254	14
09004	325	319	6
09005	409	404	5
09006	377	361	16
09007	318	310	8
09008	436	428	8
09009	483	469	14
09010	325	311	14
09011	297	278	19
09012	462	447	15
09013	463	449	14
09014	465	454	11
09015	447	428	19
09016	395	389	6
09017	306	298	8
09018	296	288	8
09019	414	408	6
09020	372	358	14
09021	380	368	12
09022	448	439	9
09023	453	442	11
09024	404	385	19
09025	359	348	11
09026	378	362	16
09027	337	323	14
09028	267	257	10
09029	366	358	8
09030	357	348	9
09031	342	333	9
09032	414	401	13
09033	303	291	12
09034	341	327	14
09035	373	367	6
09036	342	331	11
09037	633	573	60
09038	394	384	10
09039	433	423	10
09040	453	445	8
09041	341	336	5
09042	437	420	17
09043	378	366	12
09044	369	359	10
09045	301	288	13
09046	381	362	19
09047	431	424	7
09048	426	418	8
09049	451	433	18
09050	571	559	12
09051	404	388	16
10001	334	309	25
10002	463	360	103
10003	485	385	100
10004	351	334	17
10005	371	304	67
10006	378	345	33
10007	323	293	30
10008	224	214	10
10009	442	343	99
10010	494	428	66
10011	576	525	51
10012	323	291	32
10013	399	371	28
10014	569	499	70
10015	759	738	21
10016	361	306	55
10017	593	464	129
10018	259	246	13
10019	476	401	75
10020	476	416	60
10021	459	412	47
10022	264	248	16
10023	395	371	24
10024	444	335	109
10025	134	131	3
10026	327	311	16
10027	372	355	17
10028	515	476	39
10029	472	433	39
10030	392	357	35
10031	379	365	14
10032	477	418	59
10033	348	322	26
10034	310	300	10
10035	482	383	99
10036	106	98	8
11001	523	442	81
11002	38	32	6
11003	566	523	43
11004	417	363	54
11005	721	632	89
11006	877	764	113
11007	535	473	62
11008	508	426	82
11009	475	400	75
11010	528	426	102
11011	619	500	119
11012	703	459	244
11013	662	438	224
11014	303	234	69
11015	215	182	33
11016	391	309	82
11017	653	535	118
11018	446	351	95
11019	734	640	94
11020	394	311	83
11021	650	445	205
11022	676	551	125
11023	303	226	77
11024	587	409	178
11025	687	562	125
11026	569	455	114
11027	223	191	32
11028	256	195	61
11029	653	458	195
11030	307	250	57
11031	537	374	163
11032	242	152	90
11033	727	607	120
11034	177	127	50
11035	114	92	22
11036	258	218	40
11037	181	166	15
11038	289	262	27
12001	465	417	48
12002	406	377	29
12003	579	498	81
12004	546	487	59
12005	446	370	76
12006	565	513	52
12007	443	424	19
12008	491	437	54
12009	395	361	34
12010	623	598	25
12011	526	496	30
12012	481	440	41
12013	532	489	43
12014	397	380	17
12015	432	408	24
12016	416	395	21
12017	557	516	41
12018	422	402	20
12019	466	421	45
12020	560	531	29
12021	509	454	55
12022	446	433	13
12023	497	447	50
13001	412	313	99
13002	331	245	86
13003	351	330	21
13004	466	334	132
13005	502	452	50
13006	383	238	145
13007	360	313	47
13008	331	243	88
13009	456	402	54
13010	359	209	150
13011	453	337	116
13012	393	336	57
13013	400	350	50
13014	417	356	61
13015	578	520	58
13016	309	284	25
13017	368	284	84
13018	347	246	101
13019	538	513	25
13020	296	202	94
13021	479	312	167
13022	472	317	155
13023	350	306	44
13024	411	346	65
13025	419	363	56
13026	422	339	83
13027	390	311	79
13028	322	291	31
13029	343	292	51
13030	329	305	24
13031	469	313	156
13032	362	239	123
13033	401	292	109
13034	412	385	27
13035	353	317	36
13036	301	270	31
13037	411	372	39
13038	360	231	129
13039	397	356	41
13040	403	346	57
13041	483	456	27
13042	435	258	177
13043	398	325	73
13044	410	381	29
13045	433	330	103
13046	484	439	45
13047	466	426	40
13048	358	252	106
14001	493	313	180
14002	622	566	56
14003	449	422	27
14004	479	293	186
14005	638	607	31
14006	243	232	11
14007	600	541	59
14008	565	515	50
14009	595	436	159
14010	332	298	34
14011	270	254	16
14012	490	430	60
14013	426	396	30
14014	430	411	19
14015	469	452	17
14016	340	315	25
14017	401	370	31
14018	224	191	33
14019	433	399	34
14020	364	345	19
14021	443	407	36
14022	649	562	87
14023	335	280	55
14024	538	378	160
14025	249	223	26
14026	352	331	21
14027	455	415	40
14028	385	359	26
14029	348	326	22
14030	313	300	13
14031	254	240	14
15001	385	361	24
15002	246	235	11
15003	269	263	6
15004	451	430	21
15005	410	383	27
15006	467	434	33
15007	246	238	8
15008	445	410	35
15009	599	560	39
15010	603	552	51
15011	537	498	39
15012	548	509	39
15013	441	419	22
15014	393	375	18
15015	391	373	18
15016	496	467	29
15017	249	239	10
15018	194	187	7
15019	378	356	22
15020	255	245	10
15021	212	205	7
15022	247	235	12
15023	264	256	8
15024	256	243	13
16001	543	518	25
16002	315	296	19
16003	293	280	13
16004	362	345	17
16005	244	231	13
16006	300	293	7
16007	335	321	14
16008	226	222	4
16009	316	304	12
16010	277	269	8
16011	334	322	12
16012	295	281	14
16013	401	387	14
16014	257	245	12
16015	313	298	15
16016	263	254	9
16017	454	443	11
16018	395	381	14
16019	320	304	16
16020	236	226	10
16021	288	275	13
16022	260	250	10
16023	457	442	15
16024	154	143	11
16025	386	365	21
16026	231	218	13
16027	239	231	8
16028	270	262	8
16029	262	256	6
16030	242	230	12
16031	313	299	14
16032	449	421	28
16033	252	244	8
16034	276	266	10
16035	490	467	23
16036	221	216	5
17001	453	429	24
17002	378	368	10
17003	396	374	22
17004	440	427	13
17005	294	285	9
17006	405	391	14
17007	405	381	24
17008	288	278	10
17009	287	280	7
17010	508	479	29
17011	302	292	10
17012	567	539	28
17013	291	277	14
17014	444	421	23
17015	394	388	6
17016	460	442	18
17017	405	395	10
17018	441	426	15
17019	234	223	11
17020	476	467	9
17021	450	442	8
17022	367	352	15
17023	252	244	8
17024	296	290	6
17025	309	300	9
17026	383	375	8
17027	233	231	2
17028	299	281	18
17029	376	361	15
17030	395	374	21
17031	234	227	7
17032	309	301	8
17033	219	199	20
17034	270	266	4
17035	266	261	5
17036	259	248	11
17037	310	293	17
17038	418	397	21
17039	396	381	15
17040	413	397	16
17041	506	493	13
18001	422	408	14
18002	502	458	44
18003	409	343	66
18004	468	454	14
18005	267	261	6
18006	416	350	66
18007	453	416	37
18008	433	419	14
18009	412	396	16
18010	544	533	11
18011	410	378	32
18012	411	398	13
18013	483	459	24
18014	444	434	10
18015	501	463	38
18016	413	401	12
18017	446	422	24
18018	338	333	5
18019	378	369	9
18020	311	301	10
18021	557	533	24
18022	478	467	11
18023	440	421	19
18024	435	388	47
18025	476	407	69
18026	530	516	14
18027	378	363	15
18028	442	351	91
18029	504	468	36
18030	553	470	83
18031	469	459	10
18032	436	419	17
18033	320	304	16
18034	485	462	23
18035	495	481	14
18036	481	444	37
18037	494	484	10
18038	394	385	9
18039	382	372	10
18040	490	450	40
18041	510	487	23
18042	389	376	13
18043	383	332	51
18044	407	323	84
18045	464	438	26
18046	506	430	76
18047	340	327	13
18048	313	303	10
18049	302	294	8
18050	330	312	18
19001	444	251	193
19002	643	558	85
19003	423	168	255
19004	596	283	313
19005	555	441	114
19006	548	284	264
19007	458	312	146
19008	578	264	314
19009	351	189	162
19010	613	499	114
19011	495	212	283
19012	433	202	231
19013	579	549	30
19014	531	448	83
19015	675	332	343
19016	499	230	269
19017	424	240	184
19018	489	361	128
19019	621	503	118
19020	406	363	43
19021	534	254	280
19022	539	391	148
19023	514	300	214
19024	368	159	209
19025	477	336	141
19026	501	353	148
19027	476	423	53
19028	569	545	24
19029	551	304	247
19030	498	253	245
19031	464	325	139
19032	440	242	198
19033	548	259	289
19034	437	305	132
19035	444	329	115
19036	677	617	60
19037	482	426	56
19038	445	399	46
19039	239	229	10
19040	554	451	103
19041	496	240	256
19042	408	339	69
19043	657	632	25
19044	601	266	335
19045	502	296	206
19046	502	297	205
19047	685	613	72
19048	586	568	18
19049	597	547	50
19050	413	259	154
19051	560	338	222
19052	611	307	304
19053	469	318	151
19054	425	200	225
19055	432	216	216
19056	519	421	98
19057	406	339	67
20001	460	451	9
20002	156	141	15
20003	391	381	10
20004	200	190	10
20005	493	475	18
20006	189	181	8
20007	512	502	10
20008	385	372	13
20009	606	588	18
20010	300	291	9
20011	562	542	20
20012	416	397	19
20013	389	369	20
20014	246	236	10
20015	442	421	21
20016	526	499	27
20017	287	272	15
20018	309	302	7
20019	465	453	12
20020	346	324	22
20021	365	350	15
20022	589	572	17
20023	252	248	4
20024	577	538	39
20025	299	290	9
20026	417	396	21
20027	228	225	3
20028	268	253	15
20029	296	285	11
20030	188	180	8
20031	526	507	19
20032	344	333	11
20033	274	266	8
20034	567	528	39
20035	319	296	23
20036	143	136	7
20037	133	129	4
20038	147	137	10
20039	37	37	0
21001	468	461	7
21002	302	291	11
21003	428	414	14
21004	359	348	11
21005	451	437	14
21006	350	341	9
21007	420	408	12
21008	442	428	14
21009	439	428	11
21010	360	350	10
21011	382	370	12
21012	370	359	11
21013	439	433	6
21014	466	451	15
21015	383	377	6
21016	377	360	17
21017	358	343	15
21018	398	387	11
21019	476	465	11
21020	387	379	8
21021	357	347	10
21022	393	377	16
21023	403	392	11
21024	429	423	6
21025	378	363	15
21026	438	422	16
21027	462	454	8
21028	505	487	18
21029	472	464	8
21030	372	351	21
21031	226	219	7
21032	301	296	5
21033	366	353	13
21034	399	386	13
21035	508	500	8
21036	425	411	14
21037	300	290	10
21038	442	429	13
21039	400	392	8
21040	396	385	11
21041	447	433	14
21042	464	452	12
21043	415	403	12
21044	454	441	13
21045	401	391	10
21046	447	429	18
21047	381	364	17
21048	423	408	15
21049	464	453	11
21050	309	295	14
21051	427	415	12
21052	413	394	19
21053	359	342	17
21054	357	347	10
22001	221	217	4
22002	552	460	92
22003	673	634	39
22004	360	349	11
22005	418	400	18
22006	419	402	17
22007	348	328	20
22008	641	568	73
22009	349	338	11
22010	580	543	37
22011	340	321	19
22012	361	314	47
22013	460	435	25
22014	360	342	18
22015	361	346	15
22016	351	328	23
22017	576	548	28
22018	380	366	14
22019	211	205	6
22020	434	415	19
22021	409	401	8
22022	412	386	26
22023	463	453	10
22024	523	498	25
22025	419	393	26
23001	417	265	152
23002	468	352	116
23003	415	243	172
23004	423	311	112
23005	453	418	35
23006	455	411	44
23007	424	387	37
23008	535	438	97
23009	417	383	34
23010	508	446	62
23011	510	479	31
23012	486	284	202
23013	413	390	23
23014	387	244	143
23015	396	372	24
23016	443	264	179
23017	346	328	18
23018	397	272	125
23019	385	367	18
23020	310	283	27
23021	416	247	169
23022	460	366	94
23023	417	297	120
23024	398	360	38
23025	385	342	43
23026	434	387	47
23027	409	239	170
23028	505	351	154
23029	375	290	85
23030	517	470	47
23031	393	352	41
23032	409	371	38
23033	472	434	38
23034	475	438	37
23035	350	240	110
23036	452	267	185
23037	487	306	181
23038	407	301	106
23039	480	455	25
24001	324	316	8
24002	376	363	13
24003	432	416	16
24004	302	294	8
24005	201	191	10
24006	373	358	15
24007	277	267	10
24008	174	166	8
24009	353	340	13
24010	184	175	9
24011	394	379	15
24012	229	220	9
24013	225	217	8
24014	330	316	14
24015	203	196	7
24016	1057	979	78
24017	275	270	5
24018	321	307	14
24019	407	392	15
24020	308	295	13
24021	203	196	7
24022	445	433	12
24023	318	312	6
24024	427	416	11
24025	291	282	9
24026	534	516	18
24027	376	360	16
24028	227	221	6
24029	276	265	11
24030	227	221	6
24031	397	382	15
24032	189	180	9
24033	221	214	7
24034	346	337	9
24035	349	339	10
24036	415	397	18
24037	184	179	5
24038	293	282	11
24039	360	346	14
24040	429	409	20
24041	167	160	7
25001	439	408	31
25002	695	655	40
25003	1032	861	171
25004	437	395	42
25005	560	502	58
25006	208	188	20
25007	599	562	37
25008	632	605	27
25009	554	525	29
25010	842	693	149
25011	590	551	39
25012	537	490	47
25013	673	639	34
25014	438	394	44
25015	483	440	43
25016	1058	849	209
25017	591	543	48
25018	354	299	55
25019	599	569	30
25020	326	293	33
25021	1125	976	149
25022	577	548	29
25023	642	599	43
25024	584	543	41
25025	516	412	104
25026	562	520	42
25027	790	674	116
25028	607	569	38
25029	451	414	37
25030	553	515	38
25031	1211	988	223
25032	484	428	56
26001	476	428	48
26002	377	350	27
26003	541	481	60
26004	316	297	19
26005	396	373	23
26006	379	355	24
26007	418	391	27
26008	278	258	20
26009	357	340	17
26010	435	402	33
26011	426	384	42
26012	456	425	31
26013	249	237	12
26014	357	341	16
26015	275	250	25
26016	244	228	16
26017	397	326	71
26018	315	285	30
26019	269	252	17
26020	402	372	30
26021	508	479	29
26022	262	246	16
26023	324	310	14
26024	366	348	18
26025	354	334	20
26026	314	293	21
26027	492	450	42
26028	577	496	81
26029	242	213	29
26030	354	332	22
26031	208	184	24
26032	543	477	66
26033	507	482	25
26034	468	434	34
26035	378	354	24
26036	452	399	53
26037	460	440	20
26038	211	194	17
26039	522	476	46
26040	286	269	17
26041	477	452	25
26042	355	329	26
26043	272	259	13
26044	243	228	15
26045	229	207	22
26046	347	293	54
26047	318	299	19
26048	451	421	30
26049	290	278	12
27001	1276	1077	199
27002	582	483	99
27003	240	233	7
27004	259	248	11
27005	392	376	16
27006	633	552	81
27007	741	668	73
27008	383	368	15
27009	283	223	60
27010	423	393	30
27011	669	560	109
27012	452	386	66
27013	668	611	57
27014	233	221	12
27015	246	230	16
27016	651	537	114
27017	505	474	31
27018	330	303	27
27019	240	224	16
27020	331	314	17
27021	521	439	82
27022	212	202	10
27023	289	280	9
27024	313	294	19
27025	457	427	30
27026	324	303	21
27027	649	606	43
27028	745	641	104
27029	307	295	12
27030	215	207	8
27031	344	332	12
27032	450	419	31
27033	738	647	91
27034	251	246	5
27035	687	572	115
27036	339	324	15
27037	547	484	63
27038	677	604	73
27039	334	309	25
27040	757	637	120
27041	369	353	16
27042	373	330	43
27043	379	370	9
27044	324	314	10
27045	1616	1363	253
27046	493	386	107
27047	304	288	16
27048	980	860	120
27049	334	326	8
27050	427	410	17
28001	264	252	12
28002	350	337	13
28003	279	265	14
28004	427	367	60
28005	245	232	13
28006	226	192	34
28007	381	360	21
28008	641	549	92
28009	355	343	12
28010	548	481	67
28011	915	845	70
28012	331	319	12
28013	403	377	26
28014	348	331	17
28015	65	62	3
28016	234	226	8
28017	309	303	6
28018	298	287	11
28019	339	301	38
28020	294	280	14
28021	302	289	13
28022	341	326	15
28023	443	422	21
28024	308	289	19
28025	525	509	16
28026	356	347	9
28027	441	358	83
28028	543	446	97
28029	192	178	14
28030	50	50	0
28031	408	392	16
28032	355	335	20
28033	384	368	16
28034	649	619	30
28035	441	421	20
28036	187	182	5
28037	411	394	17
28038	144	138	6
28039	283	269	14
28040	468	457	11
28041	234	221	13
28042	364	344	20
28043	428	415	13
28044	260	249	11
28045	615	528	87
28046	754	660	94
29001	628	563	65
29002	531	518	13
29003	418	400	18
29004	526	516	10
29005	342	326	16
29006	340	326	14
29007	482	448	34
29008	430	408	22
29009	522	433	89
29010	614	544	70
29011	250	241	9
29012	559	534	25
29013	442	428	14
29014	396	387	9
29015	497	485	12
29016	409	397	12
29017	412	396	16
29018	419	399	20
29019	418	402	16
29020	460	436	24
29021	567	536	31
29022	386	361	25
29023	568	476	92
29024	427	416	11
29025	489	475	14
29026	422	401	21
29027	411	398	13
29028	547	520	27
29029	616	495	121
29030	655	597	58
29031	552	413	139
29032	564	442	122
29033	319	301	18
29034	329	304	25
29035	317	305	12
29036	382	373	9
29037	430	408	22
29038	607	540	67
29039	560	493	67
29040	497	487	10
29041	389	377	12
29042	496	473	23
29043	589	557	32
29044	500	476	24
30001	600	532	68
30002	569	490	79
30003	422	378	44
30004	533	441	92
30005	417	382	35
30006	359	323	36
30007	587	522	65
30008	650	584	66
30009	483	431	52
30010	518	465	53
30011	525	495	30
30012	512	457	55
30013	538	478	60
30014	406	374	32
30015	480	407	73
30016	314	277	37
30017	556	499	57
30018	665	624	41
30019	552	518	34
30020	602	527	75
30021	409	340	69
30022	775	719	56
30023	672	619	53
30024	795	737	58
30025	792	733	59
30026	343	312	31
30027	400	351	49
30028	553	507	46
30029	382	355	27
30030	229	218	11
30031	351	308	43
30032	456	411	45
31001	350	319	31
31002	315	302	13
31003	368	331	37
31004	463	437	26
31005	375	347	28
31006	259	243	16
31007	541	501	40
31008	322	302	20
31009	391	355	36
31010	431	403	28
31011	316	276	40
31012	319	275	44
31013	398	380	18
31014	357	314	43
31015	374	338	36
31016	438	412	26
31017	340	308	32
31018	337	310	27
31019	344	308	36
31020	314	291	23
31021	323	302	21
31022	305	287	18
31023	392	341	51
31024	372	345	27
31025	351	319	32
31026	375	340	35
31027	413	361	52
31028	327	298	29
31029	347	320	27
31030	297	276	21
31031	315	277	38
31032	290	266	24
31033	356	320	36
31034	374	332	42
31035	437	401	36
31036	384	354	30
31037	337	308	29
31038	329	302	27
31039	418	397	21
31040	410	375	35
31041	341	324	17
32001	847	730	117
32002	767	653	114
32003	707	656	51
32004	649	562	87
32005	724	640	84
32006	826	722	104
32007	805	707	98
32008	896	737	159
32009	733	617	116
32010	807	659	148
32011	588	529	59
32012	466	435	31
32013	807	683	124
32014	712	651	61
32015	659	559	100
32016	675	579	96
32017	648	587	61
32018	681	551	130
32019	675	591	84
32020	619	577	42
32021	710	601	109
32022	782	717	65
32023	732	609	123
32024	627	500	127
32025	687	596	91
32026	681	625	56
32027	758	610	148
32028	652	588	64
32029	707	618	89
32030	722	569	153
32031	771	638	133
32032	797	671	126
32033	673	551	122
32034	777	686	91
32035	697	575	122
32036	747	634	113
32037	804	705	99
32038	726	623	103
32039	829	655	174
32040	711	593	118
32041	759	592	167
32042	676	559	117
32043	596	547	49
33001	698	659	39
33002	872	801	71
33003	930	843	87
33004	919	816	103
33005	693	620	73
33006	607	554	53
33007	708	668	40
33008	844	752	92
33009	770	664	106
33010	595	536	59
33011	693	634	59
33012	704	638	66
33013	658	597	61
33014	326	287	39
33015	704	643	61
33016	936	837	99
33017	714	638	76
33018	998	920	78
33019	838	744	94
33020	854	799	55
33021	707	649	58
33022	644	562	82
33023	758	687	71
33024	819	712	107
33025	830	738	92
33026	522	489	33
33027	810	748	62
33028	625	585	40
34001	462	452	10
34002	381	368	13
34003	428	420	8
34004	329	321	8
34005	388	375	13
34006	492	476	16
34007	455	442	13
34008	359	349	10
34009	296	285	11
34010	340	335	5
34011	377	361	16
34012	468	458	10
34013	434	422	12
34014	349	337	12
34015	407	392	15
34016	384	367	17
34017	520	505	15
34018	303	293	10
34019	470	455	15
34020	466	453	13
34021	491	475	16
34022	429	423	6
34023	359	354	5
34024	367	357	10
34025	633	618	15
34026	487	470	17
34027	357	347	10
34028	274	263	11
34029	357	345	12
34030	414	398	16
34031	357	341	16
34032	418	405	13
34033	364	346	18
34034	490	475	15
34035	524	507	17
34036	365	350	15
34037	249	242	7
34038	213	206	7
34039	326	310	16
34040	465	455	10
34041	257	249	8
34042	407	400	7
34043	386	375	11
34044	398	389	9
34045	430	417	13
34046	288	280	8
34047	388	378	10
34048	417	408	9
34049	391	385	6
34050	346	340	6
34051	463	444	19
34052	325	321	4
34053	299	283	16
35001	618	566	52
35002	601	543	58
35003	524	487	37
35004	596	530	66
35005	513	480	33
35006	598	554	44
35007	611	569	42
35008	593	548	45
35009	537	493	44
35010	691	647	44
35011	675	618	57
35012	420	390	30
35013	422	398	24
35014	477	449	28
35015	693	644	49
35016	334	314	20
35017	595	559	36
35018	386	364	22
35019	375	357	18
35020	595	549	46
35021	593	558	35
35022	704	656	48
35023	615	549	66
35024	534	480	54
35025	609	562	47
35026	503	451	52
35027	538	484	54
35028	557	505	52
35029	561	517	44
35030	559	524	35
35031	628	542	86
36001	489	439	50
36002	496	465	31
36003	443	401	42
36004	534	492	42
36005	431	410	21
36006	460	421	39
36007	560	430	130
36008	407	381	26
36009	472	436	36
36010	636	577	59
36011	352	325	27
36012	335	313	22
36013	356	338	18
36014	546	467	79
36015	524	440	84
36016	510	443	67
36017	606	503	103
36018	539	446	93
36019	630	564	66
36020	567	479	88
36021	465	438	27
36022	444	404	40
36023	442	413	29
36024	593	514	79
36025	506	470	36
36026	496	391	105
36027	465	411	54
36028	521	428	93
36029	550	445	105
36030	489	410	79
37001	221	209	12
37002	355	341	14
37003	281	272	9
37004	328	310	18
37005	408	393	15
37006	265	260	5
37007	338	320	18
37008	306	290	16
37009	400	384	16
37010	497	464	33
37011	260	251	9
37012	371	352	19
37013	300	286	14
37014	441	421	20
37015	406	387	19
37016	445	432	13
37017	289	279	10
37018	345	330	15
37019	285	276	9
37020	353	342	11
37021	366	349	17
37022	372	353	19
37023	383	372	11
37024	372	357	15
37025	345	326	19
37026	519	492	27
37027	371	356	15
37028	356	343	13
37029	370	348	22
37030	346	338	8
37031	445	428	17
37032	354	335	19
37033	294	278	16
37034	347	338	9
37035	395	382	13
37036	281	272	9
37037	422	405	17
37038	418	397	21
37039	321	310	11
37040	408	395	13
37041	405	386	19
38001	502	435	67
38002	542	296	246
38003	550	416	134
38004	531	387	144
38005	543	413	130
38006	564	426	138
38007	515	353	162
38008	518	398	120
38009	613	442	171
38010	487	385	102
38011	477	387	90
38012	516	299	217
38013	611	425	186
38014	563	437	126
38015	501	407	94
38016	527	385	142
38017	647	435	212
38018	574	423	151
38019	597	459	138
38020	554	373	181
38021	506	430	76
38022	486	406	80
38023	553	428	125
38024	572	387	185
38025	506	388	118
38026	555	437	118
38027	546	375	171
38028	659	420	239
38029	559	448	111
38030	540	391	149
38031	530	413	117
38032	526	410	116
38033	479	396	83
38034	505	439	66
38035	524	442	82
38036	515	411	104
38037	530	432	98
38038	527	392	135
38039	580	481	99
38040	534	413	121
38041	494	419	75
39001	557	377	180
39002	389	330	59
39003	588	497	91
39004	526	373	153
39005	564	481	83
39006	554	485	69
39007	479	412	67
39008	546	479	67
39009	505	419	86
39010	246	227	19
39011	523	438	85
39012	721	650	71
39013	483	408	75
39014	543	455	88
39015	639	442	197
39016	515	469	46
39017	565	454	111
39018	534	447	87
39019	532	436	96
39020	685	482	203
39021	550	387	163
39022	532	472	60
39023	549	361	188
39024	677	454	223
39025	471	422	49
39026	532	388	144
39027	80	56	24
39028	672	593	79
39029	287	258	29
39030	657	598	59
39031	486	428	58
39032	471	379	92
39033	562	495	67
39034	652	561	91
39035	547	485	62
39036	137	123	14
39037	513	380	133
39038	286	230	56
39039	349	266	83
39040	561	405	156
39041	563	404	159
39042	570	362	208
39043	550	361	189
39044	444	288	156
39045	495	337	158
40001	561	472	89
40002	618	547	71
40003	757	683	74
40004	375	333	42
40005	648	577	71
40006	714	654	60
40007	582	505	77
40008	805	739	66
40009	478	443	35
40010	665	609	56
40011	624	554	70
40012	549	490	59
40013	882	814	68
40014	574	508	66
40015	612	544	68
40016	806	722	84
40017	493	433	60
40018	484	445	39
40019	746	658	88
40020	638	587	51
40021	680	614	66
40022	725	663	62
40023	722	659	63
40024	562	507	55
40025	709	648	61
40026	649	596	53
40027	766	697	69
40028	629	572	57
40029	611	517	94
40030	520	421	99
40031	669	616	53
40032	668	597	71
40033	585	545	40
40034	549	455	94
40035	431	390	41
40036	514	461	53
40037	627	575	52
40038	738	663	75
40039	242	223	19
41001	555	289	266
41002	612	309	303
41003	564	363	201
41004	557	323	234
41005	691	470	221
41006	641	375	266
41007	601	341	260
41008	595	355	240
41009	552	370	182
41010	583	333	250
41011	629	357	272
41012	610	419	191
41013	687	415	272
41014	628	416	212
41015	716	449	267
41016	555	341	214
41017	523	334	189
41018	538	334	204
41019	609	407	202
41020	420	278	142
41021	568	354	214
41022	649	404	245
41023	614	346	268
41024	563	350	213
41025	545	430	115
41026	505	295	210
41027	541	379	162
41028	606	476	130
41029	488	370	118
41030	502	343	159
41031	520	374	146
41032	496	310	186
41033	547	331	216
41034	530	304	226
41035	715	431	284
41036	593	388	205
41037	642	401	241
41038	573	384	189
41039	613	375	238
41040	645	350	295
41041	625	383	242
41042	596	343	253
41043	599	392	207
41044	591	323	268
41045	569	359	210
41046	583	354	229
41047	641	403	238
42001	577	436	141
42002	882	747	135
42003	727	615	112
42004	1722	1387	335
42005	614	481	133
42006	624	506	118
42007	818	638	180
42008	557	468	89
42009	906	766	140
42010	970	761	209
42011	459	349	110
42012	574	435	139
42013	518	397	121
42014	993	799	194
42015	1011	814	197
42016	704	570	134
42017	1159	861	298
42018	923	795	128
42019	887	702	185
42020	913	687	226
42021	883	767	116
42022	398	324	74
42023	785	598	187
42024	651	505	146
42025	833	639	194
42026	1211	918	293
42027	482	379	103
42028	694	556	138
42029	845	656	189
42030	514	386	128
42031	848	676	172
42032	862	668	194
42033	777	629	148
42034	572	417	155
42035	881	733	148
42036	1267	1050	217
42037	552	437	115
42038	725	565	160
42039	1317	1075	242
42040	1068	886	182
42041	726	611	115
42042	1248	1026	222
43001	355	292	63
43002	734	597	137
43003	651	515	136
43004	865	716	149
43005	639	520	119
43006	534	449	85
43007	387	327	60
43008	511	412	99
43009	674	531	143
43010	832	638	194
43011	657	533	124
43012	436	369	67
43013	653	566	87
43014	659	517	142
43015	683	565	118
43016	992	814	178
43017	532	420	112
43018	792	623	169
43019	677	545	132
43020	837	696	141
43021	802	663	139
43022	498	418	80
43023	471	379	92
43024	509	407	102
43025	553	451	102
43026	414	340	74
43027	607	482	125
43028	847	720	127
43029	956	800	156
43030	705	600	105
43031	633	520	113
43032	695	593	102
43033	654	503	151
43034	435	358	77
43035	708	560	148
43036	456	382	74
43037	776	683	93
43038	496	365	131
43039	535	437	98
43040	502	432	70
43041	815	674	141
43042	641	539	102
43043	694	539	155
43044	682	532	150
43045	397	328	69
43046	435	361	74
44001	1076	965	111
44002	755	641	114
44003	380	327	53
44004	573	495	78
44005	712	645	67
44006	940	813	127
44007	466	362	104
44008	985	882	103
44009	745	625	120
44010	778	673	105
44011	839	701	138
44012	740	626	114
44013	639	522	117
44014	696	609	87
44015	675	596	79
44016	852	717	135
44017	938	822	116
44018	823	707	116
44019	845	747	98
44020	883	785	98
44021	853	749	104
44022	665	580	85
44023	683	619	64
44024	500	432	68
44025	762	647	115
44026	887	793	94
44027	837	714	123
44028	757	676	81
44029	853	740	113
44030	894	773	121
44031	652	557	95
44032	853	731	122
44033	763	699	64
44034	757	678	79
44035	823	696	127
44036	828	702	126
44037	786	684	102
44038	925	788	137
44039	800	700	100
44040	739	601	138
44041	945	847	98
45001	474	414	60
45002	569	526	43
45003	517	443	74
45004	671	551	120
45005	591	485	106
45006	763	644	119
45007	808	683	125
45008	581	501	80
45009	578	498	80
45010	566	459	107
45011	443	379	64
45012	538	447	91
45013	466	389	77
45014	798	676	122
45015	660	567	93
45016	461	367	94
45017	634	509	125
45018	628	503	125
45019	323	271	52
45020	413	352	61
45021	512	400	112
45022	545	434	111
45023	535	393	142
45024	446	312	134
45025	369	272	97
45026	316	214	102
45027	565	416	149
45028	488	386	102
45029	371	292	79
45030	538	475	63
45031	461	392	69
45032	524	425	99
45033	405	334	71
45034	575	462	113
45035	608	467	141
45036	591	450	141
45037	544	404	140
45038	559	421	138
45039	562	422	140
45040	507	357	150
45041	515	368	147
45042	528	373	155
45043	576	374	202
45044	532	368	164
45045	386	224	162
45046	437	298	139
45047	418	278	140
45048	456	304	152
46001	488	429	59
46002	641	591	50
46003	774	674	100
46004	639	589	50
46005	897	803	94
46006	580	541	39
46007	668	602	66
46008	448	419	29
46009	719	660	59
46010	1170	1034	136
46011	668	596	72
46012	708	659	49
46013	690	616	74
46014	678	634	44
46015	705	628	77
46016	715	649	66
46017	724	636	88
46018	779	671	108
46019	456	401	55
46020	556	519	37
46021	478	439	39
46022	473	448	25
46023	587	545	42
46024	832	733	99
46025	637	593	44
46026	941	866	75
46027	875	800	75
46028	615	528	87
46029	555	493	62
46030	687	619	68
46031	698	646	52
46032	640	595	45
46033	716	644	72
46034	836	761	75
46035	740	681	59
46036	634	543	91
46037	519	490	29
46038	773	710	63
46039	640	549	91
46040	537	499	38
47001	473	414	59
47002	675	552	123
47003	648	564	84
47004	799	688	111
47005	727	662	65
47006	842	752	90
47007	662	574	88
47008	680	573	107
47009	681	597	84
47010	822	752	70
47011	721	612	109
47012	750	653	97
47013	660	587	73
47014	616	528	88
47015	802	751	51
47016	671	577	94
47017	708	610	98
47018	674	571	103
47019	1050	985	65
47020	697	621	76
47021	650	574	76
47022	729	635	94
47023	764	705	59
47024	751	667	84
47025	846	752	94
47026	904	833	71
47027	617	522	95
47028	626	558	68
47029	792	700	92
47030	846	780	66
47031	718	639	79
47032	818	752	66
47033	709	603	106
47034	704	620	84
47035	694	568	126
47036	765	699	66
47037	660	584	76
47038	696	620	76
47039	680	598	82
47040	635	575	60
47041	748	667	81
47042	655	583	72
47043	635	507	128
47044	634	558	76
47045	616	550	66
47046	726	606	120
47047	839	718	121
47048	41	34	7
48001	633	583	50
48002	290	248	42
48003	727	677	50
48004	619	586	33
48005	352	320	32
48006	756	711	45
48007	674	606	68
48008	323	277	46
48009	437	367	70
48010	884	820	64
48011	518	463	55
48012	732	681	51
48013	801	706	95
48014	304	263	41
48015	414	378	36
48016	684	636	48
48017	559	524	35
48018	428	397	31
48019	438	391	47
48020	667	613	54
48021	826	771	55
48022	508	455	53
48023	591	523	68
48024	764	638	126
48025	525	464	61
48026	312	285	27
48027	631	579	52
48028	721	655	66
48029	282	262	20
48030	524	473	51
48031	902	837	65
48032	701	659	42
48033	338	312	26
48034	538	494	44
48035	379	341	38
48036	348	302	46
48037	672	617	55
48038	639	563	76
48039	506	455	51
48040	563	510	53
48041	817	772	45
48042	695	658	37
48043	736	682	54
48044	787	725	62
48045	460	427	33
48046	407	365	42
49001	406	390	16
49002	401	381	20
49003	780	739	41
49004	824	769	55
49005	602	568	34
49006	562	520	42
49007	523	473	50
49008	569	531	38
49009	662	598	64
49010	714	661	53
49011	820	777	43
49012	776	720	56
49013	741	674	67
49014	504	466	38
49015	472	442	30
49016	589	536	53
49017	491	456	35
49018	806	753	53
49019	610	582	28
49020	947	894	53
49021	402	380	22
49022	663	604	59
49023	830	778	52
49024	521	494	27
49025	812	742	70
49026	744	696	48
49027	735	691	44
49028	903	848	55
49029	736	692	44
49030	665	615	50
49031	468	422	46
49032	601	567	34
49033	500	476	24
50001	491	316	175
50002	315	226	89
50003	443	317	126
50004	573	479	94
50005	351	235	116
50006	518	449	69
50007	582	527	55
50008	506	475	31
50009	412	344	68
50010	557	423	134
50011	325	152	173
50012	222	167	55
50013	584	543	41
50014	173	127	46
50015	578	488	90
50016	157	115	42
50017	526	430	96
50018	88	58	30
50019	401	376	25
50020	539	476	63
50021	457	385	72
50022	462	360	102
50023	383	315	68
50024	392	219	173
50025	486	313	173
50026	540	474	66
50027	170	132	38
50028	545	512	33
50029	515	476	39
50030	406	377	29
50031	676	641	35
50032	565	532	33
50033	381	214	167
50034	668	527	141
50035	660	605	55
50036	504	439	65
50037	516	468	48
50038	201	163	38
50039	332	250	82
50040	484	237	247
