Precinct	total_votes	votes|Iris Y. Martinez	votes|Barbara Bellar
01001	667	572	95
01002	574	518	56
01003	766	651	115
01004	752	627	125
01005	699	573	126
01006	589	481	108
01007	452	394	58
01008	568	479	89
01009	466	403	63
01010	835	684	151
01011	747	636	111
01012	801	640	161
01013	327	278	49
01014	636	535	101
01015	593	491	102
01016	713	628	85
01017	571	501	70
01018	642	589	53
01019	763	688	75
01020	509	466	43
01021	932	782	150
01022	454	391	63
01023	834	744	90
01024	601	544	57
01025	648	569	79
01026	442	386	56
01027	712	593	119
01028	223	190	33
01029	850	727	123
01030	738	663	75
01031	592	520	72
01032	628	501	127
01033	742	587	155
01034	515	465	50
01035	823	653	170
01036	755	618	137
01037	691	555	136
01038	630	546	84
01039	536	447	89
01040	587	482	105
01041	374	339	35
01042	215	180	35
01043	417	356	61
01044	592	516	76
02001	739	618	121
02002	464	326	138
02003	749	624	125
02004	664	578	86
02005	779	633	146
02006	707	586	121
02007	622	511	111
02008	836	698	138
02009	647	430	217
02010	474	295	179
02011	658	447	211
02012	543	444	99
02013	516	370	146
02014	652	537	115
02015	604	503	101
02016	641	522	119
02017	723	585	138
02018	582	406	176
02019	415	266	149
02020	854	620	234
02021	700	599	101
02022	681	465	216
02023	418	286	132
02024	574	422	152
02025	750	607	143
02026	570	408	162
02027	565	344	221
02028	738	535	203
02029	706	483	223
02030	537	350	187
02031	705	476	229
02032	555	366	189
02033	886	609	277
02034	454	299	155
02035	865	593	272
02036	716	485	231
02037	531	381	150
02038	578	371	207
02039	448	255	193
02040	906	623	283
02041	775	507	268
02042	728	518	210
02043	868	556	312
02044	382	253	129
02045	748	558	190
02046	367	250	117
03001	760	720	40
03002	584	550	34
03003	485	419	66
03004	626	606	20
03005	325	294	31
03006	849	656	193
03007	336	309	27
03008	423	391	32
03009	644	613	31
03010	282	264	18
03011	604	581	23
03012	532	509	23
03013	719	586	133
03014	699	594	105
03015	542	517	25
03016	454	426	28
03017	877	783	94
03018	772	720	52
03019	748	557	191
03020	593	560	33
03021	633	485	148
03022	863	674	189
03023	478	426	52
03024	479	454	25
03025	1095	799	296
03026	700	561	139
03027	806	584	222
03028	292	271	21
03029	599	564	35
03030	478	463	15
03031	656	622	34
03032	993	814	179
03033	786	642	144
03034	922	756	166
03035	303	287	16
03036	275	264	11
03037	505	476	29
03038	398	375	23
03039	1208	975	233
03040	622	538	84
03041	415	365	50
04001	867	803	64
04002	829	678	151
04003	484	469	15
04004	749	692	57
04005	605	573	32
04006	660	596	64
04007	728	691	37
04008	635	617	18
04009	618	588	30
04010	747	717	30
04011	601	573	28
04012	755	723	32
04013	855	705	150
04014	588	545	43
04015	660	623	37
04016	1115	920	195
04017	722	612	110
04018	553	522	31
04019	449	418	31
04020	513	408	105
04021	714	596	118
04022	562	523	39
04023	721	683	38
04024	553	517	36
04025	811	674	137
04026	528	489	39
04027	793	748	45
04028	528	492	36
04029	556	525	31
04030	798	767	31
04031	536	502	34
04032	649	615	34
04033	555	523	32
04034	541	506	35
04035	668	624	44
04036	730	687	43
04037	1170	975	195
04038	643	611	32
05001	495	473	22
05002	408	393	15
05003	558	533	25
05004	729	696	33
05005	496	474	22
05006	427	399	28
05007	560	527	33
05008	574	518	56
05009	644	612	32
05010	448	428	20
05011	553	507	46
05012	345	319	26
05013	472	451	21
05014	424	408	16
05015	549	503	46
05016	504	482	22
05017	439	414	25
05018	520	492	28
05019	494	457	37
05020	593	558	35
05021	562	522	40
05022	657	608	49
05023	970	891	79
05024	689	652	37
05025	505	475	30
05026	530	494	36
05027	563	502	61
05028	543	512	31
05029	564	537	27
05030	348	329	19
05031	401	383	18
05032	597	566	31
05033	563	538	25
05034	599	536	63
05035	698	652	46
05036	342	325	17
05037	575	534	41
05038	491	465	26
05039	465	405	60
05040	414	386	28
05041	254	243	11
06001	464	447	17
06002	446	438	8
06003	450	431	19
06004	308	291	17
06005	291	279	12
06006	503	482	21
06007	429	396	33
06008	441	425	16
06009	436	414	22
06010	312	287	25
06011	378	358	20
06012	328	304	24
06013	330	318	12
06014	403	392	11
06015	378	348	30
06016	457	436	21
06017	309	269	40
06018	315	291	24
06019	354	342	12
06020	292	280	12
06021	204	188	16
06022	275	260	15
06023	224	206	18
06024	226	202	24
06025	227	212	15
06026	333	303	30
06027	267	246	21
06028	222	210	12
06029	447	427	20
06030	367	347	20
06031	446	424	22
06032	431	413	18
06033	425	393	32
06034	433	421	12
06035	394	374	20
06036	473	456	17
06037	468	442	26
06038	463	440	23
06039	355	335	20
06040	377	361	16
06041	427	402	25
06042	432	410	22
06043	404	384	20
06044	495	463	32
06045	420	411	9
06046	322	302	20
06047	316	295	21
06048	421	401	20
07001	418	393	25
07002	415	397	18
07003	413	399	14
07004	413	396	17
07005	374	348	26
07006	544	527	17
07007	411	384	27
07008	335	310	25
07009	707	661	46
07010	484	471	13
07011	476	452	24
07012	396	371	25
07013	233	220	13
07014	480	456	24
07015	407	395	12
07016	409	380	29
07017	336	318	18
07018	391	370	21
07019	386	368	18
07020	331	311	20
07021	318	301	17
07022	367	329	38
07023	396	378	18
07024	351	332	19
07025	343	308	35
07026	332	320	12
07027	335	327	8
07028	326	305	21
07029	373	353	20
07030	322	300	22
07031	302	280	22
07032	512	491	21
07033	490	468	22
07034	512	492	20
07035	452	435	17
07036	502	478	24
07037	413	394	19
07038	358	343	15
07039	385	365	20
07040	361	348	13
07041	395	372	23
07042	383	373	10
07043	395	377	18
07044	362	349	13
07045	397	376	21
07046	123	113	10
08001	374	351	23
08002	397	377	20
08003	469	454	15
08004	473	466	7
08005	465	451	14
08006	422	399	23
08007	483	464	19
08008	429	418	11
08009	284	271	13
08010	518	503	15
08011	350	336	14
08012	374	358	16
08013	496	466	30
08014	351	324	27
08015	396	373	23
08016	138	127	11
08017	356	346	10
08018	408	374	34
08019	457	440	17
08020	477	462	15
08021	553	528	25
08022	384	363	21
08023	334	322	12
08024	240	234	6
08025	423	399	24
08026	370	342	28
08027	463	444	19
08028	425	400	25
08029	473	451	22
08030	473	448	25
08031	329	312	17
08032	337	327	10
08033	348	325	23
08034	394	384	10
08035	488	468	20
08036	432	408	24
08037	346	338	8
08038	308	297	11
08039	416	406	10
08040	353	338	15
08041	459	440	19
08042	546	526	20
08043	245	228	17
08044	299	277	22
08045	360	339	21
08046	343	326	17
08047	358	339	19
08048	387	374	13
08049	391	380	11
08050	422	405	17
08051	422	410	12
08052	522	503	19
08053	266	255	11
08054	358	326	32
08055	326	314	12
08056	436	422	14
09001	396	379	17
09002	324	307	17
09003	279	259	20
09004	324	318	6
09005	402	389	13
09006	382	363	19
09007	315	296	19
09008	430	402	28
09009	477	460	17
09010	312	296	16
09011	292	270	22
09012	455	424	31
09013	444	428	16
09014	454	438	16
09015	485	447	38
09016	391	375	16
09017	299	285	14
09018	296	287	9
09019	410	391	19
09020	382	371	11
09021	379	351	28
09022	432	411	21
09023	458	443	15
09024	402	382	20
09025	391	379	12
09026	507	474	33
09027	339	316	23
09028	278	256	22
09029	366	349	17
09030	343	317	26
09031	341	324	17
09032	410	390	20
09033	302	283	19
09034	338	318	20
09035	376	362	14
09036	355	339	16
09037	610	524	86
09038	386	370	16
09039	431	416	15
09040	443	425	18
09041	328	315	13
09042	422	406	16
09043	351	331	20
09044	352	342	10
09045	317	296	21
09046	385	364	21
09047	423	410	13
09048	417	393	24
09049	439	419	20
09050	567	545	22
09051	394	377	17
10001	348	313	35
10002	447	302	145
10003	471	324	147
10004	342	317	25
10005	376	263	113
10006	376	303	73
10007	327	277	50
10008	224	211	13
10009	447	304	143
10010	502	392	110
10011	584	490	94
10012	333	268	65
10013	413	372	41
10014	572	468	104
10015	743	714	29
10016	351	262	89
10017	591	394	197
10018	259	245	14
10019	474	360	114
10020	477	381	96
10021	469	370	99
10022	265	234	31
10023	399	342	57
10024	468	292	176
10025	127	121	6
10026	329	299	30
10027	384	359	25
10028	520	454	66
10029	473	391	82
10030	421	362	59
10031	382	339	43
10032	471	388	83
10033	356	315	41
10034	304	271	33
10035	501	365	136
10036	114	106	8
11001	550	402	148
11002	41	28	13
11003	538	483	55
11004	433	343	90
11005	697	573	124
11006	848	693	155
11007	511	434	77
11008	490	376	114
11009	455	323	132
11010	520	358	162
11011	596	422	174
11012	680	365	315
11013	639	336	303
11014	294	180	114
11015	207	155	52
11016	389	238	151
11017	649	500	149
11018	437	294	143
11019	694	560	134
11020	372	247	125
11021	639	425	214
11022	656	476	180
11023	298	192	106
11024	579	397	182
11025	656	486	170
11026	557	399	158
11027	218	152	66
11028	260	166	94
11029	627	387	240
11030	290	196	94
11031	542	326	216
11032	237	136	101
11033	699	533	166
11034	172	111	61
11035	89	58	31
11036	251	162	89
11037	160	119	41
11038	277	237	40
12001	461	390	71
12002	396	336	60
12003	561	476	85
12004	541	456	85
12005	428	312	116
12006	553	444	109
12007	435	404	31
12008	475	392	83
12009	400	326	74
12010	612	574	38
12011	513	452	61
12012	477	395	82
12013	510	437	73
12014	418	373	45
12015	425	380	45
12016	417	377	40
12017	554	482	72
12018	411	378	33
12019	461	387	74
12020	562	495	67
12021	500	430	70
12022	446	408	38
12023	478	398	80
13001	395	256	139
13002	327	200	127
13003	343	303	40
13004	449	264	185
13005	492	411	81
13006	398	212	186
13007	352	270	82
13008	321	213	108
13009	445	367	78
13010	367	168	199
13011	436	283	153
13012	388	307	81
13013	398	330	68
13014	400	317	83
13015	588	500	88
13016	305	273	32
13017	362	254	108
13018	349	210	139
13019	515	471	44
13020	301	162	139
13021	472	244	228
13022	461	260	201
13023	342	286	56
13024	418	318	100
13025	424	351	73
13026	435	322	113
13027	412	282	130
13028	320	259	61
13029	345	278	67
13030	328	296	32
13031	458	247	211
13032	363	186	177
13033	401	222	179
13034	406	366	40
13035	361	297	64
13036	298	256	42
13037	415	348	67
13038	350	195	155
13039	394	338	56
13040	408	307	101
13041	484	425	59
13042	428	227	201
13043	411	304	107
13044	429	378	51
13045	436	297	139
13046	478	404	74
13047	479	413	66
13048	364	214	150
14001	506	247	259
14002	612	503	109
14003	436	388	48
14004	470	246	224
14005	642	584	58
14006	247	218	29
14007	604	504	100
14008	557	451	106
14009	590	356	234
14010	338	275	63
14011	274	245	29
14012	499	380	119
14013	411	352	59
14014	436	393	43
14015	486	437	49
14016	329	275	54
14017	401	344	57
14018	220	168	52
14019	426	374	52
14020	352	298	54
14021	442	382	60
14022	641	471	170
14023	387	280	107
14024	539	309	230
14025	249	220	29
14026	342	315	27
14027	453	369	84
14028	384	322	62
14029	343	305	38
14030	306	281	25
14031	247	213	34
15001	389	348	41
15002	244	223	21
15003	264	247	17
15004	448	395	53
15005	411	369	42
15006	457	395	62
15007	248	222	26
15008	440	387	53
15009	598	527	71
15010	582	499	83
15011	544	472	72
15012	553	470	83
15013	434	377	57
15014	394	355	39
15015	401	349	52
15016	502	459	43
15017	244	225	19
15018	214	195	19
15019	365	330	35
15020	258	246	12
15021	208	189	19
15022	239	217	22
15023	274	257	17
15024	246	230	16
16001	541	491	50
16002	304	279	25
16003	288	279	9
16004	361	341	20
16005	239	228	11
16006	288	279	9
16007	334	314	20
16008	224	214	10
16009	303	284	19
16010	280	269	11
16011	337	308	29
16012	293	271	22
16013	393	361	32
16014	239	217	22
16015	301	281	20
16016	269	253	16
16017	456	422	34
16018	383	347	36
16019	327	304	23
16020	233	219	14
16021	270	254	16
16022	297	274	23
16023	461	419	42
16024	154	146	8
16025	370	340	30
16026	232	210	22
16027	236	224	12
16028	259	235	24
16029	253	239	14
16030	249	232	17
16031	287	263	24
16032	452	408	44
16033	249	233	16
16034	276	257	19
16035	484	437	47
16036	224	202	22
17001	445	408	37
17002	375	358	17
17003	388	360	28
17004	441	400	41
17005	301	278	23
17006	400	372	28
17007	394	368	26
17008	347	322	25
17009	308	290	18
17010	483	444	39
17011	299	280	19
17012	561	498	63
17013	304	291	13
17014	443	416	27
17015	399	375	24
17016	454	412	42
17017	393	357	36
17018	437	421	16
17019	237	220	17
17020	472	455	17
17021	443	426	17
17022	361	346	15
17023	257	244	13
17024	396	375	21
17025	301	279	22
17026	382	363	19
17027	356	334	22
17028	305	290	15
17029	368	348	20
17030	393	345	48
17031	237	232	5
17032	306	282	24
17033	216	195	21
17034	269	248	21
17035	263	252	11
17036	344	327	17
17037	307	288	19
17038	427	400	27
17039	370	348	22
17040	416	395	21
17041	500	470	30
18001	401	378	23
18002	490	421	69
18003	402	303	99
18004	459	436	23
18005	262	248	14
18006	406	306	100
18007	432	379	53
18008	426	398	28
18009	406	382	24
18010	530	503	27
18011	399	345	54
18012	396	372	24
18013	475	443	32
18014	433	420	13
18015	485	407	78
18016	420	397	23
18017	451	415	36
18018	318	306	12
18019	367	339	28
18020	315	292	23
18021	535	488	47
18022	469	443	26
18023	431	399	32
18024	446	344	102
18025	476	390	86
18026	522	496	26
18027	368	339	29
18028	444	314	130
18029	500	444	56
18030	549	432	117
18031	474	452	22
18032	423	396	27
18033	336	318	18
18034	467	436	31
18035	488	460	28
18036	478	422	56
18037	487	459	28
18038	382	363	19
18039	381	352	29
18040	474	408	66
18041	506	477	29
18042	388	358	30
18043	394	315	79
18044	415	298	117
18045	461	411	50
18046	509	405	104
18047	339	311	28
18048	320	307	13
18049	286	267	19
18050	329	296	33
19001	444	219	225
19002	632	528	104
19003	421	122	299
19004	589	229	360
19005	520	388	132
19006	546	228	318
19007	436	269	167
19008	567	200	367
19009	349	164	185
19010	603	473	130
19011	493	155	338
19012	433	140	293
19013	557	527	30
19014	525	414	111
19015	665	244	421
19016	489	184	305
19017	419	203	216
19018	464	343	121
19019	615	476	139
19020	391	336	55
19021	538	189	349
19022	534	379	155
19023	508	263	245
19024	377	140	237
19025	472	306	166
19026	476	306	170
19027	486	423	63
19028	544	506	38
19029	536	208	328
19030	494	176	318
19031	450	296	154
19032	435	224	211
19033	553	199	354
19034	430	296	134
19035	440	315	125
19036	666	585	81
19037	477	420	57
19038	428	374	54
19039	236	221	15
19040	512	384	128
19041	496	181	315
19042	393	310	83
19043	650	606	44
19044	573	209	364
19045	511	255	256
19046	469	227	242
19047	680	590	90
19048	581	549	32
19049	587	527	60
19050	413	239	174
19051	527	303	224
19052	595	236	359
19053	451	262	189
19054	427	133	294
19055	425	153	272
19056	503	395	108
19057	400	329	71
20001	461	437	24
20002	156	140	16
20003	381	359	22
20004	198	182	16
20005	497	473	24
20006	184	169	15
20007	518	488	30
20008	366	342	24
20009	613	593	20
20010	308	291	17
20011	558	526	32
20012	412	384	28
20013	421	379	42
20014	251	239	12
20015	450	400	50
20016	528	495	33
20017	286	249	37
20018	296	283	13
20019	448	419	29
20020	344	300	44
20021	359	334	25
20022	589	551	38
20023	408	381	27
20024	564	531	33
20025	292	268	24
20026	398	374	24
20027	243	225	18
20028	267	257	10
20029	485	451	34
20030	189	174	15
20031	524	495	29
20032	348	320	28
20033	269	254	15
20034	552	501	51
20035	309	288	21
20036	141	130	11
20037	131	126	5
20038	144	132	12
20039	40	36	4
21001	463	449	14
21002	323	308	15
21003	427	402	25
21004	399	383	16
21005	437	420	17
21006	351	324	27
21007	411	391	20
21008	452	424	28
21009	443	424	19
21010	346	334	12
21011	377	363	14
21012	368	343	25
21013	433	408	25
21014	450	428	22
21015	375	358	17
21016	403	380	23
21017	352	327	25
21018	476	462	14
21019	458	443	15
21020	390	375	15
21021	352	327	25
21022	377	358	19
21023	379	370	9
21024	428	410	18
21025	367	347	20
21026	442	413	29
21027	458	435	23
21028	491	474	17
21029	460	444	16
21030	365	346	19
21031	314	307	7
21032	417	406	11
21033	358	335	23
21034	397	371	26
21035	498	466	32
21036	422	404	18
21037	314	304	10
21038	421	404	17
21039	390	369	21
21040	373	355	18
21041	433	407	26
21042	463	434	29
21043	419	397	22
21044	452	416	36
21045	398	378	20
21046	437	413	24
21047	383	363	20
21048	411	391	20
21049	450	427	23
21050	302	282	20
21051	429	414	15
21052	400	377	23
21053	341	318	23
21054	350	329	21
22001	237	223	14
22002	540	392	148
22003	676	602	74
22004	358	331	27
22005	422	380	42
22006	420	380	40
22007	346	322	24
22008	627	507	120
22009	352	331	21
22010	592	528	64
22011	355	318	37
22012	370	286	84
22013	466	423	43
22014	356	325	31
22015	368	335	33
22016	358	327	31
22017	573	503	70
22018	374	334	40
22019	206	191	15
22020	441	398	43
22021	410	393	17
22022	423	381	42
22023	475	451	24
22024	512	460	52
22025	424	394	30
23001	412	208	204
23002	463	266	197
23003	418	213	205
23004	483	298	185
23005	454	394	60
23006	462	366	96
23007	412	347	65
23008	523	379	144
23009	413	367	46
23010	490	400	90
23011	500	443	57
23012	470	203	267
23013	422	374	48
23014	411	231	180
23015	395	348	47
23016	422	222	200
23017	342	297	45
23018	407	231	176
23019	377	328	49
23020	310	262	48
23021	418	208	210
23022	448	271	177
23023	411	252	159
23024	393	335	58
23025	386	309	77
23026	446	348	98
23027	403	202	201
23028	489	280	209
23029	396	250	146
23030	506	413	93
23031	393	335	58
23032	408	356	52
23033	494	423	71
23034	482	414	68
23035	337	182	155
23036	441	221	220
23037	485	239	246
23038	402	255	147
23039	475	424	51
24001	305	289	16
24002	354	335	19
24003	428	395	33
24004	293	273	20
24005	201	193	8
24006	374	353	21
24007	265	255	10
24008	170	157	13
24009	342	319	23
24010	171	161	10
24011	404	375	29
24012	229	217	12
24013	218	198	20
24014	318	294	24
24015	192	181	11
24016	1051	865	186
24017	266	244	22
24018	356	334	22
24019	419	394	25
24020	304	281	23
24021	195	176	19
24022	442	410	32
24023	315	292	23
24024	408	382	26
24025	290	273	17
24026	513	485	28
24027	367	347	20
24028	241	224	17
24029	251	240	11
24030	220	207	13
24031	382	350	32
24032	190	176	14
24033	228	214	14
24034	346	320	26
24035	340	314	26
24036	400	366	34
24037	199	191	8
24038	285	257	28
24039	361	328	33
24040	412	387	25
24041	248	231	17
25001	435	386	49
25002	665	617	48
25003	1013	765	248
25004	428	370	58
25005	587	519	68
25006	193	136	57
25007	579	526	53
25008	643	607	36
25009	550	505	45
25010	819	591	228
25011	571	521	50
25012	539	482	57
25013	655	603	52
25014	415	322	93
25015	467	409	58
25016	1021	671	350
25017	600	528	72
25018	316	229	87
25019	586	547	39
25020	320	293	27
25021	1096	895	201
25022	560	526	34
25023	632	577	55
25024	565	519	46
25025	507	367	140
25026	555	506	49
25027	770	604	166
25028	579	526	53
25029	441	392	49
25030	538	484	54
25031	1152	799	353
25032	478	389	89
26001	466	413	53
26002	373	328	45
26003	536	450	86
26004	318	278	40
26005	386	357	29
26006	378	348	30
26007	413	378	35
26008	272	239	33
26009	380	338	42
26010	424	370	54
26011	415	355	60
26012	451	407	44
26013	250	223	27
26014	360	325	35
26015	292	252	40
26016	234	203	31
26017	389	276	113
26018	322	279	43
26019	279	257	22
26020	402	349	53
26021	503	453	50
26022	256	216	40
26023	321	286	35
26024	367	332	35
26025	350	316	34
26026	308	278	30
26027	490	427	63
26028	553	460	93
26029	240	204	36
26030	356	329	27
26031	212	178	34
26032	524	428	96
26033	494	443	51
26034	468	424	44
26035	377	343	34
26036	440	367	73
26037	453	411	42
26038	229	196	33
26039	502	428	74
26040	292	256	36
26041	476	444	32
26042	344	308	36
26043	266	245	21
26044	238	215	23
26045	219	193	26
26046	329	234	95
26047	315	277	38
26048	453	410	43
26049	275	249	26
27001	1216	915	301
27002	553	434	119
27003	243	230	13
27004	263	233	30
27005	383	343	40
27006	608	460	148
27007	728	634	94
27008	378	343	35
27009	265	172	93
27010	378	334	44
27011	664	475	189
27012	445	329	116
27013	666	590	76
27014	229	211	18
27015	235	218	17
27016	629	470	159
27017	489	425	64
27018	323	287	36
27019	234	213	21
27020	343	319	24
27021	507	363	144
27022	224	209	15
27023	305	283	22
27024	310	285	25
27025	462	409	53
27026	317	291	26
27027	626	560	66
27028	722	500	222
27029	303	270	33
27030	218	197	21
27031	341	312	29
27032	433	383	50
27033	714	562	152
27034	310	290	20
27035	663	507	156
27036	340	320	20
27037	534	408	126
27038	658	528	130
27039	326	296	30
27040	728	547	181
27041	383	354	29
27042	361	282	79
27043	369	343	26
27044	316	293	23
27045	1581	1175	406
27046	463	309	154
27047	321	282	39
27048	984	773	211
27049	323	304	19
27050	425	377	48
28001	277	251	26
28002	332	308	24
28003	278	264	14
28004	401	325	76
28005	247	228	19
28006	221	183	38
28007	366	345	21
28008	628	482	146
28009	359	340	19
28010	531	436	95
28011	884	779	105
28012	334	323	11
28013	417	395	22
28014	344	326	18
28015	70	67	3
28016	228	212	16
28017	304	290	14
28018	306	283	23
28019	332	283	49
28020	293	269	24
28021	295	274	21
28022	332	309	23
28023	461	429	32
28024	324	290	34
28025	536	504	32
28026	351	333	18
28027	435	300	135
28028	537	420	117
28029	190	176	14
28030	54	52	2
28031	392	370	22
28032	354	333	21
28033	390	365	25
28034	649	598	51
28035	410	383	27
28036	188	181	7
28037	400	378	22
28038	141	131	10
28039	290	270	20
28040	461	438	23
28041	246	235	11
28042	358	332	26
28043	450	428	22
28044	268	256	12
28045	594	456	138
28046	757	631	126
29001	620	518	102
29002	560	526	34
29003	476	449	27
29004	521	482	39
29005	336	316	20
29006	327	314	13
29007	496	441	55
29008	404	373	31
29009	505	395	110
29010	612	496	116
29011	241	224	17
29012	549	512	37
29013	458	425	33
29014	384	359	25
29015	502	481	21
29016	417	401	16
29017	429	411	18
29018	423	395	28
29019	448	422	26
29020	473	442	31
29021	592	553	39
29022	345	313	32
29023	578	408	170
29024	427	398	29
29025	505	480	25
29026	425	398	27
29027	396	378	18
29028	547	521	26
29029	616	404	212
29030	652	559	93
29031	573	335	238
29032	561	345	216
29033	320	299	21
29034	330	292	38
29035	344	326	18
29036	377	356	21
29037	417	386	31
29038	594	443	151
29039	556	386	170
29040	500	480	20
29041	383	358	25
29042	487	468	19
29043	582	521	61
29044	573	530	43
30001	598	489	109
30002	560	428	132
30003	432	363	69
30004	528	385	143
30005	411	344	67
30006	433	367	66
30007	569	467	102
30008	629	526	103
30009	482	369	113
30010	568	467	101
30011	524	457	67
30012	491	398	93
30013	529	405	124
30014	418	351	67
30015	471	382	89
30016	314	242	72
30017	555	427	128
30018	655	594	61
30019	541	463	78
30020	593	466	127
30021	409	282	127
30022	764	665	99
30023	666	563	103
30024	784	675	109
30025	785	677	108
30026	346	281	65
30027	401	314	87
30028	535	460	75
30029	372	321	51
30030	229	199	30
30031	354	279	75
30032	444	377	67
31001	351	307	44
31002	314	279	35
31003	352	276	76
31004	450	404	46
31005	374	314	60
31006	267	226	41
31007	523	471	52
31008	327	275	52
31009	387	328	59
31010	423	372	51
31011	305	252	53
31012	322	240	82
31013	401	342	59
31014	348	288	60
31015	376	299	77
31016	429	385	44
31017	347	279	68
31018	344	303	41
31019	335	274	61
31020	322	259	63
31021	327	274	53
31022	321	285	36
31023	395	329	66
31024	374	326	48
31025	362	287	75
31026	366	304	62
31027	425	345	80
31028	325	267	58
31029	352	298	54
31030	293	257	36
31031	316	238	78
31032	298	249	49
31033	346	283	63
31034	377	310	67
31035	441	376	65
31036	385	323	62
31037	355	299	56
31038	335	293	42
31039	402	359	43
31040	409	355	54
31041	335	287	48
32001	839	681	158
32002	750	581	169
32003	691	602	89
32004	619	500	119
32005	705	590	115
32006	777	653	124
32007	764	607	157
32008	863	635	228
32009	692	557	135
32010	782	581	201
32011	576	519	57
32012	452	420	32
32013	788	569	219
32014	699	626	73
32015	640	496	144
32016	652	537	115
32017	626	561	65
32018	674	467	207
32019	648	521	127
32020	603	553	50
32021	672	536	136
32022	787	713	74
32023	710	544	166
32024	600	403	197
32025	665	533	132
32026	671	602	69
32027	736	515	221
32028	654	592	62
32029	709	602	107
32030	709	509	200
32031	737	551	186
32032	779	630	149
32033	657	501	156
32034	751	625	126
32035	664	509	155
32036	727	578	149
32037	790	630	160
32038	695	522	173
32039	783	535	248
32040	693	532	161
32041	736	548	188
32042	661	495	166
32043	577	509	68
33001	692	614	78
33002	875	723	152
33003	914	801	113
33004	897	764	133
33005	668	562	106
33006	601	527	74
33007	688	601	87
33008	822	706	116
33009	746	622	124
33010	589	485	104
33011	684	577	107
33012	697	598	99
33013	646	560	86
33014	330	287	43
33015	711	630	81
33016	955	811	144
33017	716	603	113
33018	976	849	127
33019	831	690	141
33020	838	754	84
33021	708	622	86
33022	646	527	119
33023	738	630	108
33024	807	686	121
33025	811	683	128
33026	519	468	51
33027	800	676	124
33028	607	551	56
34001	452	439	13
34002	370	349	21
34003	421	403	18
34004	322	306	16
34005	375	359	16
34006	477	452	25
34007	455	432	23
34008	361	346	15
34009	297	276	21
34010	432	414	18
34011	367	342	25
34012	452	427	25
34013	424	402	22
34014	336	311	25
34015	400	373	27
34016	370	356	14
34017	516	494	22
34018	288	272	16
34019	464	440	24
34020	460	437	23
34021	471	451	20
34022	424	408	16
34023	347	335	12
34024	363	345	18
34025	632	607	25
34026	481	463	18
34027	345	329	16
34028	271	251	20
34029	349	338	11
34030	403	383	20
34031	340	319	21
34032	416	394	22
34033	346	323	23
34034	485	466	19
34035	516	488	28
34036	369	350	19
34037	240	224	16
34038	210	195	15
34039	311	291	20
34040	460	447	13
34041	252	239	13
34042	399	383	16
34043	379	362	17
34044	389	380	9
34045	424	412	12
34046	286	276	10
34047	389	374	15
34048	429	411	18
34049	393	377	16
34050	337	319	18
34051	449	423	26
34052	320	301	19
34053	284	263	21
35001	608	543	65
35002	588	520	68
35003	528	468	60
35004	586	483	103
35005	500	455	45
35006	602	543	59
35007	593	547	46
35008	580	530	50
35009	527	436	91
35010	664	620	44
35011	661	586	75
35012	431	369	62
35013	415	378	37
35014	459	407	52
35015	689	624	65
35016	342	304	38
35017	589	548	41
35018	387	338	49
35019	371	319	52
35020	583	508	75
35021	582	542	40
35022	681	596	85
35023	599	505	94
35024	521	463	58
35025	586	520	66
35026	497	425	72
35027	541	467	74
35028	560	504	56
35029	565	473	92
35030	557	475	82
35031	615	507	108
36001	493	389	104
36002	475	417	58
36003	432	347	85
36004	529	454	75
36005	427	369	58
36006	459	373	86
36007	560	357	203
36008	413	357	56
36009	463	385	78
36010	645	485	160
36011	353	303	50
36012	332	288	44
36013	367	326	41
36014	537	396	141
36015	518	363	155
36016	509	381	128
36017	617	467	150
36018	537	388	149
36019	622	501	121
36020	570	413	157
36021	444	370	74
36022	445	390	55
36023	451	385	66
36024	591	437	154
36025	508	442	66
36026	508	315	193
36027	442	343	99
36028	514	346	168
36029	543	384	159
36030	480	359	121
37001	338	311	27
37002	356	330	26
37003	280	256	24
37004	323	294	29
37005	399	371	28
37006	409	388	21
37007	321	292	29
37008	297	278	19
37009	389	362	27
37010	497	459	38
37011	258	239	19
37012	384	360	24
37013	289	269	20
37014	425	395	30
37015	422	397	25
37016	461	426	35
37017	296	271	25
37018	349	313	36
37019	304	288	16
37020	357	340	17
37021	352	326	26
37022	367	331	36
37023	378	357	21
37024	395	375	20
37025	346	319	27
37026	531	484	47
37027	362	341	21
37028	364	333	31
37029	372	341	31
37030	382	358	24
37031	455	412	43
37032	345	316	29
37033	416	387	29
37034	336	315	21
37035	382	362	20
37036	387	364	23
37037	431	405	26
37038	422	394	28
37039	359	333	26
37040	402	376	26
37041	394	363	31
38001	489	370	119
38002	549	213	336
38003	563	324	239
38004	518	283	235
38005	552	333	219
38006	560	304	256
38007	523	281	242
38008	525	305	220
38009	621	330	291
38010	479	289	190
38011	470	313	157
38012	541	228	313
38013	619	335	284
38014	560	362	198
38015	516	359	157
38016	514	309	205
38017	643	293	350
38018	575	353	222
38019	615	361	254
38020	572	272	300
38021	528	361	167
38022	484	347	137
38023	549	378	171
38024	575	305	270
38025	509	308	201
38026	572	347	225
38027	560	314	246
38028	669	323	346
38029	579	360	219
38030	554	299	255
38031	516	379	137
38032	517	348	169
38033	546	385	161
38034	502	373	129
38035	516	397	119
38036	518	355	163
38037	528	360	168
38038	530	311	219
38039	564	404	160
38040	527	369	158
38041	478	380	98
39001	536	320	216
39002	426	271	155
39003	594	476	118
39004	526	317	209
39005	559	403	156
39006	551	433	118
39007	486	375	111
39008	571	434	137
39009	498	368	130
39010	258	226	32
39011	518	367	151
39012	713	599	114
39013	480	351	129
39014	528	401	127
39015	645	354	291
39016	519	394	125
39017	554	402	152
39018	534	401	133
39019	520	390	130
39020	685	383	302
39021	546	305	241
39022	532	423	109
39023	547	329	218
39024	675	385	290
39025	464	374	90
39026	511	290	221
39027	80	54	26
39028	654	553	101
39029	296	249	47
39030	624	529	95
39031	474	390	84
39032	491	282	209
39033	553	424	129
39034	644	515	129
39035	543	427	116
39036	134	99	35
39037	509	333	176
39038	290	210	80
39039	334	239	95
39040	556	335	221
39041	564	352	212
39042	564	299	265
39043	551	309	242
39044	437	259	178
39045	485	292	193
40001	547	399	148
40002	614	503	111
40003	744	654	90
40004	371	299	72
40005	634	535	99
40006	699	618	81
40007	580	506	74
40008	790	693	97
40009	485	391	94
40010	669	541	128
40011	606	523	83
40012	528	456	72
40013	862	784	78
40014	577	416	161
40015	598	467	131
40016	786	697	89
40017	493	388	105
40018	489	421	68
40019	723	579	144
40020	631	509	122
40021	658	581	77
40022	721	625	96
40023	701	629	72
40024	560	407	153
40025	697	620	77
40026	639	571	68
40027	762	655	107
40028	624	553	71
40029	604	469	135
40030	505	373	132
40031	669	601	68
40032	649	569	80
40033	573	515	58
40034	554	405	149
40035	426	322	104
40036	538	460	78
40037	623	528	95
40038	740	630	110
40039	256	193	63
41001	548	230	318
41002	587	252	335
41003	557	306	251
41004	537	275	262
41005	681	362	319
41006	624	332	292
41007	594	292	302
41008	566	262	304
41009	570	315	255
41010	558	288	270
41011	621	291	330
41012	621	294	327
41013	692	338	354
41014	601	359	242
41015	721	381	340
41016	539	283	256
41017	517	280	237
41018	533	275	258
41019	620	373	247
41020	432	214	218
41021	568	303	265
41022	643	328	315
41023	617	238	379
41024	546	249	297
41025	594	308	286
41026	506	255	251
41027	562	238	324
41028	649	371	278
41029	513	258	255
41030	560	302	258
41031	521	281	240
41032	484	245	239
41033	553	281	272
41034	542	274	268
41035	689	326	363
41036	565	290	275
41037	634	331	303
41038	576	306	270
41039	598	310	288
41040	644	283	361
41041	622	286	336
41042	578	268	310
41043	605	312	293
41044	568	236	332
41045	573	304	269
41046	577	292	285
41047	615	327	288
42001	561	364	197
42002	848	626	222
42003	701	550	151
42004	1682	1169	513
42005	580	405	175
42006	623	420	203
42007	777	526	251
42008	546	421	125
42009	896	682	214
42010	950	693	257
42011	452	291	161
42012	562	371	191
42013	513	338	175
42014	959	622	337
42015	973	625	348
42016	701	518	183
42017	1128	706	422
42018	896	620	276
42019	848	551	297
42020	892	559	333
42021	835	643	192
42022	399	251	148
42023	795	488	307
42024	637	423	214
42025	814	525	289
42026	1152	772	380
42027	468	336	132
42028	696	491	205
42029	816	528	288
42030	512	329	183
42031	852	564	288
42032	838	551	287
42033	744	579	165
42034	541	343	198
42035	862	646	216
42036	1239	866	373
42037	541	336	205
42038	673	435	238
42039	1257	857	400
42040	1027	745	282
42041	717	539	178
42042	1229	934	295
43001	356	271	85
43002	709	516	193
43003	622	431	191
43004	832	570	262
43005	612	434	178
43006	521	394	127
43007	415	302	113
43008	493	370	123
43009	676	493	183
43010	817	587	230
43011	631	416	215
43012	412	306	106
43013	640	504	136
43014	653	470	183
43015	663	470	193
43016	941	701	240
43017	527	356	171
43018	754	522	232
43019	661	483	178
43020	801	608	193
43021	765	571	194
43022	481	367	114
43023	472	334	138
43024	497	344	153
43025	526	399	127
43026	396	307	89
43027	587	426	161
43028	812	587	225
43029	926	681	245
43030	682	513	169
43031	617	453	164
43032	697	549	148
43033	655	441	214
43034	424	327	97
43035	660	443	217
43036	444	333	111
43037	750	597	153
43038	492	313	179
43039	529	368	161
43040	496	393	103
43041	794	581	213
43042	633	493	140
43043	667	449	218
43044	660	486	174
43045	394	288	106
43046	423	327	96
44001	1038	890	148
44002	716	542	174
44003	361	302	59
44004	542	441	101
44005	699	592	107
44006	911	755	156
44007	449	337	112
44008	956	809	147
44009	711	553	158
44010	775	586	189
44011	805	613	192
44012	737	597	140
44013	596	447	149
44014	664	529	135
44015	656	544	112
44016	826	659	167
44017	908	790	118
44018	809	626	183
44019	834	688	146
44020	851	696	155
44021	822	700	122
44022	662	543	119
44023	663	558	105
44024	480	371	109
44025	717	588	129
44026	873	748	125
44027	823	656	167
44028	742	626	116
44029	832	663	169
44030	865	689	176
44031	641	493	148
44032	826	648	178
44033	753	683	70
44034	731	635	96
44035	774	611	163
44036	794	654	140
44037	772	659	113
44038	884	654	230
44039	762	595	167
44040	707	524	183
44041	934	781	153
45001	453	387	66
45002	555	484	71
45003	501	414	87
45004	657	513	144
45005	589	451	138
45006	740	589	151
45007	796	601	195
45008	565	434	131
45009	558	416	142
45010	569	427	142
45011	435	325	110
45012	536	394	142
45013	453	343	110
45014	798	619	179
45015	656	527	129
45016	461	335	126
45017	625	422	203
45018	615	407	208
45019	319	215	104
45020	410	292	118
45021	501	315	186
45022	555	352	203
45023	532	319	213
45024	439	257	182
45025	360	216	144
45026	330	171	159
45027	542	322	220
45028	467	307	160
45029	378	231	147
45030	519	400	119
45031	460	350	110
45032	523	369	154
45033	394	298	96
45034	580	395	185
45035	595	407	188
45036	573	375	198
45037	543	339	204
45038	557	376	181
45039	554	348	206
45040	518	306	212
45041	504	304	200
45042	515	309	206
45043	578	309	269
45044	531	300	231
45045	384	196	188
45046	434	241	193
45047	401	225	176
45048	467	226	241
46001	479	410	69
46002	625	557	68
46003	760	624	136
46004	609	551	58
46005	870	711	159
46006	575	508	67
46007	670	547	123
46008	462	418	44
46009	710	633	77
46010	1138	976	162
46011	674	531	143
46012	703	642	61
46013	677	590	87
46014	727	621	106
46015	681	577	104
46016	712	627	85
46017	696	571	125
46018	765	603	162
46019	444	357	87
46020	557	495	62
46021	510	409	101
46022	457	406	51
46023	586	532	54
46024	807	688	119
46025	618	566	52
46026	908	809	99
46027	856	754	102
46028	600	488	112
46029	537	439	98
46030	695	603	92
46031	679	609	70
46032	631	543	88
46033	700	591	109
46034	825	736	89
46035	733	644	89
46036	609	487	122
46037	531	465	66
46038	771	674	97
46039	622	497	125
46040	540	467	73
47001	469	380	89
47002	652	522	130
47003	628	507	121
47004	782	639	143
47005	702	610	92
47006	807	684	123
47007	632	511	121
47008	647	527	120
47009	653	517	136
47010	795	702	93
47011	696	554	142
47012	718	615	103
47013	651	551	100
47014	615	507	108
47015	788	734	54
47016	653	527	126
47017	665	524	141
47018	638	509	129
47019	1043	963	80
47020	675	584	91
47021	641	547	94
47022	720	600	120
47023	747	676	71
47024	713	606	107
47025	826	698	128
47026	900	819	81
47027	575	468	107
47028	621	531	90
47029	782	641	141
47030	831	754	77
47031	694	609	85
47032	797	717	80
47033	698	563	135
47034	685	593	92
47035	661	524	137
47036	756	674	82
47037	631	550	81
47038	676	584	92
47039	673	575	98
47040	621	541	80
47041	721	630	91
47042	634	553	81
47043	618	478	140
47044	607	495	112
47045	601	519	82
47046	707	541	166
47047	815	663	152
47048	47	38	9
48001	616	563	53
48002	280	234	46
48003	719	629	90
48004	591	542	49
48005	341	288	53
48006	759	658	101
48007	653	607	46
48008	318	253	65
48009	435	321	114
48010	860	789	71
48011	505	452	53
48012	785	698	87
48013	805	657	148
48014	307	241	66
48015	400	328	72
48016	693	610	83
48017	540	479	61
48018	413	348	65
48019	429	385	44
48020	653	588	65
48021	812	700	112
48022	484	380	104
48023	572	464	108
48024	765	558	207
48025	515	447	68
48026	316	261	55
48027	625	557	68
48028	742	562	180
48029	278	233	45
48030	525	476	49
48031	895	785	110
48032	681	613	68
48033	332	284	48
48034	536	474	62
48035	395	316	79
48036	354	292	62
48037	664	586	78
48038	617	534	83
48039	489	399	90
48040	551	500	51
48041	801	730	71
48042	681	640	41
48043	733	648	85
48044	776	716	60
48045	459	421	38
48046	404	345	59
49001	404	386	18
49002	387	363	24
49003	774	717	57
49004	808	738	70
49005	583	529	54
49006	554	503	51
49007	517	447	70
49008	558	502	56
49009	653	579	74
49010	713	633	80
49011	796	736	60
49012	760	681	79
49013	727	645	82
49014	501	445	56
49015	473	426	47
49016	576	495	81
49017	485	408	77
49018	782	719	63
49019	603	554	49
49020	953	881	72
49021	398	341	57
49022	665	596	69
49023	812	720	92
49024	517	481	36
49025	800	709	91
49026	750	663	87
49027	722	657	65
49028	885	806	79
49029	759	686	73
49030	669	587	82
49031	457	399	58
49032	590	538	52
49033	489	446	43
50001	492	261	231
50002	327	189	138
50003	447	254	193
50004	564	419	145
50005	360	167	193
50006	528	400	128
50007	576	489	87
50008	507	439	68
50009	427	300	127
50010	546	303	243
50011	334	108	226
50012	235	131	104
50013	613	518	95
50014	178	91	87
50015	584	479	105
50016	165	92	73
50017	565	378	187
50018	82	28	54
50019	409	336	73
50020	520	408	112
50021	466	345	121
50022	480	281	199
50023	383	240	143
50024	384	148	236
50025	509	240	269
50026	550	376	174
50027	179	100	79
50028	540	445	95
50029	521	423	98
50030	392	324	68
50031	675	582	93
50032	587	506	81
50033	374	165	209
50034	650	439	211
50035	631	531	100
50036	515	401	114
50037	522	441	81
50038	199	125	74
50039	344	214	130
50040	485	166	319
Barrington 1	806	360	446
Barrington 2	715	389	326
Barrington 3	943	330	613
Barrington 4	1,224	498	726
Barrington 5	892	281	611
Barrington 6	980	503	477
Barrington 7	285	97	188
Barrington 8	1,336	553	783
Barrington 9	577	272	305
Barrington 10	1,087	569	518
Barrington 11	708	269	439
Berwyn Ward 1 Precinct 1	510	379	131
Berwyn Ward 1 Precinct 2	561	432	129
Berwyn Ward 1 Precinct 3	851	645	206
Berwyn Ward 1 Precinct 4	506	385	121
Berwyn Ward 1 Precinct 5	483	356	127
Berwyn Ward 2 Precinct 1	364	284	80
Berwyn Ward 2 Precinct 2	559	422	137
Berwyn Ward 2 Precinct 3	785	595	190
Berwyn Ward 2 Precinct 4	989	768	221
Berwyn Ward 3 Precinct 1	580	447	133
Berwyn Ward 3 Precinct 2	421	305	116
Berwyn Ward 3 Precinct 3	480	366	114
Berwyn Ward 3 Precinct 4	619	473	146
Berwyn Ward 3 Precinct 5	760	579	181
Berwyn Ward 4 Precinct 1	441	340	101
Berwyn Ward 4 Precinct 2	644	507	137
Berwyn Ward 4 Precinct 3	783	628	155
Berwyn Ward 4 Precinct 4	400	307	93
Berwyn Ward 5 Precinct 1	943	797	146
Berwyn Ward 5 Precinct 2	572	480	92
Berwyn Ward 5 Precinct 3	506	409	97
Berwyn Ward 6 Precinct 1	323	261	62
Berwyn Ward 6 Precinct 2	446	362	84
Berwyn Ward 6 Precinct 3	605	502	103
Berwyn Ward 6 Precinct 4	709	602	107
Berwyn Ward 7 Precinct 1	540	457	83
Berwyn Ward 7 Precinct 2	554	460	94
Berwyn Ward 7 Precinct 3	700	564	136
Berwyn Ward 7 Precinct 4	760	626	134
Berwyn Ward 8 Precinct 1	1,017	816	201
Berwyn Ward 8 Precinct 2	632	508	124
Berwyn Ward 8 Precinct 3	346	288	58
Bloom 1	755	575	180
Bloom 2	756	559	197
Bloom 3	504	372	132
Bloom 4	534	477	57
Bloom 5	475	316	159
Bloom 6	209	196	13
Bloom 7	711	479	232
Bloom 8	730	419	311
Bloom 9	652	374	278
Bloom 10	192	180	12
Bloom 11	480	262	218
Bloom 12	615	522	93
Bloom 13	974	833	141
Bloom 14	935	711	224
Bloom 15	582	412	170
Bloom 16	623	482	141
Bloom 17	514	459	55
Bloom 18	558	400	158
Bloom 19	615	513	102
Bloom 20	602	409	193
Bloom 21	125	117	8
Bloom 22	526	416	110
Bloom 23	591	531	60
Bloom 24	1,119	912	207
Bloom 25	439	358	81
Bloom 26	465	333	132
Bloom 27	612	510	102
Bloom 28	646	467	179
Bloom 29	237	221	16
Bloom 30	776	651	125
Bloom 31	608	377	231
Bloom 32	466	409	57
Bloom 33	516	457	59
Bloom 34	379	331	48
Bloom 35	321	272	49
Bloom 36	793	720	73
Bloom 37	353	324	29
Bloom 38	1,413	1,272	141
Bloom 39	465	401	64
Bloom 40	422	359	63
Bloom 41	762	686	76
Bloom 42	567	503	64
Bloom 43	572	535	37
Bloom 44	735	510	225
Bloom 45	853	749	104
Bloom 46	476	404	72
Bloom 47	863	594	269
Bloom 48	499	429	70
Bloom 49	593	560	33
Bloom 50	598	483	115
Bloom 51	314	292	22
Bloom 52	435	421	14
Bloom 53	321	228	93
Bloom 54	646	479	167
Bloom 55	526	460	66
Bloom 56	566	359	207
Bloom 57	590	425	165
Bloom 58	434	380	54
Bloom 59	483	404	79
Bloom 60	519	483	36
Bloom 61	584	367	217
Bremen 1	518	479	39
Bremen 2	700	360	340
Bremen 3	624	329	295
Bremen 4	631	381	250
Bremen 5	490	310	180
Bremen 6	500	324	176
Bremen 7	379	337	42
Bremen 8	455	424	31
Bremen 9	529	279	250
Bremen 10	814	396	418
Bremen 11	767	411	356
Bremen 12	474	428	46
Bremen 13	683	421	262
Bremen 14	478	358	120
Bremen 15	473	352	121
Bremen 16	658	263	395
Bremen 17	459	428	31
Bremen 18	901	448	453
Bremen 19	197	178	19
Bremen 20	456	229	227
Bremen 21	707	557	150
Bremen 22	555	284	271
Bremen 23	168	159	9
Bremen 24	536	222	314
Bremen 25	776	427	349
Bremen 26	553	480	73
Bremen 27	706	434	272
Bremen 28	499	274	225
Bremen 29	833	780	53
Bremen 30	637	279	358
Bremen 31	552	511	41
Bremen 32	482	451	31
Bremen 33	606	297	309
Bremen 34	847	371	476
Bremen 35	378	367	11
Bremen 36	465	208	257
Bremen 37	274	245	29
Bremen 38	441	417	24
Bremen 39	249	229	20
Bremen 40	898	815	83
Bremen 41	409	213	196
Bremen 42	874	430	444
Bremen 43	472	360	112
Bremen 44	461	419	42
Bremen 45	298	276	22
Bremen 46	624	276	348
Bremen 47	507	477	30
Bremen 48	450	422	28
Bremen 49	457	435	22
Bremen 50	686	305	381
Bremen 51	686	638	48
Bremen 52	537	295	242
Bremen 53	427	222	205
Bremen 54	551	234	317
Bremen 55	531	425	106
Bremen 56	621	578	43
Bremen 57	693	277	416
Bremen 58	758	361	397
Bremen 59	617	327	290
Bremen 60	543	269	274
Bremen 61	609	310	299
Bremen 62	704	403	301
Bremen 63	752	693	59
Bremen 64	779	415	364
Bremen 65	229	220	9
Bremen 66	431	415	16
Bremen 67	878	382	496
Bremen 68	421	177	244
Bremen 69	653	418	235
Bremen 70	397	365	32
Bremen 71	399	378	21
Bremen 72	446	246	200
Bremen 73	648	388	260
Bremen 74	761	476	285
Bremen 75	737	614	123
Bremen 76	523	267	256
Bremen 77	948	489	459
Bremen 78	520	485	35
Bremen 79	665	284	381
Bremen 80	533	516	17
Calumet 1	597	526	71
Calumet 2	546	450	96
Calumet 3	605	565	40
Calumet 4	479	453	26
Calumet 5	506	477	29
Calumet 6	859	768	91
Calumet 7	637	555	82
Calumet 8	376	324	52
Calumet 9	425	399	26
Calumet 10	625	590	35
Calumet 11	788	755	33
Calumet 12	431	407	24
Cicero 1	783	705	78
Cicero 2	352	300	52
Cicero 3	470	407	63
Cicero 4	556	480	76
Cicero 5	746	602	144
Cicero 6	623	522	101
Cicero 7	389	341	48
Cicero 8	325	281	44
Cicero 9	633	552	81
Cicero 10	660	573	87
Cicero 11	653	527	126
Cicero 12	478	384	94
Cicero 13	582	470	112
Cicero 14	558	458	100
Cicero 15	647	562	85
Cicero 16	478	406	72
Cicero 17	732	633	99
Cicero 18	427	375	52
Cicero 19	821	683	138
Cicero 20	434	372	62
Cicero 21	602	508	94
Cicero 22	508	438	70
Cicero 23	795	681	114
Cicero 24	717	631	86
Cicero 25	568	492	76
Cicero 26	464	401	63
Cicero 27	705	605	100
Cicero 28	632	552	80
Cicero 29	597	527	70
Cicero 30	500	454	46
Cicero 31	455	391	64
Cicero 32	490	425	65
Elk Grove 1	625	387	238
Elk Grove 2	628	411	217
Elk Grove 3	800	440	360
Elk Grove 4	760	434	326
Elk Grove 5	945	535	410
Elk Grove 6	515	311	204
Elk Grove 7	808	445	363
Elk Grove 8	630	296	334
Elk Grove 9	690	346	344
Elk Grove 10	984	511	473
Elk Grove 11	805	411	394
Elk Grove 12	472	199	273
Elk Grove 13	684	409	275
Elk Grove 14	847	431	416
Elk Grove 15	610	309	301
Elk Grove 16	744	368	376
Elk Grove 17	676	378	298
Elk Grove 18	975	533	442
Elk Grove 19	892	447	445
Elk Grove 20	747	372	375
Elk Grove 21	643	372	271
Elk Grove 22	762	480	282
Elk Grove 23	1,064	584	480
Elk Grove 24	660	319	341
Elk Grove 25	610	293	317
Elk Grove 26	611	293	318
Elk Grove 27	873	391	482
Elk Grove 28	755	505	250
Elk Grove 29	647	328	319
Elk Grove 30	663	323	340
Elk Grove 31	467	275	192
Elk Grove 32	542	325	217
Elk Grove 33	451	211	240
Elk Grove 34	1,190	679	511
Elk Grove 35	678	390	288
Elk Grove 36	524	399	125
Elk Grove 37	870	424	446
Elk Grove 38	509	389	120
Elk Grove 39	994	587	407
Elk Grove 40	726	402	324
Elk Grove 41	531	249	282
Elk Grove 42	598	391	207
Elk Grove 43	666	359	307
Elk Grove 44	597	285	312
Elk Grove 45	607	302	305
Elk Grove 46	526	216	310
Elk Grove 47	861	438	423
Elk Grove 48	415	214	201
Elk Grove 49	892	500	392
Elk Grove 50	419	235	184
Elk Grove 51	969	439	530
Elk Grove 52	321	227	94
Evanston Ward 1 Precinct 1	195	184	11
Evanston Ward 1 Precinct 2	831	704	127
Evanston Ward 1 Precinct 3	719	610	109
Evanston Ward 1 Precinct 4	990	863	127
Evanston Ward 2 Precinct 1	1,468	1,267	201
Evanston Ward 2 Precinct 2	559	518	41
Evanston Ward 2 Precinct 3	736	697	39
Evanston Ward 2 Precinct 4	976	923	53
Evanston Ward 2 Precinct 5	672	629	43
Evanston Ward 3 Precinct 1	832	728	104
Evanston Ward 3 Precinct 2	949	818	131
Evanston Ward 3 Precinct 3	811	717	94
Evanston Ward 3 Precinct 4	408	352	56
Evanston Ward 3 Precinct 5	896	776	120
Evanston Ward 3 Precinct 6	784	689	95
Evanston Ward 3 Precinct 7	671	605	66
Evanston Ward 4 Precinct 1	423	379	44
Evanston Ward 4 Precinct 2	688	609	79
Evanston Ward 4 Precinct 3	631	534	97
Evanston Ward 4 Precinct 4	1,065	955	110
Evanston Ward 4 Precinct 5	431	376	55
Evanston Ward 4 Precinct 6	938	799	139
Evanston Ward 5 Precinct 1	686	648	38
Evanston Ward 5 Precinct 2	958	861	97
Evanston Ward 5 Precinct 3	691	657	34
Evanston Ward 5 Precinct 4	449	431	18
Evanston Ward 6 Precinct 1	1,138	938	200
Evanston Ward 6 Precinct 2	596	525	71
Evanston Ward 6 Precinct 3	594	515	79
Evanston Ward 6 Precinct 4	799	709	90
Evanston Ward 6 Precinct 5	1,018	843	175
Evanston Ward 6 Precinct 6	575	436	139
Evanston Ward 6 Precinct 7	935	806	129
Evanston Ward 7 Precinct 1	1,126	983	143
Evanston Ward 7 Precinct 2	1,216	1,028	188
Evanston Ward 7 Precinct 3	124	115	9
Evanston Ward 7 Precinct 4	532	471	61
Evanston Ward 7 Precinct 5	996	838	158
Evanston Ward 7 Precinct 6	14	14	0
Evanston Ward 8 Precinct 1	887	809	78
Evanston Ward 8 Precinct 2	681	631	50
Evanston Ward 8 Precinct 3	595	543	52
Evanston Ward 8 Precinct 4	732	663	69
Evanston Ward 8 Precinct 5	954	853	101
Evanston Ward 9 Precinct 1	629	576	53
Evanston Ward 9 Precinct 2	698	651	47
Evanston Ward 9 Precinct 3	1,011	921	90
Evanston Ward 9 Precinct 4	852	772	80
Evanston Ward 9 Precinct 5	528	472	56
Evanston Ward 9 Precinct 6	696	621	75
Hanover 1	1,164	714	450
Hanover 2	833	476	357
Hanover 3	332	230	102
Hanover 4	804	495	309
Hanover 5	805	476	329
Hanover 6	624	406	218
Hanover 7	765	472	293
Hanover 8	685	408	277
Hanover 9	742	383	359
Hanover 10	417	277	140
Hanover 11	751	511	240
Hanover 12	563	415	148
Hanover 13	525	345	180
Hanover 14	991	596	395
Hanover 15	632	421	211
Hanover 16	1,038	554	484
Hanover 17	611	353	258
Hanover 18	741	496	245
Hanover 19	661	311	350
Hanover 20	1,292	717	575
Hanover 21	528	274	254
Hanover 22	696	425	271
Hanover 23	795	463	332
Hanover 24	765	543	222
Hanover 25	707	399	308
Hanover 26	1,126	595	531
Hanover 27	2,464	1,419	1,045
Hanover 28	1,045	607	438
Hanover 29	444	336	108
Hanover 30	741	444	297
Hanover 31	596	259	337
Hanover 32	626	418	208
Hanover 33	795	510	285
Hanover 34	887	572	315
Hanover 35	734	530	204
Hanover 36	621	371	250
Hanover 37	1,016	615	401
Hanover 38	873	479	394
Hanover 39	903	564	339
Hanover 40	881	517	364
Hanover 41	1,016	619	397
Hanover 42	815	394	421
Hanover 43	842	510	332
Hanover 44	891	448	443
Lemont 1	886	290	596
Lemont 2	599	211	388
Lemont 3	965	327	638
Lemont 4	822	255	567
Lemont 5	880	370	510
Lemont 6	891	327	564
Lemont 7	687	307	380
Lemont 8	944	413	531
Lemont 9	542	169	373
Lemont 10	646	290	356
Lemont 11	1,136	410	726
Lemont 12	1,296	440	856
Lemont 13	1,167	373	794
Lemont 14	834	252	582
Leyden 1	524	322	202
Leyden 2	397	217	180
Leyden 3	806	468	338
Leyden 4	629	431	198
Leyden 5	657	407	250
Leyden 6	874	547	327
Leyden 7	378	232	146
Leyden 8	819	499	320
Leyden 9	876	449	427
Leyden 10	916	546	370
Leyden 11	753	398	355
Leyden 12	688	164	524
Leyden 13	808	535	273
Leyden 14	590	354	236
Leyden 15	728	465	263
Leyden 16	810	513	297
Leyden 17	606	316	290
Leyden 18	472	284	188
Leyden 19	787	460	327
Leyden 20	365	194	171
Leyden 21	445	378	67
Leyden 22	483	213	270
Leyden 23	1,134	564	570
Leyden 24	743	510	233
Leyden 25	541	232	309
Leyden 26	1,058	571	487
Leyden 27	183	94	89
Leyden 28	406	265	141
Leyden 29	470	342	128
Leyden 30	895	460	435
Leyden 31	787	533	254
Leyden 32	842	485	357
Leyden 33	736	459	277
Leyden 34	627	367	260
Leyden 35	338	241	97
Leyden 36	679	425	254
Leyden 37	490	231	259
Leyden 38	285	138	147
Leyden 39	494	300	194
Leyden 40	627	397	230
Leyden 41	363	252	111
Leyden 42	733	282	451
Leyden 43	531	319	212
Leyden 44	654	337	317
Leyden 45	627	286	341
Leyden 46	656	397	259
Leyden 47	629	393	236
Leyden 48	741	494	247
Leyden 49	1,039	566	473
Leyden 50	966	602	364
Lyons 1	71	48	23
Lyons 2	555	359	196
Lyons 3	606	350	256
Lyons 4	1,018	666	352
Lyons 5	707	403	304
Lyons 6	487	297	190
Lyons 7	653	530	123
Lyons 8	389	210	179
Lyons 9	810	558	252
Lyons 10	604	380	224
Lyons 11	516	320	196
Lyons 12	490	185	305
Lyons 13	315	296	19
Lyons 14	870	519	351
Lyons 15	741	433	308
Lyons 16	1,264	796	468
Lyons 17	465	217	248
Lyons 18	595	379	216
Lyons 19	682	445	237
Lyons 20	1,169	594	575
Lyons 21	1,073	566	507
Lyons 22	461	314	147
Lyons 23	879	399	480
Lyons 24	572	278	294
Lyons 25	722	360	362
Lyons 26	465	212	253
Lyons 27	693	231	462
Lyons 28	988	432	556
Lyons 29	663	298	365
Lyons 30	104	50	54
Lyons 31	648	313	335
Lyons 32	285	134	151
Lyons 33	270	141	129
Lyons 34	320	173	147
Lyons 35	669	251	418
Lyons 36	768	276	492
Lyons 37	482	299	183
Lyons 38	379	238	141
Lyons 39	703	364	339
Lyons 40	593	323	270
Lyons 41	456	190	266
Lyons 42	661	324	337
Lyons 43	577	323	254
Lyons 44	1,076	496	580
Lyons 45	974	625	349
Lyons 46	616	271	345
Lyons 47	682	391	291
Lyons 48	639	364	275
Lyons 49	437	177	260
Lyons 50	798	474	324
Lyons 51	578	295	283
Lyons 52	787	419	368
Lyons 53	724	337	387
Lyons 54	375	207	168
Lyons 55	768	306	462
Lyons 56	930	664	266
Lyons 57	736	579	157
Lyons 58	623	310	313
Lyons 59	587	405	182
Lyons 60	963	837	126
Lyons 61	701	345	356
Lyons 62	336	132	204
Lyons 63	1,026	400	626
Lyons 64	655	426	229
Lyons 65	898	455	443
Lyons 66	441	289	152
Lyons 67	737	473	264
Lyons 68	545	348	197
Lyons 69	934	446	488
Lyons 70	441	411	30
Lyons 71	348	231	117
Lyons 72	900	503	397
Lyons 73	635	351	284
Lyons 74	383	212	171
Lyons 75	491	272	219
Lyons 76	541	260	281
Lyons 77	572	265	307
Lyons 78	466	193	273
Maine 1	593	351	242
Maine 2	618	369	249
Maine 3	290	182	108
Maine 4	681	406	275
Maine 5	996	598	398
Maine 6	935	568	367
Maine 7	490	266	224
Maine 8	790	409	381
Maine 9	1,153	710	443
Maine 10	494	313	181
Maine 11	493	272	221
Maine 12	463	264	199
Maine 13	739	423	316
Maine 14	834	497	337
Maine 15	399	232	167
Maine 16	507	291	216
Maine 17	715	410	305
Maine 18	581	349	232
Maine 19	489	280	209
Maine 20	434	243	191
Maine 21	857	474	383
Maine 22	843	455	388
Maine 23	667	394	273
Maine 24	958	506	452
Maine 25	761	427	334
Maine 26	700	445	255
Maine 27	463	265	198
Maine 28	393	268	125
Maine 29	1,081	493	588
Maine 30	1,565	806	759
Maine 31	732	405	327
Maine 32	470	212	258
Maine 33	591	408	183
Maine 34	866	524	342
Maine 35	782	516	266
Maine 36	654	302	352
Maine 37	734	318	416
Maine 38	546	284	262
Maine 39	731	348	383
Maine 40	734	399	335
Maine 41	552	299	253
Maine 42	949	521	428
Maine 43	579	249	330
Maine 44	491	263	228
Maine 45	337	223	114
Maine 46	840	421	419
Maine 47	743	446	297
Maine 48	759	439	320
Maine 49	662	390	272
Maine 50	658	317	341
Maine 51	844	468	376
Maine 52	586	368	218
Maine 53	634	398	236
Maine 54	677	375	302
Maine 55	659	322	337
Maine 56	924	537	387
Maine 57	550	287	263
Maine 58	865	381	484
Maine 59	727	342	385
Maine 60	1,245	586	659
Maine 61	422	231	191
Maine 62	405	207	198
Maine 63	538	307	231
Maine 64	575	266	309
Maine 65	486	228	258
Maine 66	327	164	163
Maine 67	989	440	549
Maine 68	493	295	198
Maine 69	740	371	369
Maine 70	839	500	339
Maine 71	369	209	160
Maine 72	611	289	322
Maine 73	282	136	146
Maine 74	634	372	262
Maine 75	603	303	300
Maine 76	419	237	182
Maine 77	1,093	605	488
Maine 78	664	415	249
Maine 79	649	474	175
Maine 80	583	285	298
Maine 81	546	276	270
Maine 82	653	366	287
Maine 83	500	234	266
Maine 84	456	219	237
Maine 85	397	202	195
Maine 86	523	344	179
Maine 87	421	229	192
Maine 88	434	159	275
Maine 89	513	281	232
Maine 90	465	218	247
Maine 91	1,018	554	464
Maine 92	603	299	304
New Trier 1	1,156	809	347
New Trier 2	1,197	856	341
New Trier 3	752	558	194
New Trier 4	952	649	303
New Trier 5	627	446	181
New Trier 6	527	363	164
New Trier 7	787	492	295
New Trier 8	683	363	320
New Trier 9	838	439	399
New Trier 10	756	409	347
New Trier 11	1,032	518	514
New Trier 12	910	494	416
New Trier 13	1,141	690	451
New Trier 14	922	487	435
New Trier 15	1,086	623	463
New Trier 16	1,050	537	513
New Trier 17	728	517	211
New Trier 18	590	348	242
New Trier 19	600	241	359
New Trier 20	1,131	643	488
New Trier 21	825	588	237
New Trier 22	767	386	381
New Trier 23	799	328	471
New Trier 24	998	727	271
New Trier 25	699	400	299
New Trier 26	581	400	181
New Trier 27	770	567	203
New Trier 28	665	416	249
New Trier 29	712	431	281
New Trier 30	921	546	375
New Trier 31	784	542	242
New Trier 32	725	485	240
New Trier 33	871	635	236
New Trier 34	671	447	224
New Trier 35	429	271	158
New Trier 36	1,053	726	327
New Trier 37	791	554	237
New Trier 38	815	584	231
New Trier 39	559	343	216
New Trier 40	465	253	212
New Trier 41	652	307	345
Niles 1	814	396	418
Niles 2	917	542	375
Niles 3	1,203	659	544
Niles 4	716	391	325
Niles 5	484	236	248
Niles 6	725	347	378
Niles 7	1,183	815	368
Niles 8	339	242	97
Niles 9	506	263	243
Niles 10	842	538	304
Niles 11	392	227	165
Niles 12	583	427	156
Niles 13	907	466	441
Niles 14	928	679	249
Niles 15	881	596	285
Niles 16	1,096	763	333
Niles 17	918	675	243
Niles 18	465	361	104
Niles 19	768	483	285
Niles 20	696	458	238
Niles 21	1,045	838	207
Niles 22	745	510	235
Niles 23	780	543	237
Niles 24	918	623	295
Niles 25	461	306	155
Niles 26	916	531	385
Niles 27	758	577	181
Niles 28	773	555	218
Niles 29	538	372	166
Niles 30	700	410	290
Niles 31	770	540	230
Niles 32	354	253	101
Niles 33	949	702	247
Niles 34	762	463	299
Niles 35	869	590	279
Niles 36	504	401	103
Niles 37	789	570	219
Niles 38	1,308	816	492
Niles 39	895	610	285
Niles 40	451	226	225
Niles 41	863	608	255
Niles 42	780	523	257
Niles 43	1,053	555	498
Niles 44	881	652	229
Niles 45	571	414	157
Niles 46	920	575	345
Niles 47	435	320	115
Niles 48	759	511	248
Niles 49	902	750	152
Niles 50	915	566	349
Niles 51	483	286	197
Niles 52	628	385	243
Niles 53	1,110	728	382
Niles 54	485	306	179
Niles 55	496	389	107
Niles 56	1,012	592	420
Niles 57	933	577	356
Niles 58	887	585	302
Niles 59	1,156	739	417
Niles 60	1,019	682	337
Niles 61	1,075	728	347
Niles 62	507	355	152
Niles 63	932	669	263
Niles 64	988	681	307
Northfield 1	1,031	575	456
Northfield 2	742	460	282
Northfield 3	597	360	237
Northfield 4	765	397	368
Northfield 5	571	281	290
Northfield 6	829	359	470
Northfield 7	1,010	571	439
Northfield 8	838	429	409
Northfield 9	564	292	272
Northfield 10	727	425	302
Northfield 11	469	279	190
Northfield 12	1,291	688	603
Northfield 13	678	352	326
Northfield 14	677	399	278
Northfield 15	592	388	204
Northfield 16	872	541	331
Northfield 17	666	408	258
Northfield 18	1,022	645	377
Northfield 19	842	500	342
Northfield 20	802	490	312
Northfield 21	1,144	658	486
Northfield 22	812	526	286
Northfield 23	598	262	336
Northfield 24	730	417	313
Northfield 25	692	390	302
Northfield 26	642	424	218
Northfield 27	804	494	310
Northfield 28	1,326	816	510
Northfield 29	658	384	274
Northfield 30	819	496	323
Northfield 31	1,008	480	528
Northfield 32	1,052	623	429
Northfield 33	553	287	266
Northfield 34	561	301	260
Northfield 35	837	399	438
Northfield 36	562	320	242
Northfield 37	879	469	410
Northfield 38	666	378	288
Northfield 39	464	258	206
Northfield 40	567	309	258
Northfield 41	695	444	251
Northfield 42	701	368	333
Northfield 43	836	544	292
Northfield 44	583	369	214
Northfield 45	970	572	398
Northfield 46	1,073	643	430
Northfield 47	961	618	343
Northfield 48	770	400	370
Northfield 49	618	409	209
Northfield 50	937	517	420
Northfield 51	2,027	1,125	902
Northfield 52	690	401	289
Northfield 53	762	485	277
Northfield 54	604	422	182
Northfield 55	652	495	157
Northfield 56	1,006	525	481
Northfield 57	568	321	247
Northfield 58	446	229	217
Northfield 59	700	404	296
Northfield 60	930	623	307
Northfield 61	585	291	294
Northfield 62	848	481	367
Norwood Park 1	759	387	372
Norwood Park 2	722	367	355
Norwood Park 3	793	447	346
Norwood Park 4	902	400	502
Norwood Park 5	624	267	357
Norwood Park 6	1,040	435	605
Norwood Park 7	650	249	401
Norwood Park 8	516	189	327
Norwood Park 9	481	203	278
Norwood Park 10	511	180	331
Norwood Park 11	981	509	472
Norwood Park 12	560	274	286
Norwood Park 13	598	227	371
Norwood Park 14	581	323	258
Norwood Park 15	620	302	318
Norwood Park 16	526	219	307
Norwood Park 17	713	346	367
Oak Park 1	606	559	47
Oak Park 2	1,033	842	191
Oak Park 3	1,055	912	143
Oak Park 4	902	712	190
Oak Park 5	938	784	154
Oak Park 6	1,055	928	127
Oak Park 7	615	523	92
Oak Park 8	795	736	59
Oak Park 9	521	471	50
Oak Park 10	813	716	97
Oak Park 11	730	632	98
Oak Park 12	453	378	75
Oak Park 13	803	739	64
Oak Park 14	888	729	159
Oak Park 15	1,025	932	93
Oak Park 16	1,152	977	175
Oak Park 17	1,177	1,011	166
Oak Park 18	732	598	134
Oak Park 19	959	786	173
Oak Park 20	1,258	1,059	199
Oak Park 21	636	575	61
Oak Park 22	691	599	92
Oak Park 23	862	721	141
Oak Park 24	610	490	120
Oak Park 25	821	705	116
Oak Park 26	723	652	71
Oak Park 27	254	221	33
Oak Park 28	1,122	970	152
Oak Park 29	754	627	127
Oak Park 30	913	825	88
Oak Park 31	1,250	1,102	148
Oak Park 32	553	498	55
Oak Park 33	727	649	78
Oak Park 34	685	586	99
Oak Park 35	1,057	898	159
Oak Park 36	983	836	147
Oak Park 37	453	396	57
Orland 1	1,081	575	506
Orland 2	851	350	501
Orland 3	458	270	188
Orland 4	519	240	279
Orland 5	532	233	299
Orland 6	446	225	221
Orland 7	467	235	232
Orland 8	622	306	316
Orland 9	856	444	412
Orland 10	749	365	384
Orland 11	488	237	251
Orland 12	369	156	213
Orland 13	946	506	440
Orland 14	724	343	381
Orland 15	1,006	398	608
Orland 16	741	287	454
Orland 17	500	296	204
Orland 18	953	423	530
Orland 19	500	234	266
Orland 20	423	155	268
Orland 21	843	347	496
Orland 22	665	317	348
Orland 23	548	256	292
Orland 24	675	283	392
Orland 25	1,062	509	553
Orland 26	599	309	290
Orland 27	490	260	230
Orland 28	511	213	298
Orland 29	1,190	505	685
Orland 30	469	213	256
Orland 31	560	267	293
Orland 32	466	218	248
Orland 33	557	241	316
Orland 34	772	354	418
Orland 35	743	320	423
Orland 36	909	493	416
Orland 37	734	329	405
Orland 38	423	205	218
Orland 39	571	274	297
Orland 40	829	380	449
Orland 41	630	276	354
Orland 42	800	349	451
Orland 43	621	309	312
Orland 44	605	268	337
Orland 45	629	265	364
Orland 46	532	263	269
Orland 47	1,033	428	605
Orland 48	671	317	354
Orland 49	510	217	293
Orland 50	588	291	297
Orland 51	905	392	513
Orland 52	663	283	380
Orland 53	569	266	303
Orland 54	1,009	411	598
Orland 55	525	229	296
Orland 56	621	204	417
Orland 57	722	303	419
Orland 58	714	329	385
Orland 59	733	335	398
Orland 60	497	213	284
Orland 61	597	273	324
Orland 62	746	368	378
Orland 63	781	330	451
Orland 64	1,023	361	662
Orland 65	682	276	406
Orland 66	644	318	326
Orland 67	442	217	225
Orland 68	561	249	312
Orland 69	433	286	147
Orland 70	954	460	494
Orland 71	646	221	425
Orland 72	560	294	266
Orland 73	941	506	435
Orland 74	459	222	237
Orland 75	861	307	554
Palatine 1	551	299	252
Palatine 2	973	518	455
Palatine 3	613	232	381
Palatine 4	522	374	148
Palatine 5	942	518	424
Palatine 6	836	484	352
Palatine 7	760	431	329
Palatine 8	828	495	333
Palatine 9	700	338	362
Palatine 10	940	378	562
Palatine 11	663	380	283
Palatine 12	714	296	418
Palatine 13	707	382	325
Palatine 14	712	404	308
Palatine 15	871	476	395
Palatine 16	666	442	224
Palatine 17	703	402	301
Palatine 18	513	296	217
Palatine 19	777	364	413
Palatine 20	711	497	214
Palatine 21	914	479	435
Palatine 22	677	379	298
Palatine 23	546	196	350
Palatine 24	989	546	443
Palatine 25	594	327	267
Palatine 26	885	497	388
Palatine 27	568	331	237
Palatine 28	506	259	247
Palatine 29	951	529	422
Palatine 30	588	337	251
Palatine 31	531	277	254
Palatine 32	693	360	333
Palatine 33	468	301	167
Palatine 34	907	429	478
Palatine 35	633	353	280
Palatine 36	686	401	285
Palatine 37	875	511	364
Palatine 38	700	318	382
Palatine 39	1,042	550	492
Palatine 40	1,152	580	572
Palatine 41	1,026	575	451
Palatine 42	944	523	421
Palatine 43	722	358	364
Palatine 44	967	355	612
Palatine 45	556	273	283
Palatine 46	863	479	384
Palatine 47	799	405	394
Palatine 48	560	297	263
Palatine 49	570	235	335
Palatine 50	1,109	571	538
Palatine 51	435	226	209
Palatine 52	760	368	392
Palatine 53	609	334	275
Palatine 54	903	507	396
Palatine 55	534	273	261
Palatine 56	907	514	393
Palatine 57	982	584	398
Palatine 58	710	411	299
Palatine 59	1,040	641	399
Palatine 60	776	553	223
Palatine 61	491	327	164
Palatine 62	700	478	222
Palatine 63	789	409	380
Palatine 64	789	451	338
Palatine 65	632	345	287
Palatine 66	937	616	321
Palatine 67	652	236	416
Palatine 68	616	302	314
Palatine 69	732	437	295
Palos 1	449	172	277
Palos 2	524	196	328
Palos 3	562	227	335
Palos 4	523	244	279
Palos 5	512	236	276
Palos 6	392	211	181
Palos 7	752	371	381
Palos 8	323	136	187
Palos 9	544	198	346
Palos 10	834	293	541
Palos 11	733	266	467
Palos 12	674	349	325
Palos 13	724	286	438
Palos 14	439	221	218
Palos 15	600	241	359
Palos 16	918	379	539
Palos 17	888	423	465
Palos 18	752	375	377
Palos 19	841	400	441
Palos 20	810	386	424
Palos 21	526	250	276
Palos 22	107	55	52
Palos 23	531	287	244
Palos 24	461	163	298
Palos 25	524	447	77
Palos 26	453	196	257
Palos 27	735	394	341
Palos 28	565	455	110
Palos 29	732	312	420
Palos 30	760	360	400
Palos 31	781	339	442
Palos 32	341	152	189
Palos 33	734	297	437
Palos 34	462	207	255
Palos 35	944	411	533
Palos 36	813	378	435
Palos 37	812	324	488
Palos 38	710	308	402
Palos 39	864	367	497
Proviso 1	550	462	88
Proviso 2	548	484	64
Proviso 3	728	604	124
Proviso 4	634	599	35
Proviso 5	586	559	27
Proviso 6	518	292	226
Proviso 7	90	57	33
Proviso 8	436	356	80
Proviso 9	556	525	31
Proviso 10	550	474	76
Proviso 11	574	457	117
Proviso 12	718	513	205
Proviso 13	729	536	193
Proviso 14	458	334	124
Proviso 15	591	503	88
Proviso 16	655	526	129
Proviso 17	416	386	30
Proviso 18	818	759	59
Proviso 19	612	576	36
Proviso 20	505	482	23
Proviso 21	536	334	202
Proviso 22	475	449	26
Proviso 23	258	141	117
Proviso 24	931	549	382
Proviso 25	819	500	319
Proviso 26	849	582	267
Proviso 27	778	506	272
Proviso 28	833	499	334
Proviso 29	905	621	284
Proviso 30	701	588	113
Proviso 31	370	342	28
Proviso 32	836	532	304
Proviso 33	693	658	35
Proviso 34	980	904	76
Proviso 35	848	433	415
Proviso 36	615	584	31
Proviso 37	413	391	22
Proviso 38	596	548	48
Proviso 39	785	656	129
Proviso 40	559	529	30
Proviso 41	484	460	24
Proviso 42	384	361	23
Proviso 43	390	366	24
Proviso 44	442	407	35
Proviso 45	539	513	26
Proviso 46	198	94	104
Proviso 47	354	331	23
Proviso 48	764	688	76
Proviso 49	463	390	73
Proviso 50	1,073	816	257
Proviso 51	758	518	240
Proviso 52	458	421	37
Proviso 53	626	595	31
Proviso 54	1,102	691	411
Proviso 55	651	400	251
Proviso 56	447	426	21
Proviso 57	651	431	220
Proviso 58	401	371	30
Proviso 59	574	449	125
Proviso 60	449	378	71
Proviso 61	700	608	92
Proviso 62	789	644	145
Proviso 63	849	503	346
Proviso 64	605	568	37
Proviso 65	546	478	68
Proviso 66	872	701	171
Proviso 67	950	766	184
Proviso 68	439	324	115
Proviso 69	463	430	33
Proviso 70	577	338	239
Proviso 71	1,174	916	258
Proviso 72	568	470	98
Proviso 73	643	508	135
Proviso 74	695	572	123
Proviso 75	757	505	252
Proviso 76	805	648	157
Proviso 77	466	286	180
Proviso 78	271	194	77
Proviso 79	480	436	44
Proviso 80	471	375	96
Proviso 81	544	421	123
Proviso 82	872	817	55
Proviso 83	746	693	53
Proviso 84	544	257	287
Proviso 85	836	540	296
Proviso 86	559	527	32
Proviso 87	703	459	244
Proviso 88	342	300	42
Proviso 89	521	329	192
Proviso 90	1,109	751	358
Proviso 91	552	427	125
Proviso 92	953	626	327
Proviso 93	509	382	127
Proviso 94	513	494	19
Proviso 95	499	364	135
Proviso 96	435	280	155
Proviso 97	969	564	405
Proviso 98	677	416	261
Proviso 99	623	583	40
Proviso 100	868	466	402
Proviso 101	643	409	234
Proviso 102	861	563	298
Rich 1	2,288	2,211	77
Rich 2	662	622	40
Rich 3	932	796	136
Rich 4	577	538	39
Rich 5	840	752	88
Rich 6	882	817	65
Rich 7	644	469	175
Rich 8	1,139	1,027	112
Rich 9	745	710	35
Rich 10	550	488	62
Rich 11	676	568	108
Rich 12	805	706	99
Rich 13	404	351	53
Rich 14	629	515	114
Rich 15	1,079	1,035	44
Rich 16	540	436	104
Rich 17	614	490	124
Rich 18	761	710	51
Rich 19	458	251	207
Rich 20	1,113	602	511
Rich 21	818	713	105
Rich 22	690	581	109
Rich 23	1,011	955	56
Rich 24	764	670	94
Rich 25	1,025	945	80
Rich 26	813	693	120
Rich 27	808	738	70
Rich 28	546	517	29
Rich 29	733	565	168
Rich 30	889	848	41
Rich 31	603	463	140
Rich 32	915	837	78
Rich 33	567	405	162
Rich 34	625	585	40
Rich 35	529	476	53
Rich 36	1,738	1,630	108
Rich 37	534	519	15
Rich 38	686	630	56
Rich 39	742	662	80
Rich 40	629	591	38
Rich 41	465	427	38
Rich 42	643	614	29
Rich 43	760	728	32
Rich 44	530	503	27
Rich 45	882	780	102
Rich 46	967	936	31
Rich 47	1,067	991	76
Rich 48	690	663	27
Rich 49	713	592	121
Rich 50	420	217	203
Rich 51	632	589	43
River Forest 1	1,095	653	442
River Forest 2	679	371	308
River Forest 3	748	560	188
River Forest 4	853	607	246
River Forest 5	592	421	171
River Forest 6	533	354	179
River Forest 7	779	562	217
River Forest 8	993	729	264
Riverside 1	850	497	353
Riverside 2	74	42	32
Riverside 3	486	321	165
Riverside 4	975	588	387
Riverside 5	512	339	173
Riverside 6	643	399	244
Riverside 7	555	333	222
Riverside 8	881	571	310
Riverside 9	625	379	246
Riverside 10	859	513	346
Riverside 11	925	560	365
Riverside 12	529	339	190
Riverside 13	877	535	342
Schaumburg 1	1,232	815	417
Schaumburg 2	1,149	782	367
Schaumburg 3	724	397	327
Schaumburg 4	447	315	132
Schaumburg 5	367	197	170
Schaumburg 6	653	392	261
Schaumburg 7	541	363	178
Schaumburg 8	579	340	239
Schaumburg 9	639	412	227
Schaumburg 10	479	291	188
Schaumburg 11	676	332	344
Schaumburg 12	755	453	302
Schaumburg 13	541	289	252
Schaumburg 14	773	409	364
Schaumburg 15	730	403	327
Schaumburg 16	881	520	361
Schaumburg 17	679	385	294
Schaumburg 18	644	427	217
Schaumburg 19	526	345	181
Schaumburg 20	545	293	252
Schaumburg 21	924	487	437
Schaumburg 22	798	563	235
Schaumburg 23	767	456	311
Schaumburg 24	835	440	395
Schaumburg 25	697	412	285
Schaumburg 26	785	467	318
Schaumburg 27	664	444	220
Schaumburg 28	801	493	308
Schaumburg 29	799	448	351
Schaumburg 30	613	359	254
Schaumburg 31	925	569	356
Schaumburg 32	867	497	370
Schaumburg 33	579	304	275
Schaumburg 34	792	556	236
Schaumburg 35	512	326	186
Schaumburg 36	509	287	222
Schaumburg 37	479	275	204
Schaumburg 38	669	399	270
Schaumburg 39	987	547	440
Schaumburg 40	635	334	301
Schaumburg 41	643	353	290
Schaumburg 42	906	591	315
Schaumburg 43	614	444	170
Schaumburg 44	918	679	239
Schaumburg 45	830	515	315
Schaumburg 46	518	306	212
Schaumburg 47	680	343	337
Schaumburg 48	623	348	275
Schaumburg 49	546	320	226
Schaumburg 50	508	235	273
Schaumburg 51	550	387	163
Schaumburg 52	972	495	477
Schaumburg 53	672	391	281
Schaumburg 54	887	484	403
Schaumburg 55	614	303	311
Schaumburg 56	787	422	365
Schaumburg 57	932	435	497
Schaumburg 58	510	292	218
Schaumburg 59	916	419	497
Schaumburg 60	570	376	194
Schaumburg 61	1,041	577	464
Schaumburg 62	888	553	335
Schaumburg 63	646	315	331
Schaumburg 64	659	370	289
Schaumburg 65	576	338	238
Schaumburg 66	658	356	302
Schaumburg 67	713	386	327
Schaumburg 68	689	362	327
Schaumburg 69	570	298	272
Schaumburg 70	620	251	369
Schaumburg 71	687	410	277
Schaumburg 72	676	400	276
Schaumburg 73	861	473	388
Schaumburg 74	562	279	283
Schaumburg 75	578	292	286
Schaumburg 76	711	357	354
Schaumburg 77	950	558	392
Schaumburg 78	652	399	253
Stickney 1	358	194	164
Stickney 2	511	345	166
Stickney 3	962	580	382
Stickney 4	768	410	358
Stickney 5	860	489	371
Stickney 6	964	532	432
Stickney 7	428	288	140
Stickney 8	675	396	279
Stickney 9	638	366	272
Stickney 10	762	475	287
Stickney 11	726	426	300
Stickney 12	740	428	312
Stickney 13	593	365	228
Stickney 14	855	447	408
Stickney 15	787	493	294
Stickney 16	814	540	274
Stickney 17	471	310	161
Stickney 18	416	239	177
Stickney 19	608	397	211
Stickney 20	566	364	202
Thornton 1	326	307	19
Thornton 2	294	265	29
Thornton 3	616	546	70
Thornton 4	670	647	23
Thornton 5	475	413	62
Thornton 6	708	673	35
Thornton 7	493	479	14
Thornton 8	631	600	31
Thornton 9	270	254	16
Thornton 10	603	542	61
Thornton 11	329	302	27
Thornton 12	513	458	55
Thornton 13	586	455	131
Thornton 14	619	505	114
Thornton 15	543	510	33
Thornton 16	628	426	202
Thornton 17	762	610	152
Thornton 18	966	644	322
Thornton 19	788	617	171
Thornton 20	471	268	203
Thornton 21	851	737	114
Thornton 22	509	485	24
Thornton 23	544	481	63
Thornton 24	751	559	192
Thornton 25	623	445	178
Thornton 26	544	416	128
Thornton 27	754	679	75
Thornton 28	417	364	53
Thornton 29	298	288	10
Thornton 30	354	334	20
Thornton 31	207	174	33
Thornton 32	427	401	26
Thornton 33	530	505	25
Thornton 34	797	757	40
Thornton 35	849	785	64
Thornton 36	258	245	13
Thornton 37	703	538	165
Thornton 38	822	752	70
Thornton 39	397	377	20
Thornton 40	400	383	17
Thornton 41	376	334	42
Thornton 42	358	343	15
Thornton 43	551	356	195
Thornton 44	401	374	27
Thornton 45	491	473	18
Thornton 46	605	572	33
Thornton 47	497	369	128
Thornton 48	546	521	25
Thornton 49	292	277	15
Thornton 50	491	407	84
Thornton 51	535	361	174
Thornton 52	556	534	22
Thornton 53	392	370	22
Thornton 54	848	764	84
Thornton 55	419	388	31
Thornton 56	567	472	95
Thornton 57	449	272	177
Thornton 58	662	573	89
Thornton 59	390	353	37
Thornton 60	349	330	19
Thornton 61	390	342	48
Thornton 62	222	164	58
Thornton 63	356	292	64
Thornton 64	455	442	13
Thornton 65	843	604	239
Thornton 66	852	776	76
Thornton 67	809	591	218
Thornton 68	668	479	189
Thornton 69	388	370	18
Thornton 70	310	290	20
Thornton 71	301	286	15
Thornton 72	574	551	23
Thornton 73	862	774	88
Thornton 74	610	580	30
Thornton 75	523	505	18
Thornton 76	688	625	63
Thornton 77	880	835	45
Thornton 78	596	571	25
Thornton 79	593	510	83
Thornton 80	542	487	55
Thornton 81	528	484	44
Thornton 82	548	314	234
Thornton 83	754	713	41
Thornton 84	732	700	32
Thornton 85	454	424	30
Thornton 86	486	455	31
Thornton 87	768	730	38
Thornton 88	561	531	30
Thornton 89	776	719	57
Thornton 90	585	529	56
Thornton 91	554	493	61
Thornton 92	687	604	83
Thornton 93	386	363	23
Thornton 94	662	610	52
Thornton 95	355	345	10
Thornton 96	437	407	30
Thornton 97	291	226	65
Thornton 98	211	195	16
Thornton 99	499	452	47
Thornton 100	347	315	32
Thornton 101	472	439	33
Thornton 102	333	307	26
Thornton 103	319	297	22
Thornton 104	208	194	14
Thornton 105	492	464	28
Thornton 106	348	327	21
Thornton 107	737	694	43
Thornton 108	326	294	32
Thornton 109	375	345	30
Thornton 110	334	314	20
Thornton 111	365	345	20
Thornton 112	320	287	33
Thornton 113	268	250	18
Thornton 114	580	434	146
Thornton 115	558	528	30
Thornton 116	644	558	86
Thornton 117	701	507	194
Thornton 118	568	444	124
Thornton 119	551	514	37
Thornton 120	909	835	74
Thornton 121	423	399	24
Thornton 122	829	725	104
Thornton 123	398	367	31
Wheeling 1	785	393	392
Wheeling 2	541	271	270
Wheeling 3	725	429	296
Wheeling 4	543	334	209
Wheeling 5	695	426	269
Wheeling 6	484	277	207
Wheeling 7	930	542	388
Wheeling 8	506	283	223
Wheeling 9	690	435	255
Wheeling 10	944	520	424
Wheeling 11	1,024	528	496
Wheeling 12	1,088	502	586
Wheeling 13	688	310	378
Wheeling 14	571	306	265
Wheeling 15	596	333	263
Wheeling 16	347	221	126
Wheeling 17	709	396	313
Wheeling 18	680	368	312
Wheeling 19	925	554	371
Wheeling 20	796	471	325
Wheeling 21	532	243	289
Wheeling 22	822	488	334
Wheeling 23	687	317	370
Wheeling 24	526	237	289
Wheeling 25	872	546	326
Wheeling 26	1,031	575	456
Wheeling 27	1,097	617	480
Wheeling 28	979	470	509
Wheeling 29	472	254	218
Wheeling 30	1,041	502	539
Wheeling 31	531	287	244
Wheeling 32	501	248	253
Wheeling 33	515	316	199
Wheeling 34	954	517	437
Wheeling 35	660	344	316
Wheeling 36	1,026	563	463
Wheeling 37	879	618	261
Wheeling 38	895	515	380
Wheeling 39	827	497	330
Wheeling 40	806	392	414
Wheeling 41	1,221	634	587
Wheeling 42	1,010	485	525
Wheeling 43	895	516	379
Wheeling 44	883	412	471
Wheeling 45	581	350	231
Wheeling 46	1,182	569	613
Wheeling 47	688	357	331
Wheeling 48	620	341	279
Wheeling 49	1,051	711	340
Wheeling 50	597	411	186
Wheeling 51	906	453	453
Wheeling 52	634	360	274
Wheeling 53	813	398	415
Wheeling 54	920	404	516
Wheeling 55	763	460	303
Wheeling 56	667	364	303
Wheeling 57	828	430	398
Wheeling 58	667	315	352
Wheeling 59	884	489	395
Wheeling 60	510	338	172
Wheeling 61	930	396	534
Wheeling 62	859	494	365
Wheeling 63	682	371	311
Wheeling 64	1,085	658	427
Wheeling 65	996	516	480
Wheeling 66	904	495	409
Wheeling 67	408	274	134
Wheeling 68	448	210	238
Wheeling 69	722	445	277
Wheeling 70	958	555	403
Wheeling 71	1,106	591	515
Wheeling 72	688	410	278
Wheeling 73	771	449	322
Wheeling 74	493	301	192
Wheeling 75	791	398	393
Wheeling 76	1,010	569	441
Wheeling 77	377	255	122
Wheeling 78	1,089	608	481
Wheeling 79	643	375	268
Wheeling 80	689	410	279
Wheeling 81	548	307	241
Wheeling 82	980	563	417
Wheeling 83	1,033	560	473
Wheeling 84	1,058	659	399
Wheeling 85	619	313	306
Wheeling 86	845	423	422
Wheeling 87	700	396	304
Wheeling 88	894	530	364
Wheeling 89	471	267	204
Wheeling 90	708	373	335
Wheeling 91	846	523	323
Wheeling 92	1,125	609	516
Worth 1	395	222	173
Worth 2	808	467	341
Worth 3	676	365	311
Worth 4	914	660	254
Worth 5	753	350	403
Worth 6	778	377	401
Worth 7	693	277	416
Worth 8	774	548	226
Worth 9	745	421	324
Worth 10	814	564	250
Worth 11	706	413	293
Worth 12	446	264	182
Worth 13	746	470	276
Worth 14	596	463	133
Worth 15	903	572	331
Worth 16	903	419	484
Worth 17	762	585	177
Worth 18	497	182	315
Worth 19	660	438	222
Worth 20	498	358	140
Worth 21	946	550	396
Worth 22	551	312	239
Worth 23	801	393	408
Worth 24	406	348	58
Worth 25	827	476	351
Worth 26	567	324	243
Worth 27	557	290	267
Worth 28	516	358	158
Worth 29	396	328	68
Worth 30	742	420	322
Worth 31	839	569	270
Worth 32	469	259	210
Worth 33	692	381	311
Worth 34	665	454	211
Worth 35	805	417	388
Worth 36	772	502	270
Worth 37	497	402	95
Worth 38	700	523	177
Worth 39	616	344	272
Worth 40	735	485	250
Worth 41	384	199	185
Worth 42	606	346	260
Worth 43	360	339	21
Worth 44	484	262	222
Worth 45	530	284	246
Worth 46	849	446	403
Worth 47	413	238	175
Worth 48	508	273	235
Worth 49	429	218	211
Worth 50	676	343	333
Worth 51	487	206	281
Worth 52	428	241	187
Worth 53	711	391	320
Worth 54	704	450	254
Worth 55	401	259	142
Worth 56	651	308	343
Worth 57	767	442	325
Worth 58	733	439	294
Worth 59	808	666	142
Worth 60	422	200	222
Worth 61	583	294	289
Worth 62	399	182	217
Worth 63	649	423	226
Worth 64	937	392	545
Worth 65	988	398	590
Worth 66	562	264	298
Worth 67	478	210	268
Worth 68	521	422	99
Worth 69	803	578	225
Worth 70	808	443	365
Worth 71	554	279	275
Worth 72	736	476	260
Worth 73	450	289	161
Worth 74	290	162	128
Worth 75	869	495	374
Worth 76	350	225	125
Worth 77	698	395	303
Worth 78	848	479	369
Worth 79	454	168	286
Worth 80	758	598	160
Worth 81	519	205	314
Worth 82	638	321	317
Worth 83	306	220	86
Worth 84	720	358	362
Worth 85	691	396	295
Worth 86	678	355	323
Worth 87	602	329	273
Worth 88	417	249	168
Worth 89	874	361	513
Worth 90	771	464	307
Worth 91	363	215	148
Worth 92	722	417	305
Worth 93	386	223	163
Worth 94	799	445	354
Worth 95	741	326	415
Worth 96	824	602	222
Worth 97	560	435	125
Worth 98	765	409	356
Worth 99	448	246	202
Worth 100	727	374	353
