Precinct	total_votes	votes|Yes	votes|No
01001	716	670	46
01002	573	540	33
01003	802	735	67
01004	806	733	73
01005	728	654	74
01006	616	547	69
01007	479	440	39
01008	595	543	52
01009	464	429	35
01010	873	766	107
01011	800	714	86
01012	828	757	71
01013	339	321	18
01014	682	611	71
01015	620	559	61
01016	740	686	54
01017	576	531	45
01018	668	635	33
01019	800	740	60
01020	523	498	25
01021	1013	913	100
01022	464	420	44
01023	868	812	56
01024	617	566	51
01025	664	617	47
01026	452	426	26
01027	779	701	78
01028	225	203	22
01029	893	813	80
01030	763	710	53
01031	629	587	42
01032	673	585	88
01033	780	702	78
01034	531	496	35
01035	864	764	100
01036	798	709	89
01037	724	644	80
01038	660	609	51
01039	561	512	49
01040	607	542	65
01041	396	375	21
01042	217	192	25
01043	437	391	46
01044	637	583	54
02001	784	710	74
02002	479	419	60
02003	799	712	87
02004	695	631	64
02005	830	749	81
02006	739	674	65
02007	649	585	64
02008	890	815	75
02009	667	556	111
02010	491	410	81
02011	684	593	91
02012	549	491	58
02013	553	473	80
02014	707	631	76
02015	631	569	62
02016	666	596	70
02017	774	696	78
02018	617	523	94
02019	436	364	72
02020	902	751	151
02021	746	681	65
02022	720	596	124
02023	439	392	47
02024	620	534	86
02025	795	694	101
02026	607	524	83
02027	594	503	91
02028	770	672	98
02029	757	646	111
02030	567	493	74
02031	732	656	76
02032	590	500	90
02033	930	778	152
02034	487	415	72
02035	890	759	131
02036	761	630	131
02037	559	475	84
02038	598	504	94
02039	460	390	70
02040	952	801	151
02041	811	691	120
02042	753	667	86
02043	920	787	133
02044	404	341	63
02045	781	708	73
02046	394	325	69
03001	768	741	27
03002	601	584	17
03003	504	462	42
03004	629	611	18
03005	328	315	13
03006	907	797	110
03007	345	318	27
03008	443	424	19
03009	659	636	23
03010	269	251	18
03011	621	598	23
03012	545	530	15
03013	746	668	78
03014	735	654	81
03015	518	488	30
03016	460	430	30
03017	915	861	54
03018	776	740	36
03019	789	670	119
03020	607	587	20
03021	676	586	90
03022	909	789	120
03023	487	453	34
03024	488	463	25
03025	1162	1007	155
03026	730	626	104
03027	830	698	132
03028	315	293	22
03029	616	586	30
03030	490	474	16
03031	665	634	31
03032	1041	919	122
03033	805	714	91
03034	976	889	87
03035	299	276	23
03036	270	255	15
03037	502	482	20
03038	398	386	12
03039	1283	1148	135
03040	649	596	53
03041	411	384	27
04001	894	855	39
04002	861	773	88
04003	493	475	18
04004	769	746	23
04005	618	595	23
04006	654	622	32
04007	750	710	40
04008	662	650	12
04009	642	627	15
04010	765	739	26
04011	607	581	26
04012	763	742	21
04013	886	791	95
04014	599	565	34
04015	668	650	18
04016	1156	1044	112
04017	758	691	67
04018	561	533	28
04019	449	413	36
04020	528	476	52
04021	727	651	76
04022	598	565	33
04023	758	728	30
04024	578	546	32
04025	838	745	93
04026	528	508	20
04027	822	793	29
04028	532	515	17
04029	552	536	16
04030	811	785	26
04031	560	551	9
04032	661	634	27
04033	579	559	20
04034	535	514	21
04035	695	674	21
04036	737	709	28
04037	1227	1098	129
04038	654	622	32
05001	527	513	14
05002	403	378	25
05003	592	570	22
05004	746	727	19
05005	503	480	23
05006	438	427	11
05007	565	544	21
05008	610	571	39
05009	672	657	15
05010	459	439	20
05011	562	537	25
05012	350	340	10
05013	492	477	15
05014	440	434	6
05015	568	545	23
05016	528	511	17
05017	454	436	18
05018	534	519	15
05019	539	520	19
05020	622	604	18
05021	581	563	18
05022	686	654	32
05023	1002	940	62
05024	716	689	27
05025	482	469	13
05026	539	518	21
05027	593	556	37
05028	576	554	22
05029	570	551	19
05030	357	340	17
05031	423	408	15
05032	612	598	14
05033	507	487	20
05034	632	592	40
05035	736	704	32
05036	331	313	18
05037	597	582	15
05038	520	499	21
05039	479	448	31
05040	425	408	17
05041	259	250	9
06001	464	453	11
06002	447	432	15
06003	453	442	11
06004	311	290	21
06005	285	273	12
06006	517	494	23
06007	445	424	21
06008	449	438	11
06009	453	433	20
06010	312	298	14
06011	384	368	16
06012	343	319	24
06013	332	318	14
06014	394	382	12
06015	400	377	23
06016	445	428	17
06017	310	296	14
06018	322	312	10
06019	360	341	19
06020	305	290	15
06021	227	221	6
06022	279	269	10
06023	254	243	11
06024	239	215	24
06025	237	226	11
06026	328	310	18
06027	269	244	25
06028	217	207	10
06029	468	448	20
06030	373	357	16
06031	396	385	11
06032	433	418	15
06033	442	422	20
06034	439	424	15
06035	405	391	14
06036	477	459	18
06037	471	453	18
06038	489	476	13
06039	375	354	21
06040	395	380	15
06041	443	425	18
06042	439	424	15
06043	418	408	10
06044	481	467	14
06045	444	429	15
06046	328	313	15
06047	308	301	7
06048	428	414	14
07001	437	418	19
07002	432	417	15
07003	424	408	16
07004	425	411	14
07005	392	373	19
07006	548	523	25
07007	415	395	20
07008	295	284	11
07009	715	680	35
07010	416	396	20
07011	490	471	19
07012	432	417	15
07013	283	279	4
07014	499	475	24
07015	410	395	15
07016	408	386	22
07017	342	327	15
07018	394	383	11
07019	401	388	13
07020	339	331	8
07021	334	318	16
07022	356	336	20
07023	383	370	13
07024	341	329	12
07025	339	316	23
07026	322	308	14
07027	324	315	9
07028	315	296	19
07029	377	365	12
07030	345	333	12
07031	310	292	18
07032	511	500	11
07033	515	497	18
07034	508	491	17
07035	458	443	15
07036	514	499	15
07037	428	409	19
07038	365	352	13
07039	378	361	17
07040	345	333	12
07041	400	376	24
07042	390	385	5
07043	393	375	18
07044	366	359	7
07045	415	395	20
07046	118	109	9
08001	386	368	18
08002	408	387	21
08003	467	460	7
08004	485	472	13
08005	369	360	9
08006	419	407	12
08007	492	485	7
08008	432	418	14
08009	286	280	6
08010	533	518	15
08011	362	345	17
08012	381	366	15
08013	507	484	23
08014	363	344	19
08015	263	258	5
08016	135	130	5
08017	367	352	15
08018	425	410	15
08019	478	463	15
08020	504	485	19
08021	566	548	18
08022	387	377	10
08023	331	316	15
08024	238	227	11
08025	434	413	21
08026	372	357	15
08027	483	462	21
08028	443	426	17
08029	481	466	15
08030	485	469	16
08031	347	333	14
08032	343	335	8
08033	352	332	20
08034	386	369	17
08035	490	469	21
08036	438	419	19
08037	346	336	10
08038	312	299	13
08039	422	413	9
08040	365	355	10
08041	466	445	21
08042	567	548	19
08043	252	242	10
08044	322	313	9
08045	374	361	13
08046	345	336	9
08047	360	341	19
08048	395	383	12
08049	400	383	17
08050	435	426	9
08051	418	406	12
08052	530	517	13
08053	263	258	5
08054	364	344	20
08055	353	341	12
08056	448	428	20
09001	396	385	11
09002	335	325	10
09003	271	258	13
09004	324	314	10
09005	403	393	10
09006	379	357	22
09007	312	295	17
09008	440	419	21
09009	480	466	14
09010	324	307	17
09011	291	269	22
09012	468	454	14
09013	465	455	10
09014	465	448	17
09015	445	410	35
09016	397	382	15
09017	302	291	11
09018	287	271	16
09019	411	400	11
09020	373	353	20
09021	376	357	19
09022	451	432	19
09023	460	444	16
09024	402	386	16
09025	358	347	11
09026	378	361	17
09027	333	324	9
09028	265	249	16
09029	359	341	18
09030	356	342	14
09031	340	317	23
09032	415	393	22
09033	305	291	14
09034	338	321	17
09035	382	367	15
09036	343	328	15
09037	627	574	53
09038	391	377	14
09039	429	403	26
09040	446	429	17
09041	339	326	13
09042	434	421	13
09043	372	350	22
09044	368	347	21
09045	300	289	11
09046	385	363	22
09047	433	423	10
09048	427	417	10
09049	451	427	24
09050	572	551	21
09051	403	392	11
10001	343	320	23
10002	466	389	77
10003	490	409	81
10004	350	339	11
10005	381	324	57
10006	382	334	48
10007	328	296	32
10008	225	208	17
10009	444	362	82
10010	501	442	59
10011	579	532	47
10012	326	306	20
10013	397	361	36
10014	581	521	60
10015	763	730	33
10016	367	322	45
10017	613	509	104
10018	261	244	17
10019	478	414	64
10020	485	436	49
10021	463	418	45
10022	264	247	17
10023	399	376	23
10024	453	370	83
10025	133	125	8
10026	320	300	20
10027	379	351	28
10028	518	476	42
10029	473	438	35
10030	391	368	23
10031	380	363	17
10032	479	430	49
10033	352	328	24
10034	313	294	19
10035	488	411	77
10036	106	100	6
11001	535	463	72
11002	39	35	4
11003	571	530	41
11004	429	382	47
11005	726	657	69
11006	883	786	97
11007	532	485	47
11008	515	446	69
11009	484	420	64
11010	543	468	75
11011	627	544	83
11012	713	507	206
11013	667	480	187
11014	314	262	52
11015	216	191	25
11016	401	343	58
11017	663	566	97
11018	455	378	77
11019	739	656	83
11020	401	333	68
11021	649	486	163
11022	691	587	104
11023	304	237	67
11024	600	460	140
11025	696	603	93
11026	583	489	94
11027	228	209	19
11028	263	208	55
11029	666	509	157
11030	313	261	52
11031	552	418	134
11032	251	190	61
11033	733	644	89
11034	177	139	38
11035	117	100	17
11036	267	232	35
11037	179	165	14
11038	289	268	21
12001	469	433	36
12002	412	385	27
12003	586	525	61
12004	548	500	48
12005	452	398	54
12006	578	528	50
12007	449	428	21
12008	502	448	54
12009	408	367	41
12010	621	597	24
12011	522	485	37
12012	481	433	48
12013	538	494	44
12014	399	385	14
12015	433	403	30
12016	415	393	22
12017	555	521	34
12018	422	402	20
12019	469	436	33
12020	567	530	37
12021	510	476	34
12022	451	425	26
12023	505	466	39
13001	409	327	82
13002	338	242	96
13003	350	321	29
13004	471	359	112
13005	509	452	57
13006	396	273	123
13007	359	321	38
13008	322	255	67
13009	452	404	48
13010	358	230	128
13011	456	361	95
13012	396	348	48
13013	400	358	42
13014	417	359	58
13015	584	524	60
13016	311	287	24
13017	366	291	75
13018	351	266	85
13019	537	493	44
13020	296	216	80
13021	490	336	154
13022	476	347	129
13023	350	316	34
13024	413	355	58
13025	424	376	48
13026	418	342	76
13027	391	316	75
13028	327	296	31
13029	345	294	51
13030	330	301	29
13031	473	344	129
13032	373	267	106
13033	402	313	89
13034	412	387	25
13035	363	327	36
13036	303	279	24
13037	414	373	41
13038	364	252	112
13039	388	354	34
13040	408	353	55
13041	482	449	33
13042	444	288	156
13043	398	338	60
13044	413	377	36
13045	429	340	89
13046	483	428	55
13047	464	428	36
13048	365	274	91
14001	504	346	158
14002	627	589	38
14003	451	425	26
14004	486	324	162
14005	647	609	38
14006	247	234	13
14007	596	535	61
14008	564	515	49
14009	597	455	142
14010	330	296	34
14011	277	264	13
14012	486	430	56
14013	428	392	36
14014	434	414	20
14015	472	443	29
14016	343	311	32
14017	405	378	27
14018	223	186	37
14019	435	415	20
14020	365	344	21
14021	446	423	23
14022	653	573	80
14023	335	293	42
14024	544	404	140
14025	255	243	12
14026	354	341	13
14027	456	406	50
14028	385	351	34
14029	350	328	22
14030	311	293	18
14031	254	244	10
15001	385	365	20
15002	242	231	11
15003	257	243	14
15004	454	439	15
15005	414	382	32
15006	471	445	26
15007	248	232	16
15008	445	413	32
15009	603	576	27
15010	607	561	46
15011	536	493	43
15012	549	504	45
15013	442	424	18
15014	391	371	20
15015	394	365	29
15016	501	470	31
15017	247	231	16
15018	190	181	9
15019	383	366	17
15020	258	243	15
15021	212	195	17
15022	249	232	17
15023	265	251	14
15024	252	240	12
16001	551	533	18
16002	312	283	29
16003	286	275	11
16004	364	341	23
16005	242	223	19
16006	299	288	11
16007	338	323	15
16008	227	215	12
16009	321	311	10
16010	273	260	13
16011	338	325	13
16012	299	282	17
16013	405	387	18
16014	251	242	9
16015	314	298	16
16016	268	255	13
16017	452	436	16
16018	397	385	12
16019	322	306	16
16020	234	216	18
16021	275	262	13
16022	265	252	13
16023	455	434	21
16024	156	146	10
16025	377	362	15
16026	224	211	13
16027	243	230	13
16028	273	259	14
16029	262	252	10
16030	242	224	18
16031	312	292	20
16032	445	412	33
16033	250	243	7
16034	272	247	25
16035	495	463	32
16036	218	210	8
17001	447	416	31
17002	381	369	12
17003	386	367	19
17004	445	422	23
17005	299	286	13
17006	412	394	18
17007	408	389	19
17008	283	269	14
17009	297	286	11
17010	508	488	20
17011	296	281	15
17012	570	528	42
17013	298	284	14
17014	443	425	18
17015	397	387	10
17016	472	452	20
17017	411	385	26
17018	442	430	12
17019	235	219	16
17020	475	462	13
17021	455	438	17
17022	364	344	20
17023	254	242	12
17024	299	289	10
17025	309	298	11
17026	385	372	13
17027	232	225	7
17028	300	288	12
17029	380	358	22
17030	393	365	28
17031	233	222	11
17032	307	295	12
17033	212	193	19
17034	265	253	12
17035	266	264	2
17036	257	244	13
17037	310	296	14
17038	418	403	15
17039	399	384	15
17040	415	400	15
17041	513	500	13
18001	426	407	19
18002	499	460	39
18003	405	338	67
18004	462	440	22
18005	263	250	13
18006	416	352	64
18007	454	407	47
18008	426	398	28
18009	412	393	19
18010	542	517	25
18011	413	381	32
18012	411	394	17
18013	479	446	33
18014	443	432	11
18015	499	452	47
18016	406	385	21
18017	451	418	33
18018	334	328	6
18019	375	356	19
18020	309	300	9
18021	554	533	21
18022	464	450	14
18023	433	408	25
18024	441	387	54
18025	473	406	67
18026	523	499	24
18027	378	358	20
18028	436	349	87
18029	503	477	26
18030	554	494	60
18031	462	433	29
18032	434	419	15
18033	322	310	12
18034	485	459	26
18035	492	472	20
18036	479	434	45
18037	490	477	13
18038	401	386	15
18039	374	349	25
18040	492	441	51
18041	516	488	28
18042	394	364	30
18043	385	337	48
18044	413	333	80
18045	463	427	36
18046	506	429	77
18047	334	302	32
18048	310	293	17
18049	300	281	19
18050	336	308	28
19001	447	287	160
19002	656	586	70
19003	436	217	219
19004	607	345	262
19005	566	488	78
19006	564	348	216
19007	463	338	125
19008	581	313	268
19009	365	237	128
19010	617	545	72
19011	502	269	233
19012	439	229	210
19013	581	547	34
19014	545	475	70
19015	695	428	267
19016	513	298	215
19017	431	279	152
19018	495	400	95
19019	634	543	91
19020	410	368	42
19021	543	308	235
19022	553	434	119
19023	527	357	170
19024	377	198	179
19025	485	388	97
19026	509	393	116
19027	481	433	48
19028	572	549	23
19029	558	360	198
19030	505	289	216
19031	472	373	99
19032	453	305	148
19033	564	340	224
19034	437	354	83
19035	462	371	91
19036	690	632	58
19037	493	458	35
19038	452	413	39
19039	238	228	10
19040	558	473	85
19041	500	276	224
19042	413	368	45
19043	662	631	31
19044	616	333	283
19045	524	355	169
19046	509	334	175
19047	695	633	62
19048	589	561	28
19049	598	559	39
19050	427	295	132
19051	570	393	177
19052	618	391	227
19053	485	354	131
19054	440	248	192
19055	442	270	172
19056	529	449	80
19057	416	360	56
20001	450	433	17
20002	152	135	17
20003	380	356	24
20004	198	189	9
20005	491	476	15
20006	187	179	8
20007	501	483	18
20008	381	360	21
20009	608	592	16
20010	293	286	7
20011	567	539	28
20012	417	401	16
20013	384	354	30
20014	248	236	12
20015	449	420	29
20016	533	510	23
20017	288	272	16
20018	308	297	11
20019	456	441	15
20020	345	320	25
20021	359	341	18
20022	596	576	20
20023	254	240	14
20024	583	560	23
20025	296	280	16
20026	423	405	18
20027	225	213	12
20028	273	261	12
20029	290	279	11
20030	188	182	6
20031	513	491	22
20032	341	327	14
20033	271	259	12
20034	577	555	22
20035	313	290	23
20036	144	137	7
20037	132	129	3
20038	154	145	9
20039	38	37	1
21001	471	458	13
21002	305	283	22
21003	421	402	19
21004	360	347	13
21005	446	430	16
21006	354	339	15
21007	417	399	18
21008	442	415	27
21009	443	424	19
21010	361	348	13
21011	382	365	17
21012	369	352	17
21013	439	426	13
21014	459	451	8
21015	388	374	14
21016	377	362	15
21017	363	342	21
21018	394	377	17
21019	465	452	13
21020	387	376	11
21021	361	345	16
21022	394	375	19
21023	396	387	9
21024	432	411	21
21025	373	343	30
21026	437	417	20
21027	454	442	12
21028	507	484	23
21029	466	451	15
21030	375	363	12
21031	231	227	4
21032	300	290	10
21033	371	349	22
21034	413	400	13
21035	504	479	25
21036	424	402	22
21037	299	287	12
21038	439	421	18
21039	388	364	24
21040	388	368	20
21041	450	437	13
21042	458	437	21
21043	419	412	7
21044	450	431	19
21045	395	377	18
21046	446	425	21
21047	384	361	23
21048	422	401	21
21049	470	453	17
21050	304	290	14
21051	428	415	13
21052	419	402	17
21053	363	342	21
21054	358	345	13
22001	224	213	11
22002	562	478	84
22003	680	634	46
22004	359	343	16
22005	420	399	21
22006	423	406	17
22007	349	329	20
22008	642	578	64
22009	350	333	17
22010	584	554	30
22011	340	315	25
22012	370	326	44
22013	465	443	22
22014	365	350	15
22015	365	349	16
22016	352	322	30
22017	577	537	40
22018	382	364	18
22019	212	205	7
22020	438	426	12
22021	411	393	18
22022	417	392	25
22023	464	444	20
22024	521	504	17
22025	424	405	19
23001	425	286	139
23002	468	372	96
23003	424	299	125
23004	428	320	108
23005	451	417	34
23006	460	421	39
23007	420	383	37
23008	543	455	88
23009	422	384	38
23010	507	451	56
23011	502	467	35
23012	498	337	161
23013	418	397	21
23014	388	277	111
23015	400	367	33
23016	448	295	153
23017	350	321	29
23018	406	308	98
23019	382	354	28
23020	315	284	31
23021	424	269	155
23022	468	372	96
23023	421	336	85
23024	395	360	35
23025	387	347	40
23026	439	392	47
23027	417	277	140
23028	507	381	126
23029	385	308	77
23030	516	459	57
23031	391	354	37
23032	403	364	39
23033	473	435	38
23034	479	443	36
23035	350	260	90
23036	454	307	147
23037	488	338	150
23038	414	323	91
23039	477	446	31
24001	323	312	11
24002	368	346	22
24003	424	411	13
24004	301	287	14
24005	196	185	11
24006	375	358	17
24007	278	265	13
24008	174	165	9
24009	347	328	19
24010	181	174	7
24011	388	365	23
24012	232	215	17
24013	222	206	16
24014	313	295	18
24015	198	183	15
24016	1059	984	75
24017	267	258	9
24018	312	301	11
24019	407	387	20
24020	311	292	19
24021	198	181	17
24022	431	405	26
24023	313	298	15
24024	406	374	32
24025	290	277	13
24026	530	510	20
24027	369	347	22
24028	223	210	13
24029	270	251	19
24030	220	208	12
24031	399	379	20
24032	180	172	8
24033	220	213	7
24034	343	327	16
24035	345	323	22
24036	413	383	30
24037	181	171	10
24038	295	276	19
24039	366	351	15
24040	427	399	28
24041	165	154	11
25001	442	411	31
25002	698	655	43
25003	1051	919	132
25004	440	395	45
25005	581	533	48
25006	209	192	17
25007	602	569	33
25008	640	615	25
25009	565	537	28
25010	875	752	123
25011	596	558	38
25012	546	516	30
25013	681	653	28
25014	444	401	43
25015	490	451	39
25016	1084	893	191
25017	598	567	31
25018	354	318	36
25019	603	569	34
25020	328	299	29
25021	1139	1010	129
25022	577	546	31
25023	647	610	37
25024	594	554	40
25025	520	458	62
25026	566	534	32
25027	798	684	114
25028	610	580	30
25029	446	411	35
25030	564	526	38
25031	1232	1013	219
25032	489	441	48
26001	481	445	36
26002	373	347	26
26003	546	504	42
26004	319	302	17
26005	403	385	18
26006	379	348	31
26007	418	390	28
26008	284	263	21
26009	356	330	26
26010	433	407	26
26011	428	392	36
26012	458	428	30
26013	255	240	15
26014	359	339	20
26015	275	257	18
26016	244	223	21
26017	405	350	55
26018	320	299	21
26019	273	255	18
26020	409	382	27
26021	510	480	30
26022	266	258	8
26023	330	310	20
26024	370	351	19
26025	358	330	28
26026	316	299	17
26027	493	465	28
26028	588	528	60
26029	241	218	23
26030	364	343	21
26031	213	199	14
26032	558	500	58
26033	512	484	28
26034	479	447	32
26035	384	360	24
26036	455	417	38
26037	469	440	29
26038	212	199	13
26039	527	491	36
26040	292	271	21
26041	476	449	27
26042	364	338	26
26043	270	250	20
26044	241	226	15
26045	231	209	22
26046	351	307	44
26047	324	304	20
26048	464	438	26
26049	289	274	15
27001	1294	1130	164
27002	587	521	66
27003	234	223	11
27004	263	251	12
27005	379	359	20
27006	649	575	74
27007	759	690	69
27008	376	356	20
27009	287	242	45
27010	418	389	29
27011	687	580	107
27012	465	419	46
27013	678	635	43
27014	236	215	21
27015	247	231	16
27016	662	561	101
27017	502	475	27
27018	327	299	28
27019	240	220	20
27020	334	310	24
27021	534	467	67
27022	206	189	17
27023	287	269	18
27024	310	294	16
27025	460	433	27
27026	327	310	17
27027	638	595	43
27028	752	633	119
27029	304	289	15
27030	212	202	10
27031	352	333	19
27032	442	402	40
27033	740	659	81
27034	245	224	21
27035	694	609	85
27036	340	320	20
27037	559	502	57
27038	682	629	53
27039	337	310	27
27040	784	686	98
27041	361	334	27
27042	381	344	37
27043	369	354	15
27044	330	308	22
27045	1656	1430	226
27046	503	422	81
27047	311	287	24
27048	996	907	89
27049	328	311	17
27050	425	393	32
28001	265	252	13
28002	350	324	26
28003	276	264	12
28004	429	380	49
28005	246	235	11
28006	226	196	30
28007	381	360	21
28008	649	557	92
28009	348	325	23
28010	550	511	39
28011	916	850	66
28012	330	319	11
28013	406	386	20
28014	352	327	25
28015	66	62	4
28016	229	215	14
28017	301	287	14
28018	293	275	18
28019	336	302	34
28020	300	281	19
28021	299	282	17
28022	337	316	21
28023	447	420	27
28024	303	279	24
28025	525	504	21
28026	341	325	16
28027	454	384	70
28028	549	476	73
28029	186	172	14
28030	51	48	3
28031	415	400	15
28032	349	323	26
28033	371	350	21
28034	643	603	40
28035	430	405	25
28036	189	179	10
28037	412	392	20
28038	139	130	9
28039	283	270	13
28040	459	437	22
28041	232	220	12
28042	367	348	19
28043	432	414	18
28044	261	242	19
28045	626	555	71
28046	764	684	80
29001	636	564	72
29002	533	512	21
29003	424	403	21
29004	515	491	24
29005	341	323	18
29006	345	328	17
29007	474	443	31
29008	435	412	23
29009	539	470	69
29010	619	562	57
29011	255	245	10
29012	558	532	26
29013	435	415	20
29014	400	384	16
29015	480	456	24
29016	416	399	17
29017	408	381	27
29018	420	398	22
29019	431	414	17
29020	466	441	25
29021	570	535	35
29022	398	363	35
29023	571	471	100
29024	418	397	21
29025	489	466	23
29026	423	402	21
29027	403	386	17
29028	556	531	25
29029	627	523	104
29030	648	591	57
29031	557	459	98
29032	574	472	102
29033	323	305	18
29034	331	309	22
29035	317	298	19
29036	378	363	15
29037	426	396	30
29038	604	548	56
29039	566	497	69
29040	493	461	32
29041	381	359	22
29042	496	473	23
29043	586	550	36
29044	492	458	34
30001	601	546	55
30002	576	519	57
30003	431	393	38
30004	536	454	82
30005	417	382	35
30006	366	334	32
30007	583	519	64
30008	649	583	66
30009	489	450	39
30010	521	470	51
30011	536	498	38
30012	511	445	66
30013	544	490	54
30014	401	361	40
30015	487	437	50
30016	316	285	31
30017	559	507	52
30018	662	621	41
30019	555	514	41
30020	604	552	52
30021	408	356	52
30022	779	731	48
30023	667	621	46
30024	798	746	52
30025	793	745	48
30026	344	317	27
30027	398	353	45
30028	555	510	45
30029	385	368	17
30030	225	208	17
30031	350	316	34
30032	458	420	38
31001	350	329	21
31002	314	293	21
31003	363	333	30
31004	468	451	17
31005	377	351	26
31006	259	240	19
31007	543	505	38
31008	324	303	21
31009	388	356	32
31010	433	405	28
31011	315	281	34
31012	318	280	38
31013	398	374	24
31014	348	313	35
31015	374	335	39
31016	440	407	33
31017	345	316	29
31018	340	317	23
31019	346	316	30
31020	318	297	21
31021	330	297	33
31022	304	282	22
31023	395	354	41
31024	376	343	33
31025	347	319	28
31026	374	342	32
31027	417	374	43
31028	325	301	24
31029	348	320	28
31030	299	275	24
31031	311	288	23
31032	297	273	24
31033	356	324	32
31034	375	340	35
31035	438	413	25
31036	389	368	21
31037	343	307	36
31038	331	308	23
31039	420	395	25
31040	415	383	32
31041	342	324	18
32001	865	765	100
32002	790	694	96
32003	723	686	37
32004	657	585	72
32005	740	681	59
32006	848	770	78
32007	814	715	99
32008	915	784	131
32009	740	664	76
32010	830	729	101
32011	599	559	40
32012	476	445	31
32013	827	717	110
32014	727	670	57
32015	677	578	99
32016	686	623	63
32017	653	612	41
32018	708	610	98
32019	688	623	65
32020	626	593	33
32021	721	631	90
32022	798	754	44
32023	751	658	93
32024	651	545	106
32025	696	612	84
32026	690	644	46
32027	781	661	120
32028	665	620	45
32029	728	662	66
32030	746	622	124
32031	787	664	123
32032	810	724	86
32033	701	607	94
32034	800	724	76
32035	714	616	98
32036	765	681	84
32037	825	738	87
32038	737	653	84
32039	855	746	109
32040	733	626	107
32041	774	672	102
32042	700	591	109
32043	599	559	40
33001	711	677	34
33002	882	826	56
33003	945	879	66
33004	938	849	89
33005	700	623	77
33006	609	564	45
33007	717	684	33
33008	858	798	60
33009	790	699	91
33010	604	540	64
33011	704	639	65
33012	715	658	57
33013	668	619	49
33014	328	309	19
33015	710	673	37
33016	946	860	86
33017	718	652	66
33018	1003	942	61
33019	850	771	79
33020	873	833	40
33021	720	679	41
33022	657	577	80
33023	776	713	63
33024	840	775	65
33025	838	767	71
33026	525	493	32
33027	821	752	69
33028	633	607	26
34001	461	444	17
34002	379	355	24
34003	423	400	23
34004	323	307	16
34005	386	371	15
34006	485	464	21
34007	461	440	21
34008	360	348	12
34009	295	273	22
34010	343	325	18
34011	379	364	15
34012	464	446	18
34013	429	413	16
34014	342	324	18
34015	397	378	19
34016	381	366	15
34017	526	501	25
34018	298	279	19
34019	466	448	18
34020	464	447	17
34021	493	475	18
34022	423	408	15
34023	363	354	9
34024	369	356	13
34025	628	597	31
34026	487	467	20
34027	353	343	10
34028	274	261	13
34029	358	341	17
34030	402	388	14
34031	354	337	17
34032	419	407	12
34033	358	340	18
34034	486	464	22
34035	527	511	16
34036	360	343	17
34037	245	231	14
34038	207	197	10
34039	321	297	24
34040	467	452	15
34041	256	245	11
34042	408	400	8
34043	378	363	15
34044	391	373	18
34045	419	406	13
34046	287	280	7
34047	385	371	14
34048	419	406	13
34049	394	383	11
34050	346	332	14
34051	459	440	19
34052	328	314	14
34053	296	285	11
35001	629	579	50
35002	610	562	48
35003	532	507	25
35004	593	535	58
35005	515	482	33
35006	606	571	35
35007	616	575	41
35008	594	562	32
35009	544	498	46
35010	693	656	37
35011	690	649	41
35012	423	401	22
35013	427	403	24
35014	479	450	29
35015	706	660	46
35016	334	320	14
35017	603	570	33
35018	393	365	28
35019	378	353	25
35020	599	561	38
35021	601	567	34
35022	716	681	35
35023	620	576	44
35024	536	486	50
35025	617	570	47
35026	509	457	52
35027	546	517	29
35028	567	519	48
35029	566	534	32
35030	565	526	39
35031	633	579	54
36001	490	443	47
36002	498	470	28
36003	443	410	33
36004	537	497	40
36005	428	399	29
36006	465	432	33
36007	566	462	104
36008	414	383	31
36009	467	433	34
36010	641	583	58
36011	348	320	28
36012	333	310	23
36013	362	345	17
36014	553	479	74
36015	525	440	85
36016	509	452	57
36017	615	535	80
36018	544	458	86
36019	632	577	55
36020	573	497	76
36021	462	431	31
36022	448	401	47
36023	449	418	31
36024	592	527	65
36025	511	479	32
36026	492	414	78
36027	466	422	44
36028	529	450	79
36029	559	462	97
36030	493	428	65
37001	220	207	13
37002	354	336	18
37003	286	270	16
37004	330	308	22
37005	418	397	21
37006	267	262	5
37007	329	307	22
37008	303	278	25
37009	406	390	16
37010	502	465	37
37011	266	254	12
37012	374	356	18
37013	289	276	13
37014	441	419	22
37015	410	383	27
37016	445	422	23
37017	291	279	12
37018	346	320	26
37019	284	276	8
37020	351	331	20
37021	360	338	22
37022	373	351	22
37023	374	362	12
37024	380	361	19
37025	343	326	17
37026	528	499	29
37027	376	359	17
37028	356	343	13
37029	373	343	30
37030	348	334	14
37031	445	421	24
37032	360	336	24
37033	290	282	8
37034	353	336	17
37035	385	367	18
37036	285	277	8
37037	428	397	31
37038	421	404	17
37039	331	317	14
37040	409	382	27
37041	414	395	19
38001	504	454	50
38002	556	353	203
38003	563	449	114
38004	538	426	112
38005	546	441	105
38006	569	453	116
38007	532	391	141
38008	530	438	92
38009	628	498	130
38010	479	391	88
38011	484	414	70
38012	544	361	183
38013	620	465	155
38014	574	473	101
38015	514	418	96
38016	533	416	117
38017	657	498	159
38018	588	466	122
38019	607	497	110
38020	561	402	159
38021	519	452	67
38022	505	435	70
38023	551	470	81
38024	578	429	149
38025	518	427	91
38026	570	484	86
38027	564	437	127
38028	668	499	169
38029	568	470	98
38030	560	434	126
38031	535	447	88
38032	531	448	83
38033	481	423	58
38034	511	454	57
38035	531	464	67
38036	522	442	80
38037	539	460	79
38038	541	433	108
38039	591	505	86
38040	545	461	84
38041	499	441	58
39001	564	451	113
39002	388	338	50
39003	605	536	69
39004	542	430	112
39005	574	497	77
39006	559	502	57
39007	483	426	57
39008	555	496	59
39009	511	439	72
39010	251	236	15
39011	536	467	69
39012	726	682	44
39013	488	421	67
39014	552	481	71
39015	652	498	154
39016	519	478	41
39017	578	486	92
39018	549	483	66
39019	534	465	69
39020	692	520	172
39021	559	419	140
39022	538	491	47
39023	562	425	137
39024	691	518	173
39025	483	443	40
39026	537	447	90
39027	85	66	19
39028	684	618	66
39029	292	272	20
39030	659	627	32
39031	487	437	50
39032	491	417	74
39033	561	505	56
39034	661	567	94
39035	561	510	51
39036	136	128	8
39037	532	434	98
39038	288	251	37
39039	352	297	55
39040	580	471	109
39041	568	443	125
39042	586	431	155
39043	570	437	133
39044	449	339	110
39045	510	392	118
40001	559	491	68
40002	621	555	66
40003	771	716	55
40004	382	347	35
40005	653	597	56
40006	720	671	49
40007	586	538	48
40008	816	775	41
40009	482	449	33
40010	674	632	42
40011	630	571	59
40012	559	506	53
40013	897	839	58
40014	568	515	53
40015	607	552	55
40016	820	772	48
40017	501	457	44
40018	483	449	34
40019	746	678	68
40020	634	588	46
40021	686	633	53
40022	733	677	56
40023	723	680	43
40024	555	488	67
40025	720	675	45
40026	660	617	43
40027	790	737	53
40028	637	594	43
40029	610	543	67
40030	513	442	71
40031	680	639	41
40032	678	630	48
40033	593	561	32
40034	547	478	69
40035	440	405	35
40036	533	489	44
40037	634	598	36
40038	755	695	60
40039	245	236	9
41001	565	349	216
41002	609	380	229
41003	564	420	144
41004	561	383	178
41005	694	516	178
41006	647	461	186
41007	609	403	206
41008	603	402	201
41009	562	415	147
41010	591	417	174
41011	636	405	231
41012	618	462	156
41013	691	490	201
41014	639	480	159
41015	728	533	195
41016	569	394	175
41017	528	397	131
41018	552	372	180
41019	636	486	150
41020	426	305	121
41021	567	416	151
41022	652	479	173
41023	615	415	200
41024	569	392	177
41025	569	483	86
41026	510	341	169
41027	549	430	119
41028	628	545	83
41029	507	416	91
41030	504	368	136
41031	533	404	129
41032	505	351	154
41033	551	397	154
41034	543	375	168
41035	716	488	228
41036	587	446	141
41037	649	451	198
41038	582	429	153
41039	630	431	199
41040	661	424	237
41041	624	425	199
41042	599	391	208
41043	615	450	165
41044	594	374	220
41045	574	423	151
41046	592	429	163
41047	661	480	181
42001	600	518	82
42002	899	782	117
42003	735	632	103
42004	1765	1525	240
42005	621	515	106
42006	641	559	82
42007	839	703	136
42008	576	515	61
42009	924	819	105
42010	989	852	137
42011	475	409	66
42012	593	484	109
42013	525	438	87
42014	1006	847	159
42015	1040	864	176
42016	719	597	122
42017	1198	992	206
42018	945	820	125
42019	911	798	113
42020	934	786	148
42021	895	792	103
42022	416	344	72
42023	812	675	137
42024	669	584	85
42025	854	706	148
42026	1234	1018	216
42027	486	415	71
42028	705	616	89
42029	878	737	141
42030	539	451	88
42031	875	755	120
42032	896	741	155
42033	791	690	101
42034	592	494	98
42035	902	777	125
42036	1280	1091	189
42037	574	459	115
42038	747	627	120
42039	1339	1134	205
42040	1081	942	139
42041	740	647	93
42042	1266	1125	141
43001	374	335	39
43002	759	638	121
43003	667	571	96
43004	887	770	117
43005	658	569	89
43006	552	485	67
43007	394	340	54
43008	529	457	72
43009	690	596	94
43010	856	725	131
43011	669	556	113
43012	446	385	61
43013	664	587	77
43014	679	584	95
43015	709	602	107
43016	1008	861	147
43017	540	435	105
43018	816	684	132
43019	702	626	76
43020	859	765	94
43021	816	704	112
43022	516	452	64
43023	489	415	74
43024	521	439	82
43025	565	493	72
43026	423	367	56
43027	627	542	85
43028	868	772	96
43029	991	856	135
43030	715	635	80
43031	653	570	83
43032	711	640	71
43033	683	577	106
43034	446	388	58
43035	730	637	93
43036	467	402	65
43037	790	705	85
43038	512	436	76
43039	541	474	67
43040	519	452	67
43041	829	712	117
43042	661	576	85
43043	730	601	129
43044	696	580	116
43045	407	356	51
43046	449	391	58
44001	1098	994	104
44002	770	676	94
44003	389	349	40
44004	595	536	59
44005	730	660	70
44006	958	843	115
44007	481	409	72
44008	1003	915	88
44009	750	654	96
44010	806	694	112
44011	848	749	99
44012	762	683	79
44013	652	556	96
44014	708	621	87
44015	686	622	64
44016	879	758	121
44017	958	867	91
44018	845	753	92
44019	873	802	71
44020	899	795	104
44021	874	790	84
44022	688	632	56
44023	694	643	51
44024	515	455	60
44025	774	694	80
44026	905	828	77
44027	856	747	109
44028	768	698	70
44029	873	767	106
44030	912	807	105
44031	665	593	72
44032	866	760	106
44033	771	719	52
44034	768	702	66
44035	837	739	98
44036	840	747	93
44037	804	736	68
44038	943	833	110
44039	814	722	92
44040	754	646	108
44041	971	885	86
45001	478	429	49
45002	571	534	37
45003	531	468	63
45004	691	613	78
45005	602	527	75
45006	772	683	89
45007	820	709	111
45008	590	520	70
45009	593	524	69
45010	582	503	79
45011	456	402	54
45012	544	474	70
45013	481	423	58
45014	809	718	91
45015	664	576	88
45016	467	409	58
45017	634	550	84
45018	630	538	92
45019	329	286	43
45020	416	364	52
45021	519	428	91
45022	550	474	76
45023	541	432	109
45024	446	348	98
45025	376	299	77
45026	319	240	79
45027	572	455	117
45028	488	402	86
45029	372	304	68
45030	536	483	53
45031	465	411	54
45032	522	429	93
45033	407	356	51
45034	567	485	82
45035	611	500	111
45036	601	486	115
45037	551	427	124
45038	566	459	107
45039	564	458	106
45040	513	393	120
45041	517	396	121
45042	532	403	129
45043	574	425	149
45044	540	412	128
45045	381	271	110
45046	439	322	117
45047	422	305	117
45048	460	344	116
46001	494	452	42
46002	647	603	44
46003	786	719	67
46004	643	600	43
46005	912	834	78
46006	590	553	37
46007	678	631	47
46008	462	437	25
46009	728	676	52
46010	1201	1101	100
46011	672	629	43
46012	715	675	40
46013	708	647	61
46014	688	654	34
46015	721	653	68
46016	732	664	68
46017	730	644	86
46018	791	711	80
46019	465	415	50
46020	562	532	30
46021	484	453	31
46022	481	462	19
46023	592	553	39
46024	849	766	83
46025	648	617	31
46026	955	888	67
46027	883	828	55
46028	626	560	66
46029	567	511	56
46030	704	642	62
46031	708	668	40
46032	652	612	40
46033	740	673	67
46034	847	796	51
46035	756	707	49
46036	650	571	79
46037	530	504	26
46038	791	736	55
46039	650	593	57
46040	553	513	40
47001	481	441	40
47002	696	610	86
47003	652	596	56
47004	817	741	76
47005	737	679	58
47006	854	770	84
47007	668	595	73
47008	688	611	77
47009	703	623	80
47010	833	778	55
47011	730	647	83
47012	762	692	70
47013	674	624	50
47014	639	570	69
47015	817	768	49
47016	678	600	78
47017	711	640	71
47018	684	607	77
47019	1068	1008	60
47020	706	648	58
47021	658	595	63
47022	741	685	56
47023	770	728	42
47024	761	700	61
47025	865	794	71
47026	917	862	55
47027	628	558	70
47028	645	591	54
47029	802	717	85
47030	847	806	41
47031	724	676	48
47032	836	779	57
47033	724	643	81
47034	705	648	57
47035	704	618	86
47036	784	736	48
47037	668	611	57
47038	711	655	56
47039	692	637	55
47040	651	604	47
47041	763	718	45
47042	666	621	45
47043	650	553	97
47044	651	585	66
47045	625	580	45
47046	737	650	87
47047	858	752	106
47048	42	34	8
48001	637	605	32
48002	293	259	34
48003	734	696	38
48004	628	598	30
48005	357	332	25
48006	764	722	42
48007	684	641	43
48008	326	292	34
48009	448	403	45
48010	891	848	43
48011	534	503	31
48012	742	700	42
48013	810	742	68
48014	310	275	35
48015	420	391	29
48016	697	664	33
48017	572	532	40
48018	437	418	19
48019	440	411	29
48020	673	629	44
48021	834	787	47
48022	514	468	46
48023	610	556	54
48024	774	685	89
48025	536	496	40
48026	319	289	30
48027	637	603	34
48028	735	672	63
48029	289	273	16
48030	538	498	40
48031	913	860	53
48032	706	678	28
48033	343	322	21
48034	546	512	34
48035	383	353	30
48036	355	323	32
48037	685	643	42
48038	658	600	58
48039	510	462	48
48040	568	520	48
48041	830	794	36
48042	705	677	28
48043	747	705	42
48044	799	760	39
48045	468	443	25
48046	411	376	35
49001	417	400	17
49002	400	383	17
49003	788	752	36
49004	841	796	45
49005	607	581	26
49006	569	539	30
49007	529	493	36
49008	575	550	25
49009	674	639	35
49010	726	682	44
49011	832	801	31
49012	787	738	49
49013	746	690	56
49014	511	479	32
49015	483	468	15
49016	602	550	52
49017	496	465	31
49018	811	777	34
49019	619	590	29
49020	963	921	42
49021	410	391	19
49022	678	631	47
49023	838	806	32
49024	525	498	27
49025	830	781	49
49026	754	710	44
49027	751	722	29
49028	915	866	49
49029	757	722	35
49030	674	626	48
49031	476	447	29
49032	611	584	27
49033	503	477	26
50001	503	378	125
50002	329	262	67
50003	456	360	96
50004	582	516	66
50005	379	303	76
50006	536	494	42
50007	587	542	45
50008	515	486	29
50009	413	366	47
50010	570	460	110
50011	354	220	134
50012	233	193	40
50013	595	552	43
50014	176	149	27
50015	588	522	66
50016	167	136	31
50017	542	455	87
50018	96	72	24
50019	407	383	24
50020	554	509	45
50021	461	401	60
50022	478	391	87
50023	391	323	68
50024	413	273	140
50025	514	378	136
50026	549	512	37
50027	176	145	31
50028	555	525	30
50029	520	494	26
50030	405	370	35
50031	683	658	25
50032	572	536	36
50033	383	271	112
50034	692	589	103
50035	664	628	36
50036	514	462	52
50037	528	487	41
50038	206	185	21
50039	350	293	57
50040	512	316	196
