Precinct	total_votes	votes|Yes	votes|No
01001	547	503	44
01002	442	396	46
01003	586	556	30
01004	561	532	29
01005	614	567	47
01006	526	484	42
01007	383	349	34
01008	432	403	29
01009	363	335	28
01010	703	670	33
01011	648	605	43
01012	618	571	47
01013	240	219	21
01014	499	471	28
01015	462	425	37
01016	628	577	51
01017	446	400	46
01018	497	448	49
01019	540	490	50
01020	427	397	30
01021	713	671	42
01022	341	316	25
01023	748	688	60
01024	440	389	51
01025	525	485	40
01026	308	287	21
01027	541	511	30
01028	102	97	5
01029	642	602	40
01030	550	484	66
01031	484	450	34
01032	507	459	48
01033	615	577	38
01034	420	374	46
01035	645	610	35
01036	553	519	34
01037	544	506	38
01038	506	444	62
01039	470	444	26
01040	497	454	43
01041	306	272	34
01042	178	153	25
01043	324	299	25
01044	482	440	42
02001	595	556	39
02002	430	409	21
02003	606	578	28
02004	491	453	38
02005	659	614	45
02006	533	493	40
02007	502	448	54
02008	624	576	48
02009	499	470	29
02010	441	413	28
02011	572	536	36
02012	473	451	22
02013	456	428	28
02014	577	521	56
02015	520	478	42
02016	484	452	32
02017	647	597	50
02018	511	483	28
02019	391	360	31
02020	626	579	47
02021	543	509	34
02022	566	530	36
02023	377	359	18
02024	480	451	29
02025	591	558	33
02026	482	446	36
02027	487	455	32
02028	605	565	40
02029	611	576	35
02030	447	420	27
02031	622	589	33
02032	437	412	25
02033	802	753	49
02034	432	408	24
02035	723	686	37
02036	596	565	31
02037	477	453	24
02038	486	459	27
02039	352	324	28
02040	720	684	36
02041	556	521	35
02042	587	551	36
02043	711	675	36
02044	330	317	13
02045	610	577	33
02046	305	274	31
03001	579	543	36
03002	534	509	25
03003	363	341	22
03004	508	480	28
03005	269	250	19
03006	680	640	40
03007	280	262	18
03008	367	335	32
03009	466	436	30
03010	175	158	17
03011	459	425	34
03012	467	437	30
03013	595	565	30
03014	551	523	28
03015	344	318	26
03016	365	336	29
03017	694	649	45
03018	662	618	44
03019	598	571	27
03020	494	470	24
03021	563	520	43
03022	693	656	37
03023	399	365	34
03024	397	373	24
03025	910	868	42
03026	576	545	31
03027	668	622	46
03028	291	274	17
03029	424	390	34
03030	366	339	27
03031	501	469	32
03032	623	581	42
03033	630	601	29
03034	654	620	34
03035	232	214	18
03036	240	216	24
03037	423	401	22
03038	370	351	19
03039	831	778	53
03040	493	462	31
03041	339	315	24
04001	750	684	66
04002	682	638	44
04003	389	374	15
04004	645	606	39
04005	472	440	32
04006	511	483	28
04007	576	558	18
04008	513	492	21
04009	532	513	19
04010	623	593	30
04011	499	472	27
04012	575	535	40
04013	646	603	43
04014	514	491	23
04015	617	575	42
04016	883	834	49
04017	665	616	49
04018	467	440	27
04019	339	310	29
04020	476	447	29
04021	707	654	53
04022	522	496	26
04023	685	630	55
04024	455	422	33
04025	602	572	30
04026	440	414	26
04027	666	624	42
04028	413	390	23
04029	420	398	22
04030	653	611	42
04031	499	476	23
04032	569	521	48
04033	501	470	31
04034	416	384	32
04035	586	560	26
04036	547	518	29
04037	968	917	51
04038	532	510	22
05001	374	357	17
05002	312	295	17
05003	550	492	58
05004	642	579	63
05005	411	377	34
05006	361	332	29
05007	486	454	32
05008	500	472	28
05009	561	520	41
05010	345	313	32
05011	515	468	47
05012	300	274	26
05013	383	361	22
05014	365	346	19
05015	436	394	42
05016	421	392	29
05017	340	310	30
05018	461	421	40
05019	464	416	48
05020	548	518	30
05021	537	494	43
05022	539	509	30
05023	838	784	54
05024	545	499	46
05025	424	404	20
05026	452	430	22
05027	585	544	41
05028	491	452	39
05029	480	449	31
05030	278	261	17
05031	343	326	17
05032	570	542	28
05033	464	435	29
05034	568	530	38
05035	601	551	50
05036	254	242	12
05037	523	492	31
05038	389	360	29
05039	396	372	24
05040	321	296	25
05041	268	255	13
06001	401	384	17
06002	368	346	22
06003	373	354	19
06004	280	262	18
06005	227	206	21
06006	398	372	26
06007	335	311	24
06008	381	367	14
06009	321	289	32
06010	212	196	16
06011	318	293	25
06012	264	239	25
06013	289	270	19
06014	277	260	17
06015	278	244	34
06016	370	337	33
06017	227	209	18
06018	226	209	17
06019	327	310	17
06020	205	190	15
06021	197	184	13
06022	225	213	12
06023	181	160	21
06024	182	166	16
06025	181	170	11
06026	248	225	23
06027	201	184	17
06028	165	153	12
06029	383	363	20
06030	293	270	23
06031	368	353	15
06032	346	327	19
06033	359	329	30
06034	374	351	23
06035	326	303	23
06036	424	395	29
06037	371	357	14
06038	386	366	20
06039	305	274	31
06040	315	297	18
06041	362	343	19
06042	366	336	30
06043	317	295	22
06044	347	324	23
06045	396	380	16
06046	253	237	16
06047	252	237	15
06048	377	353	24
07001	307	279	28
07002	335	312	23
07003	377	351	26
07004	359	338	21
07005	276	249	27
07006	434	415	19
07007	324	299	25
07008	272	254	18
07009	616	571	45
07010	392	371	21
07011	367	341	26
07012	308	293	15
07013	203	188	15
07014	356	330	26
07015	335	316	19
07016	271	249	22
07017	292	264	28
07018	284	266	18
07019	326	302	24
07020	257	235	22
07021	252	236	16
07022	289	262	27
07023	336	319	17
07024	270	251	19
07025	278	258	20
07026	277	254	23
07027	260	245	15
07028	254	234	20
07029	284	264	20
07030	242	221	21
07031	225	213	12
07032	461	438	23
07033	462	440	22
07034	413	390	23
07035	378	349	29
07036	413	389	24
07037	366	341	25
07038	296	280	16
07039	319	298	21
07040	292	273	19
07041	352	329	23
07042	290	275	15
07043	307	294	13
07044	302	285	17
07045	319	294	25
07046	121	118	3
08001	307	283	24
08002	333	316	17
08003	424	401	23
08004	426	413	13
08005	394	379	15
08006	374	356	18
08007	418	402	16
08008	367	349	18
08009	244	233	11
08010	464	434	30
08011	283	268	15
08012	298	276	22
08013	398	368	30
08014	261	243	18
08015	306	285	21
08016	112	104	8
08017	324	312	12
08018	332	303	29
08019	391	371	20
08020	412	391	21
08021	450	414	36
08022	338	322	16
08023	304	282	22
08024	223	205	18
08025	374	354	20
08026	321	303	18
08027	398	364	34
08028	378	355	23
08029	414	381	33
08030	358	335	23
08031	260	249	11
08032	278	272	6
08033	334	300	34
08034	356	342	14
08035	387	371	16
08036	380	362	18
08037	303	292	11
08038	235	220	15
08039	354	335	19
08040	290	279	11
08041	407	389	18
08042	429	405	24
08043	207	189	18
08044	240	230	10
08045	337	313	24
08046	289	270	19
08047	294	279	15
08048	332	317	15
08049	343	315	28
08050	354	336	18
08051	377	361	16
08052	450	436	14
08053	219	204	15
08054	293	275	18
08055	247	232	15
08056	368	348	20
09001	342	320	22
09002	298	272	26
09003	268	240	28
09004	260	248	12
09005	339	333	6
09006	296	280	16
09007	273	255	18
09008	331	301	30
09009	371	354	17
09010	268	251	17
09011	221	205	16
09012	405	379	26
09013	397	380	17
09014	412	387	25
09015	368	335	33
09016	307	292	15
09017	210	195	15
09018	250	226	24
09019	322	307	15
09020	329	310	19
09021	293	276	17
09022	352	336	16
09023	409	384	25
09024	318	298	20
09025	361	340	21
09026	374	342	32
09027	279	264	15
09028	215	199	16
09029	289	260	29
09030	269	251	18
09031	262	240	22
09032	357	338	19
09033	259	241	18
09034	251	234	17
09035	345	322	23
09036	281	266	15
09037	496	452	44
09038	366	345	21
09039	378	352	26
09040	385	365	20
09041	273	260	13
09042	358	343	15
09043	291	267	24
09044	295	275	20
09045	271	244	27
09046	335	306	29
09047	362	343	19
09048	383	363	20
09049	352	328	24
09050	465	445	20
09051	329	307	22
10001	285	265	20
10002	345	304	41
10003	344	307	37
10004	249	232	17
10005	263	228	35
10006	261	243	18
10007	246	233	13
10008	204	182	22
10009	333	299	34
10010	349	316	33
10011	388	369	19
10012	211	203	8
10013	297	279	18
10014	445	415	30
10015	630	598	32
10016	250	211	39
10017	444	397	47
10018	216	199	17
10019	354	313	41
10020	379	342	37
10021	327	307	20
10022	198	182	16
10023	284	271	13
10024	337	292	45
10025	91	84	7
10026	246	228	18
10027	321	293	28
10028	374	335	39
10029	311	289	22
10030	283	257	26
10031	247	237	10
10032	343	308	35
10033	232	221	11
10034	232	214	18
10035	403	364	39
10036	82	73	9
11001	403	373	30
11002	30	27	3
11003	414	361	53
11004	339	316	23
11005	523	456	67
11006	698	663	35
11007	636	597	39
11008	368	328	40
11009	321	297	24
11010	366	349	17
11011	441	403	38
11012	533	481	52
11013	467	408	59
11014	195	176	19
11015	154	144	10
11016	274	251	23
11017	515	462	53
11018	295	276	19
11019	515	457	58
11020	270	248	22
11021	518	455	63
11022	459	419	40
11023	254	229	25
11024	461	423	38
11025	524	492	32
11026	457	412	45
11027	142	132	10
11028	180	159	21
11029	454	407	47
11030	208	183	25
11031	389	357	32
11032	190	171	19
11033	517	487	30
11034	124	114	10
11035	77	68	9
11036	169	154	15
11037	110	99	11
11038	227	202	25
12001	352	320	32
12002	240	229	11
12003	458	416	42
12004	388	354	34
12005	294	267	27
12006	349	318	31
12007	314	274	40
12008	395	360	35
12009	294	268	26
12010	401	360	41
12011	333	306	27
12012	345	317	28
12013	328	306	22
12014	321	304	17
12015	251	223	28
12016	300	271	29
12017	336	309	27
12018	270	244	26
12019	333	309	24
12020	403	367	36
12021	345	312	33
12022	268	243	25
12023	351	322	29
13001	296	270	26
13002	290	262	28
13003	260	243	17
13004	339	304	35
13005	361	340	21
13006	340	309	31
13007	238	220	18
13008	251	229	22
13009	340	315	25
13010	302	263	39
13011	343	306	37
13012	280	256	24
13013	318	294	24
13014	321	298	23
13015	430	403	27
13016	212	201	11
13017	268	234	34
13018	255	233	22
13019	334	318	16
13020	193	178	15
13021	382	340	42
13022	353	320	33
13023	238	221	17
13024	315	282	33
13025	306	274	32
13026	286	252	34
13027	296	270	26
13028	233	214	19
13029	241	223	18
13030	237	219	18
13031	348	310	38
13032	270	245	25
13033	323	286	37
13034	365	339	26
13035	288	266	22
13036	194	174	20
13037	354	327	27
13038	289	266	23
13039	304	278	26
13040	323	298	25
13041	352	326	26
13042	308	281	27
13043	319	283	36
13044	312	286	26
13045	349	312	37
13046	354	328	26
13047	321	305	16
13048	291	242	49
14001	401	358	43
14002	413	399	14
14003	335	312	23
14004	353	313	40
14005	448	413	35
14006	157	149	8
14007	383	356	27
14008	362	331	31
14009	416	371	45
14010	237	220	17
14011	208	197	11
14012	365	342	23
14013	291	266	25
14014	292	268	24
14015	338	324	14
14016	225	204	21
14017	257	243	14
14018	141	128	13
14019	299	284	15
14020	223	210	13
14021	293	270	23
14022	431	403	28
14023	267	246	21
14024	423	375	48
14025	189	175	14
14026	236	222	14
14027	319	299	20
14028	257	236	21
14029	245	228	17
14030	178	169	9
14031	193	176	17
15001	270	246	24
15002	198	181	17
15003	215	192	23
15004	309	292	17
15005	258	228	30
15006	286	260	26
15007	204	182	22
15008	267	250	17
15009	364	337	27
15010	399	371	28
15011	334	313	21
15012	345	317	28
15013	268	248	20
15014	265	247	18
15015	223	203	20
15016	315	292	23
15017	230	208	22
15018	198	180	18
15019	260	235	25
15020	216	203	13
15021	191	174	17
15022	246	225	21
15023	235	218	17
15024	184	167	17
16001	336	323	13
16002	258	235	23
16003	217	198	19
16004	253	236	17
16005	178	164	14
16006	264	246	18
16007	246	229	17
16008	171	156	15
16009	265	241	24
16010	242	218	24
16011	253	237	16
16012	224	204	20
16013	188	176	12
16014	167	150	17
16015	274	248	26
16016	231	222	9
16017	252	235	17
16018	279	258	21
16019	224	205	19
16020	190	180	10
16021	214	202	12
16022	214	200	14
16023	292	273	19
16024	145	133	12
16025	306	271	35
16026	185	166	19
16027	202	177	25
16028	227	206	21
16029	246	226	20
16030	211	195	16
16031	251	233	18
16032	287	271	16
16033	216	192	24
16034	224	209	15
16035	321	296	25
16036	164	150	14
17001	299	276	23
17002	319	295	24
17003	316	292	24
17004	369	346	23
17005	233	213	20
17006	267	245	22
17007	244	221	23
17008	247	224	23
17009	243	216	27
17010	401	365	36
17011	225	206	19
17012	394	373	21
17013	261	244	17
17014	360	334	26
17015	334	307	27
17016	300	282	18
17017	296	276	20
17018	355	327	28
17019	179	158	21
17020	402	380	22
17021	427	400	27
17022	267	253	14
17023	201	184	17
17024	327	311	16
17025	227	210	17
17026	330	311	19
17027	296	281	15
17028	239	223	16
17029	299	276	23
17030	243	227	16
17031	188	179	9
17032	230	216	14
17033	203	180	23
17034	235	221	14
17035	235	213	22
17036	275	251	24
17037	251	230	21
17038	292	271	21
17039	307	284	23
17040	330	305	25
17041	386	357	29
18001	296	280	16
18002	300	273	27
18003	327	302	25
18004	368	352	16
18005	221	201	20
18006	302	278	24
18007	339	320	19
18008	333	304	29
18009	342	328	14
18010	473	449	24
18011	286	270	16
18012	351	330	21
18013	376	352	24
18014	373	361	12
18015	384	345	39
18016	332	318	14
18017	325	302	23
18018	287	262	25
18019	339	313	26
18020	291	277	14
18021	432	411	21
18022	414	393	21
18023	348	315	33
18024	334	312	22
18025	337	313	24
18026	439	418	21
18027	292	269	23
18028	332	300	32
18029	340	319	21
18030	384	349	35
18031	370	354	16
18032	357	335	22
18033	267	245	22
18034	412	387	25
18035	426	411	15
18036	372	347	25
18037	408	390	18
18038	337	316	21
18039	244	229	15
18040	367	355	12
18041	425	397	28
18042	309	292	17
18043	221	208	13
18044	315	293	22
18045	309	294	15
18046	367	341	26
18047	269	249	20
18048	280	259	21
18049	216	201	15
18050	262	240	22
19001	363	325	38
19002	593	562	31
19003	317	263	54
19004	452	390	62
19005	436	415	21
19006	417	353	64
19007	362	327	35
19008	462	389	73
19009	300	271	29
19010	498	460	38
19011	390	323	67
19012	332	278	54
19013	485	454	31
19014	492	457	35
19015	494	408	86
19016	425	364	61
19017	367	320	47
19018	406	364	42
19019	529	490	39
19020	339	323	16
19021	380	313	67
19022	438	401	37
19023	424	379	45
19024	288	244	44
19025	404	370	34
19026	408	359	49
19027	437	397	40
19028	458	432	26
19029	428	364	64
19030	383	327	56
19031	382	349	33
19032	385	349	36
19033	433	353	80
19034	381	345	36
19035	378	349	29
19036	574	534	40
19037	410	387	23
19038	364	338	26
19039	137	124	13
19040	454	417	37
19041	370	299	71
19042	360	328	32
19043	545	519	26
19044	439	367	72
19045	386	333	53
19046	415	369	46
19047	588	537	51
19048	465	445	20
19049	507	476	31
19050	344	311	33
19051	465	416	49
19052	443	380	63
19053	390	358	32
19054	354	291	63
19055	353	301	52
19056	445	413	32
19057	332	302	30
20001	342	315	27
20002	135	119	16
20003	295	271	24
20004	151	137	14
20005	405	363	42
20006	88	79	9
20007	365	344	21
20008	321	308	13
20009	504	466	38
20010	235	218	17
20011	427	384	43
20012	283	261	22
20013	366	342	24
20014	172	160	12
20015	276	256	20
20016	400	371	29
20017	195	182	13
20018	175	166	9
20019	351	320	31
20020	219	203	16
20021	229	209	20
20022	468	429	39
20023	351	315	36
20024	417	382	35
20025	240	221	19
20026	358	324	34
20027	161	152	9
20028	214	197	17
20029	386	365	21
20030	145	130	15
20031	396	372	24
20032	320	303	17
20033	205	184	21
20034	579	531	48
20035	241	216	25
20036	113	104	9
20037	102	90	12
20038	115	102	13
20039	25	20	5
21001	401	377	24
21002	255	230	25
21003	337	309	28
21004	339	314	25
21005	380	360	20
21006	292	258	34
21007	341	327	14
21008	359	327	32
21009	372	347	25
21010	315	292	23
21011	328	303	25
21012	308	291	17
21013	345	322	23
21014	370	353	17
21015	305	292	13
21016	321	300	21
21017	309	281	28
21018	387	358	29
21019	362	342	20
21020	279	267	12
21021	297	276	21
21022	260	248	12
21023	324	303	21
21024	346	330	16
21025	296	281	15
21026	343	323	20
21027	362	340	22
21028	372	353	19
21029	396	377	19
21030	286	263	23
21031	248	237	11
21032	310	288	22
21033	305	285	20
21034	297	281	16
21035	414	387	27
21036	326	307	19
21037	247	227	20
21038	327	310	17
21039	292	277	15
21040	320	311	9
21041	347	323	24
21042	349	328	21
21043	318	298	20
21044	339	320	19
21045	314	293	21
21046	384	354	30
21047	322	304	18
21048	339	311	28
21049	397	364	33
21050	271	252	19
21051	307	287	20
21052	324	305	19
21053	287	266	21
21054	294	274	20
22001	189	171	18
22002	385	363	22
22003	419	395	24
22004	240	232	8
22005	305	281	24
22006	284	267	17
22007	211	197	14
22008	411	385	26
22009	169	160	9
22010	375	350	25
22011	235	220	15
22012	278	243	35
22013	285	261	24
22014	223	200	23
22015	244	227	17
22016	251	231	20
22017	296	269	27
22018	272	255	17
22019	154	140	14
22020	268	245	23
22021	304	279	25
22022	275	257	18
22023	391	372	19
22024	309	281	28
22025	290	269	21
23001	324	271	53
23002	347	313	34
23003	332	288	44
23004	388	341	47
23005	317	298	19
23006	280	258	22
23007	273	250	23
23008	377	346	31
23009	268	241	27
23010	334	311	23
23011	324	307	17
23012	341	298	43
23013	269	251	18
23014	314	273	41
23015	265	243	22
23016	315	280	35
23017	192	179	13
23018	283	259	24
23019	251	236	15
23020	192	172	20
23021	354	314	40
23022	336	304	32
23023	332	301	31
23024	270	246	24
23025	267	246	21
23026	331	301	30
23027	282	253	29
23028	353	313	40
23029	281	255	26
23030	341	321	20
23031	257	235	22
23032	301	276	25
23033	327	311	16
23034	295	275	20
23035	237	210	27
23036	307	270	37
23037	350	304	46
23038	309	276	33
23039	334	313	21
24001	243	226	17
24002	279	265	14
24003	286	258	28
24004	223	200	23
24005	142	134	8
24006	286	266	20
24007	204	179	25
24008	141	123	18
24009	263	242	21
24010	125	113	12
24011	341	316	25
24012	173	159	14
24013	154	136	18
24014	235	212	23
24015	144	131	13
24016	377	307	70
24017	219	208	11
24018	319	299	20
24019	333	310	23
24020	246	226	20
24021	128	119	9
24022	335	305	30
24023	209	193	16
24024	307	283	24
24025	246	228	18
24026	398	368	30
24027	291	271	20
24028	186	172	14
24029	169	152	17
24030	160	149	11
24031	311	287	24
24032	137	129	8
24033	173	156	17
24034	255	238	17
24035	254	237	17
24036	326	299	27
24037	168	156	12
24038	229	208	21
24039	287	269	18
24040	327	306	21
24041	189	167	22
25001	328	285	43
25002	476	414	62
25003	725	686	39
25004	350	329	21
25005	438	400	38
25006	143	136	7
25007	435	385	50
25008	442	386	56
25009	394	352	42
25010	698	663	35
25011	443	387	56
25012	410	373	37
25013	449	397	52
25014	243	219	24
25015	369	322	47
25016	696	656	40
25017	451	404	47
25018	230	204	26
25019	439	381	58
25020	250	229	21
25021	831	785	46
25022	405	362	43
25023	478	436	42
25024	427	377	50
25025	441	412	29
25026	377	333	44
25027	570	533	37
25028	440	384	56
25029	307	281	26
25030	398	346	52
25031	853	809	44
25032	341	308	33
26001	379	349	30
26002	292	251	41
26003	426	386	40
26004	208	192	16
26005	318	274	44
26006	285	260	25
26007	363	326	37
26008	171	160	11
26009	239	211	28
26010	294	266	28
26011	295	270	25
26012	376	337	39
26013	172	159	13
26014	247	226	21
26015	183	167	16
26016	174	164	10
26017	288	262	26
26018	237	222	15
26019	192	174	18
26020	293	272	21
26021	399	363	36
26022	163	155	8
26023	213	197	16
26024	266	243	23
26025	300	273	27
26026	231	211	20
26027	415	367	48
26028	501	460	41
26029	213	185	28
26030	276	255	21
26031	149	140	9
26032	421	392	29
26033	383	339	44
26034	426	373	53
26035	285	259	26
26036	342	310	32
26037	357	331	26
26038	136	122	14
26039	369	329	40
26040	229	215	14
26041	387	353	34
26042	286	257	29
26043	167	156	11
26044	196	182	14
26045	145	125	20
26046	241	208	33
26047	212	193	19
26048	345	318	27
26049	181	165	16
27001	893	846	47
27002	428	401	27
27003	208	192	16
27004	206	185	21
27005	283	261	22
27006	463	435	28
27007	590	548	42
27008	204	181	23
27009	222	207	15
27010	325	296	29
27011	572	533	39
27012	323	306	17
27013	508	469	39
27014	166	150	16
27015	176	158	18
27016	469	446	23
27017	373	342	31
27018	254	221	33
27019	173	162	11
27020	288	257	31
27021	445	434	11
27022	177	153	24
27023	225	206	19
27024	253	226	27
27025	355	325	30
27026	287	267	20
27027	447	417	30
27028	405	380	25
27029	222	208	14
27030	159	140	19
27031	271	245	26
27032	310	289	21
27033	442	413	29
27034	265	238	27
27035	486	451	35
27036	300	277	23
27037	483	457	26
27038	618	585	33
27039	261	240	21
27040	577	521	56
27041	269	254	15
27042	291	273	18
27043	245	223	22
27044	249	227	22
27045	915	862	53
27046	351	333	18
27047	224	207	17
27048	747	693	54
27049	262	239	23
27050	319	298	21
28001	186	171	15
28002	264	241	23
28003	245	226	19
28004	314	294	20
28005	200	186	14
28006	185	179	6
28007	275	256	19
28008	411	389	22
28009	300	277	23
28010	397	374	23
28011	647	578	69
28012	270	253	17
28013	345	322	23
28014	227	204	23
28015	53	52	1
28016	169	160	9
28017	261	245	16
28018	259	239	20
28019	273	252	21
28020	283	259	24
28021	246	232	14
28022	266	238	28
28023	319	298	21
28024	236	215	21
28025	412	381	31
28026	277	251	26
28027	346	316	30
28028	416	380	36
28029	158	150	8
28030	49	47	2
28031	382	356	26
28032	278	253	25
28033	314	293	21
28034	524	484	40
28035	331	307	24
28036	151	142	9
28037	367	343	24
28038	121	112	9
28039	218	209	9
28040	375	344	31
28041	218	194	24
28042	266	246	20
28043	345	319	26
28044	198	187	11
28045	414	385	29
28046	633	571	62
29001	502	474	28
29002	488	454	34
29003	377	347	30
29004	374	341	33
29005	300	267	33
29006	297	276	21
29007	392	370	22
29008	332	308	24
29009	441	399	42
29010	515	482	33
29011	216	203	13
29012	453	433	20
29013	399	375	24
29014	327	307	20
29015	431	416	15
29016	343	318	25
29017	326	305	21
29018	334	316	18
29019	374	349	25
29020	424	397	27
29021	473	430	43
29022	258	242	16
29023	428	395	33
29024	337	316	21
29025	436	403	33
29026	366	346	20
29027	329	308	21
29028	448	409	39
29029	361	331	30
29030	499	464	35
29031	344	312	32
29032	363	339	24
29033	253	231	22
29034	258	242	16
29035	283	268	15
29036	323	303	20
29037	362	325	37
29038	402	376	26
29039	334	314	20
29040	415	390	25
29041	279	266	13
29042	402	381	21
29043	474	453	21
29044	452	421	31
30001	445	412	33
30002	381	358	23
30003	339	315	24
30004	344	320	24
30005	274	259	15
30006	299	280	19
30007	421	392	29
30008	496	449	47
30009	298	282	16
30010	364	332	32
30011	356	340	16
30012	326	305	21
30013	374	348	26
30014	246	223	23
30015	384	350	34
30016	171	160	11
30017	362	343	19
30018	479	432	47
30019	344	320	24
30020	427	393	34
30021	289	270	19
30022	550	498	52
30023	424	392	32
30024	515	466	49
30025	552	496	56
30026	242	222	20
30027	268	247	21
30028	406	382	24
30029	216	207	9
30030	162	147	15
30031	257	241	16
30032	318	302	16
31001	228	212	16
31002	203	193	10
31003	214	198	16
31004	363	321	42
31005	260	241	19
31006	184	176	8
31007	420	377	43
31008	198	188	10
31009	232	215	17
31010	229	215	14
31011	206	194	12
31012	231	214	17
31013	260	245	15
31014	225	215	10
31015	212	198	14
31016	310	273	37
31017	241	224	17
31018	242	224	18
31019	233	221	12
31020	222	201	21
31021	234	215	19
31022	224	206	18
31023	262	227	35
31024	248	231	17
31025	237	218	19
31026	265	243	22
31027	279	255	24
31028	207	192	15
31029	261	246	15
31030	195	180	15
31031	195	186	9
31032	204	191	13
31033	212	200	12
31034	249	226	23
31035	286	274	12
31036	281	256	25
31037	240	225	15
31038	193	181	12
31039	280	247	33
31040	292	262	30
31041	217	206	11
32001	600	549	51
32002	574	539	35
32003	595	545	50
32004	516	486	30
32005	565	527	38
32006	647	616	31
32007	581	562	19
32008	674	639	35
32009	485	453	32
32010	563	525	38
32011	497	456	41
32012	403	359	44
32013	579	541	38
32014	569	516	53
32015	546	485	61
32016	572	534	38
32017	562	507	55
32018	502	484	18
32019	551	517	34
32020	531	483	48
32021	581	542	39
32022	652	601	51
32023	607	564	43
32024	424	392	32
32025	542	502	40
32026	604	535	69
32027	509	465	44
32028	551	498	53
32029	605	564	41
32030	544	509	35
32031	594	557	37
32032	622	592	30
32033	566	534	32
32034	619	584	35
32035	573	541	32
32036	601	568	33
32037	531	508	23
32038	507	477	30
32039	604	565	39
32040	596	572	24
32041	596	573	23
32042	503	475	28
32043	514	468	46
33001	494	454	40
33002	642	588	54
33003	738	669	69
33004	696	631	65
33005	476	440	36
33006	444	398	46
33007	552	509	43
33008	714	675	39
33009	598	551	47
33010	500	473	27
33011	577	548	29
33012	505	463	42
33013	528	483	45
33014	284	242	42
33015	514	485	29
33016	676	638	38
33017	576	529	47
33018	700	634	66
33019	589	557	32
33020	619	578	41
33021	544	506	38
33022	491	459	32
33023	561	512	49
33024	712	670	42
33025	637	602	35
33026	443	402	41
33027	603	550	53
33028	503	452	51
34001	388	362	26
34002	289	275	14
34003	365	340	25
34004	261	239	22
34005	310	284	26
34006	405	378	27
34007	408	390	18
34008	288	263	25
34009	246	237	9
34010	351	335	16
34011	302	282	20
34012	384	362	22
34013	351	318	33
34014	274	256	18
34015	329	301	28
34016	308	284	24
34017	448	423	25
34018	276	251	25
34019	379	359	20
34020	398	374	24
34021	421	400	21
34022	364	341	23
34023	265	252	13
34024	306	278	28
34025	526	502	24
34026	389	368	21
34027	290	270	20
34028	228	199	29
34029	279	266	13
34030	327	308	19
34031	305	284	21
34032	362	340	22
34033	289	267	22
34034	373	350	23
34035	399	372	27
34036	324	307	17
34037	210	196	14
34038	167	153	14
34039	244	228	16
34040	392	359	33
34041	221	202	19
34042	335	315	20
34043	335	320	15
34044	352	333	19
34045	379	364	15
34046	246	236	10
34047	345	317	28
34048	380	365	15
34049	345	324	21
34050	280	251	29
34051	379	361	18
34052	207	199	8
34053	216	192	24
35001	476	423	53
35002	500	453	47
35003	418	377	41
35004	440	404	36
35005	422	391	31
35006	428	376	52
35007	472	416	56
35008	489	437	52
35009	395	374	21
35010	612	551	61
35011	507	443	64
35012	287	270	17
35013	283	259	24
35014	272	246	26
35015	549	481	68
35016	231	212	19
35017	506	453	53
35018	275	256	19
35019	226	210	16
35020	390	370	20
35021	397	365	32
35022	546	515	31
35023	444	425	19
35024	412	369	43
35025	536	484	52
35026	400	365	35
35027	371	342	29
35028	439	403	36
35029	376	359	17
35030	414	384	30
35031	470	435	35
36001	334	309	25
36002	321	303	18
36003	305	281	24
36004	311	295	16
36005	303	281	22
36006	293	266	27
36007	437	396	41
36008	248	243	5
36009	297	273	24
36010	439	414	25
36011	218	204	14
36012	202	186	16
36013	230	219	11
36014	346	314	32
36015	358	337	21
36016	385	353	32
36017	403	377	26
36018	372	330	42
36019	373	351	22
36020	365	341	24
36021	260	243	17
36022	274	255	19
36023	300	275	25
36024	344	317	27
36025	327	284	43
36026	358	324	34
36027	336	303	33
36028	317	291	26
36029	379	352	27
36030	338	325	13
37001	220	190	30
37002	261	237	24
37003	230	212	18
37004	252	232	20
37005	335	309	26
37006	347	328	19
37007	224	209	15
37008	245	227	18
37009	328	302	26
37010	386	355	31
37011	207	199	8
37012	242	227	15
37013	233	209	24
37014	342	317	25
37015	322	305	17
37016	343	326	17
37017	249	233	16
37018	266	246	20
37019	211	199	12
37020	251	226	25
37021	263	237	26
37022	271	250	21
37023	264	252	12
37024	334	315	19
37025	280	257	23
37026	406	373	33
37027	286	269	17
37028	278	261	17
37029	275	259	16
37030	280	263	17
37031	329	303	26
37032	279	258	21
37033	298	278	20
37034	306	276	30
37035	338	313	25
37036	296	264	32
37037	335	319	16
37038	287	271	16
37039	268	244	24
37040	318	300	18
37041	311	284	27
38001	376	354	22
38002	429	375	54
38003	358	328	30
38004	370	335	35
38005	407	364	43
38006	359	318	41
38007	361	322	39
38008	356	322	34
38009	436	382	54
38010	302	273	29
38011	344	322	22
38012	360	318	42
38013	418	366	52
38014	423	392	31
38015	339	303	36
38016	369	335	34
38017	497	446	51
38018	426	381	45
38019	450	416	34
38020	393	353	40
38021	314	298	16
38022	391	358	33
38023	396	360	36
38024	420	373	47
38025	339	312	27
38026	411	384	27
38027	393	352	41
38028	476	426	50
38029	383	361	22
38030	380	338	42
38031	401	361	40
38032	393	361	32
38033	361	331	30
38034	380	361	19
38035	402	374	28
38036	353	328	25
38037	387	356	31
38038	369	335	34
38039	414	377	37
38040	405	367	38
38041	377	358	19
39001	433	389	44
39002	371	347	24
39003	481	444	37
39004	404	367	37
39005	400	367	33
39006	390	360	30
39007	378	353	25
39008	417	395	22
39009	366	340	26
39010	208	192	16
39011	379	345	34
39012	533	495	38
39013	334	301	33
39014	467	424	43
39015	475	435	40
39016	340	311	29
39017	474	430	44
39018	425	392	33
39019	429	387	42
39020	518	451	67
39021	392	345	47
39022	337	308	29
39023	450	390	60
39024	530	457	73
39025	357	331	26
39026	412	377	35
39027	84	73	11
39028	527	481	46
39029	221	208	13
39030	503	479	24
39031	349	323	26
39032	353	318	35
39033	456	419	37
39034	451	411	40
39035	425	391	34
39036	112	106	6
39037	431	392	39
39038	271	253	18
39039	282	258	24
39040	403	364	39
39041	458	406	52
39042	449	405	44
39043	468	418	50
39044	345	301	44
39045	437	402	35
40001	374	343	31
40002	394	363	31
40003	605	563	42
40004	257	245	12
40005	497	456	41
40006	596	554	42
40007	501	466	35
40008	671	623	48
40009	360	336	24
40010	422	391	31
40011	532	500	32
40012	440	409	31
40013	796	718	78
40014	358	322	36
40015	411	382	29
40016	672	610	62
40017	389	364	25
40018	318	304	14
40019	536	498	38
40020	450	411	39
40021	553	517	36
40022	560	531	29
40023	611	570	41
40024	369	348	21
40025	600	555	45
40026	536	499	37
40027	681	624	57
40028	521	487	34
40029	455	425	30
40030	407	378	29
40031	562	530	32
40032	559	510	49
40033	516	483	33
40034	399	376	23
40035	302	278	24
40036	459	436	23
40037	423	392	31
40038	641	582	59
40039	168	157	11
41001	413	360	53
41002	425	382	43
41003	426	384	42
41004	436	390	46
41005	517	456	61
41006	510	449	61
41007	496	445	51
41008	451	397	54
41009	413	374	39
41010	495	431	64
41011	505	429	76
41012	424	380	44
41013	525	461	64
41014	496	442	54
41015	560	504	56
41016	400	352	48
41017	459	403	56
41018	405	353	52
41019	477	420	57
41020	334	286	48
41021	475	435	40
41022	510	438	72
41023	418	355	63
41024	365	312	53
41025	304	271	33
41026	442	386	56
41027	323	294	29
41028	404	359	45
41029	275	248	27
41030	416	369	47
41031	468	428	40
41032	358	309	49
41033	403	350	53
41034	395	341	54
41035	557	489	68
41036	454	395	59
41037	498	439	59
41038	415	361	54
41039	478	423	55
41040	488	431	57
41041	466	411	55
41042	420	359	61
41043	477	428	49
41044	464	395	69
41045	415	369	46
41046	459	414	45
41047	469	408	61
42001	483	457	26
42002	624	594	30
42003	600	565	35
42004	1133	1062	71
42005	506	471	35
42006	545	500	45
42007	705	653	52
42008	493	463	30
42009	687	621	66
42010	782	727	55
42011	378	356	22
42012	503	481	22
42013	480	442	38
42014	727	692	35
42015	645	603	42
42016	596	553	43
42017	794	732	62
42018	643	612	31
42019	683	647	36
42020	674	618	56
42021	620	587	33
42022	298	282	16
42023	643	599	44
42024	580	535	45
42025	577	532	45
42026	800	746	54
42027	426	390	36
42028	616	582	34
42029	641	594	47
42030	490	466	24
42031	688	640	48
42032	647	596	51
42033	666	621	45
42034	488	463	25
42035	723	680	43
42036	944	891	53
42037	434	401	33
42038	556	521	35
42039	816	764	52
42040	782	731	51
42041	599	555	44
42042	997	935	62
43001	305	288	17
43002	624	589	35
43003	545	511	34
43004	672	630	42
43005	488	468	20
43006	464	440	24
43007	352	326	26
43008	417	388	29
43009	557	527	30
43010	682	643	39
43011	544	508	36
43012	403	378	25
43013	520	480	40
43014	568	543	25
43015	547	509	38
43016	674	633	41
43017	452	427	25
43018	675	640	35
43019	628	584	44
43020	623	590	33
43021	642	600	42
43022	393	366	27
43023	399	372	27
43024	419	382	37
43025	447	430	17
43026	361	342	19
43027	577	545	32
43028	693	656	37
43029	527	495	32
43030	621	584	37
43031	539	507	32
43032	565	522	43
43033	569	530	39
43034	406	385	21
43035	595	558	37
43036	313	295	18
43037	624	576	48
43038	441	411	30
43039	533	503	30
43040	421	390	31
43041	739	706	33
43042	535	505	30
43043	522	478	44
43044	560	525	35
43045	344	321	23
43046	337	315	22
44001	926	877	49
44002	593	567	26
44003	384	359	25
44004	506	482	24
44005	679	650	29
44006	759	711	48
44007	442	413	29
44008	856	821	35
44009	577	551	26
44010	617	581	36
44011	630	596	34
44012	621	596	25
44013	501	473	28
44014	549	525	24
44015	519	495	24
44016	699	656	43
44017	805	761	44
44018	661	619	42
44019	742	702	40
44020	645	607	38
44021	770	729	41
44022	636	598	38
44023	596	561	35
44024	443	425	18
44025	601	563	38
44026	718	677	41
44027	735	698	37
44028	561	530	31
44029	659	616	43
44030	730	699	31
44031	509	481	28
44032	666	610	56
44033	622	586	36
44034	645	614	31
44035	726	693	33
44036	643	601	42
44037	649	612	37
44038	603	558	45
44039	652	616	36
44040	583	530	53
44041	748	705	43
45001	373	336	37
45002	441	403	38
45003	410	379	31
45004	542	499	43
45005	450	404	46
45006	608	559	49
45007	651	599	52
45008	446	408	38
45009	409	375	34
45010	429	395	34
45011	308	287	21
45012	412	376	36
45013	384	350	34
45014	511	468	43
45015	536	493	43
45016	362	336	26
45017	505	453	52
45018	449	412	37
45019	222	206	16
45020	310	290	20
45021	394	357	37
45022	377	349	28
45023	368	336	32
45024	315	294	21
45025	271	240	31
45026	227	200	27
45027	399	350	49
45028	337	293	44
45029	292	262	30
45030	373	351	22
45031	339	311	28
45032	358	314	44
45033	311	276	35
45034	420	388	32
45035	481	430	51
45036	457	405	52
45037	426	376	50
45038	378	341	37
45039	408	372	36
45040	403	359	44
45041	391	336	55
45042	393	340	53
45043	422	367	55
45044	411	378	33
45045	296	258	38
45046	308	270	38
45047	297	275	22
45048	347	300	47
46001	414	389	25
46002	515	478	37
46003	687	646	41
46004	513	486	27
46005	742	703	39
46006	423	396	27
46007	577	545	32
46008	351	323	28
46009	618	577	41
46010	904	854	50
46011	508	473	35
46012	608	577	31
46013	534	516	18
46014	484	451	33
46015	568	521	47
46016	635	588	47
46017	622	593	29
46018	602	574	28
46019	384	365	19
46020	450	437	13
46021	343	318	25
46022	426	395	31
46023	430	404	26
46024	651	617	34
46025	518	476	42
46026	629	588	41
46027	730	674	56
46028	558	518	40
46029	424	402	22
46030	563	525	38
46031	551	523	28
46032	515	475	40
46033	675	640	35
46034	651	612	39
46035	530	491	39
46036	549	508	41
46037	474	444	30
46038	558	517	41
46039	539	511	28
46040	458	436	22
47001	382	352	30
47002	586	550	36
47003	547	520	27
47004	597	567	30
47005	603	555	48
47006	684	650	34
47007	505	479	26
47008	547	524	23
47009	545	511	34
47010	729	669	60
47011	566	529	37
47012	625	594	31
47013	555	506	49
47014	516	488	28
47015	682	611	71
47016	566	514	52
47017	555	530	25
47018	552	530	22
47019	709	638	71
47020	551	516	35
47021	519	490	29
47022	588	548	40
47023	642	586	56
47024	603	563	40
47025	671	624	47
47026	746	693	53
47027	532	489	43
47028	520	489	31
47029	627	588	39
47030	681	634	47
47031	555	520	35
47032	694	645	49
47033	540	500	40
47034	576	538	38
47035	604	562	42
47036	647	583	64
47037	554	502	52
47038	564	531	33
47039	584	547	37
47040	573	538	35
47041	649	616	33
47042	608	553	55
47043	539	510	29
47044	534	517	17
47045	564	527	37
47046	545	511	34
47047	652	601	51
47048	42	37	5
48001	505	462	43
48002	259	236	23
48003	581	546	35
48004	521	490	31
48005	317	299	18
48006	640	602	38
48007	549	518	31
48008	294	276	18
48009	333	313	20
48010	787	729	58
48011	482	451	31
48012	649	602	47
48013	653	622	31
48014	256	241	15
48015	360	340	20
48016	537	500	37
48017	472	438	34
48018	331	316	15
48019	357	330	27
48020	617	570	47
48021	658	609	49
48022	447	422	25
48023	516	486	30
48024	586	545	41
48025	494	457	37
48026	263	249	14
48027	759	728	31
48028	514	484	30
48029	243	237	6
48030	484	441	43
48031	639	586	53
48032	492	453	39
48033	299	287	12
48034	465	435	30
48035	324	290	34
48036	304	284	20
48037	560	514	46
48038	547	505	42
48039	419	398	21
48040	487	464	23
48041	660	595	65
48042	636	592	44
48043	549	502	47
48044	664	620	44
48045	416	385	31
48046	332	315	17
49001	322	285	37
49002	361	339	22
49003	576	537	39
49004	665	598	67
49005	521	480	41
49006	500	473	27
49007	565	530	35
49008	409	390	19
49009	573	524	49
49010	503	469	34
49011	612	574	38
49012	739	687	52
49013	598	549	49
49014	434	402	32
49015	366	348	18
49016	513	478	35
49017	332	309	23
49018	706	630	76
49019	477	448	29
49020	773	712	61
49021	288	275	13
49022	505	471	34
49023	711	651	60
49024	414	393	21
49025	713	660	53
49026	582	525	57
49027	597	551	46
49028	722	659	63
49029	656	581	75
49030	590	534	56
49031	420	385	35
49032	509	473	36
49033	426	396	30
50001	357	323	34
50002	251	214	37
50003	350	316	34
50004	404	376	28
50005	259	231	28
50006	436	415	21
50007	463	430	33
50008	365	342	23
50009	324	303	21
50010	326	298	28
50011	247	223	24
50012	149	138	11
50013	407	372	35
50014	135	129	6
50015	460	420	40
50016	112	102	10
50017	330	295	35
50018	91	88	3
50019	242	222	20
50020	383	357	26
50021	350	317	33
50022	297	263	34
50023	242	226	16
50024	278	250	28
50025	320	294	26
50026	304	283	21
50027	111	102	9
50028	360	336	24
50029	311	292	19
50030	243	229	14
50031	431	407	24
50032	363	343	20
50033	316	281	35
50034	537	492	45
50035	489	459	30
50036	358	329	29
50037	421	389	32
50038	172	167	5
50039	211	192	19
50040	359	320	39
Barrington 1	658	564	94
Barrington 2	606	539	67
Barrington 3	716	614	102
Barrington 4	905	779	126
Barrington 5	709	568	141
Barrington 6	818	704	114
Barrington 7	224	174	50
Barrington 8	951	823	128
Barrington 9	504	439	65
Barrington 10	826	720	106
Barrington 11	482	430	52
Berwyn Ward 1 Precinct 1	374	351	23
Berwyn Ward 1 Precinct 2	404	360	44
Berwyn Ward 1 Precinct 3	638	601	37
Berwyn Ward 1 Precinct 4	394	349	45
Berwyn Ward 1 Precinct 5	391	346	45
Berwyn Ward 2 Precinct 1	291	269	22
Berwyn Ward 2 Precinct 2	383	349	34
Berwyn Ward 2 Precinct 3	569	516	53
Berwyn Ward 2 Precinct 4	688	636	52
Berwyn Ward 3 Precinct 1	448	415	33
Berwyn Ward 3 Precinct 2	364	327	37
Berwyn Ward 3 Precinct 3	365	326	39
Berwyn Ward 3 Precinct 4	460	412	48
Berwyn Ward 3 Precinct 5	643	580	63
Berwyn Ward 4 Precinct 1	294	267	27
Berwyn Ward 4 Precinct 2	476	435	41
Berwyn Ward 4 Precinct 3	542	488	54
Berwyn Ward 4 Precinct 4	308	277	31
Berwyn Ward 5 Precinct 1	663	621	42
Berwyn Ward 5 Precinct 2	424	389	35
Berwyn Ward 5 Precinct 3	369	350	19
Berwyn Ward 6 Precinct 1	249	223	26
Berwyn Ward 6 Precinct 2	323	299	24
Berwyn Ward 6 Precinct 3	434	403	31
Berwyn Ward 6 Precinct 4	518	482	36
Berwyn Ward 7 Precinct 1	386	367	19
Berwyn Ward 7 Precinct 2	404	385	19
Berwyn Ward 7 Precinct 3	498	467	31
Berwyn Ward 7 Precinct 4	577	531	46
Berwyn Ward 8 Precinct 1	718	657	61
Berwyn Ward 8 Precinct 2	431	401	30
Berwyn Ward 8 Precinct 3	287	274	13
Bloom 1	653	614	39
Bloom 2	629	565	64
Bloom 3	380	331	49
Bloom 4	382	354	28
Bloom 5	390	352	38
Bloom 6	183	160	23
Bloom 7	531	459	72
Bloom 8	488	412	76
Bloom 9	405	329	76
Bloom 10	190	177	13
Bloom 11	330	292	38
Bloom 12	489	446	43
Bloom 13	821	774	47
Bloom 14	731	661	70
Bloom 15	389	340	49
Bloom 16	491	456	35
Bloom 17	380	356	24
Bloom 18	469	417	52
Bloom 19	520	495	25
Bloom 20	509	460	49
Bloom 21	123	115	8
Bloom 22	400	369	31
Bloom 23	465	440	25
Bloom 24	801	741	60
Bloom 25	318	291	27
Bloom 26	327	285	42
Bloom 27	449	417	32
Bloom 28	469	425	44
Bloom 29	177	162	15
Bloom 30	630	585	45
Bloom 31	507	453	54
Bloom 32	355	324	31
Bloom 33	449	420	29
Bloom 34	310	292	18
Bloom 35	231	212	19
Bloom 36	647	615	32
Bloom 37	313	300	13
Bloom 38	1,132	1,066	66
Bloom 39	318	286	32
Bloom 40	349	334	15
Bloom 41	629	583	46
Bloom 42	491	467	24
Bloom 43	479	445	34
Bloom 44	587	531	56
Bloom 45	713	664	49
Bloom 46	344	321	23
Bloom 47	696	627	69
Bloom 48	412	391	21
Bloom 49	542	514	28
Bloom 50	492	464	28
Bloom 51	230	210	20
Bloom 52	322	297	25
Bloom 53	258	227	31
Bloom 54	470	415	55
Bloom 55	386	358	28
Bloom 56	419	379	40
Bloom 57	455	405	50
Bloom 58	357	327	30
Bloom 59	380	358	22
Bloom 60	431	417	14
Bloom 61	431	371	60
Bremen 1	423	401	22
Bremen 2	561	480	81
Bremen 3	434	365	69
Bremen 4	470	429	41
Bremen 5	329	291	38
Bremen 6	357	310	47
Bremen 7	284	268	16
Bremen 8	369	344	25
Bremen 9	397	336	61
Bremen 10	583	517	66
Bremen 11	551	503	48
Bremen 12	359	342	17
Bremen 13	505	447	58
Bremen 14	343	315	28
Bremen 15	324	289	35
Bremen 16	512	454	58
Bremen 17	411	379	32
Bremen 18	635	561	74
Bremen 19	163	151	12
Bremen 20	387	337	50
Bremen 21	542	487	55
Bremen 22	387	315	72
Bremen 23	153	144	9
Bremen 24	428	377	51
Bremen 25	573	509	64
Bremen 26	473	436	37
Bremen 27	512	462	50
Bremen 28	333	284	49
Bremen 29	665	625	40
Bremen 30	490	432	58
Bremen 31	440	415	25
Bremen 32	422	396	26
Bremen 33	432	363	69
Bremen 34	615	512	103
Bremen 35	298	278	20
Bremen 36	340	293	47
Bremen 37	228	214	14
Bremen 38	366	348	18
Bremen 39	292	267	25
Bremen 40	715	676	39
Bremen 41	304	262	42
Bremen 42	623	545	78
Bremen 43	317	287	30
Bremen 44	385	363	22
Bremen 45	218	208	10
Bremen 46	480	413	67
Bremen 47	406	381	25
Bremen 48	369	340	29
Bremen 49	406	383	23
Bremen 50	515	452	63
Bremen 51	604	572	32
Bremen 52	367	321	46
Bremen 53	301	264	37
Bremen 54	406	357	49
Bremen 55	372	336	36
Bremen 56	515	484	31
Bremen 57	512	436	76
Bremen 58	597	537	60
Bremen 59	483	449	34
Bremen 60	393	342	51
Bremen 61	450	393	57
Bremen 62	507	448	59
Bremen 63	608	578	30
Bremen 64	590	515	75
Bremen 65	211	198	13
Bremen 66	393	378	15
Bremen 67	642	528	114
Bremen 68	309	250	59
Bremen 69	514	468	46
Bremen 70	300	281	19
Bremen 71	349	335	14
Bremen 72	336	293	43
Bremen 73	493	432	61
Bremen 74	515	466	49
Bremen 75	591	544	47
Bremen 76	404	347	57
Bremen 77	706	617	89
Bremen 78	434	412	22
Bremen 79	508	451	57
Bremen 80	433	415	18
Calumet 1	432	402	30
Calumet 2	417	380	37
Calumet 3	448	416	32
Calumet 4	383	354	29
Calumet 5	403	379	24
Calumet 6	663	623	40
Calumet 7	523	488	35
Calumet 8	303	285	18
Calumet 9	354	332	22
Calumet 10	489	461	28
Calumet 11	654	623	31
Calumet 12	342	321	21
Cicero 1	500	465	35
Cicero 2	243	225	18
Cicero 3	331	306	25
Cicero 4	362	320	42
Cicero 5	533	508	25
Cicero 6	446	406	40
Cicero 7	294	270	24
Cicero 8	243	226	17
Cicero 9	423	396	27
Cicero 10	510	473	37
Cicero 11	478	437	41
Cicero 12	382	360	22
Cicero 13	428	395	33
Cicero 14	396	362	34
Cicero 15	457	427	30
Cicero 16	331	307	24
Cicero 17	471	436	35
Cicero 18	264	251	13
Cicero 19	580	534	46
Cicero 20	303	286	17
Cicero 21	416	380	36
Cicero 22	345	316	29
Cicero 23	536	497	39
Cicero 24	479	441	38
Cicero 25	392	365	27
Cicero 26	296	271	25
Cicero 27	439	414	25
Cicero 28	407	383	24
Cicero 29	399	362	37
Cicero 30	369	351	18
Cicero 31	312	286	26
Cicero 32	365	342	23
Elk Grove 1	502	459	43
Elk Grove 2	433	394	39
Elk Grove 3	606	547	59
Elk Grove 4	510	451	59
Elk Grove 5	795	708	87
Elk Grove 6	391	361	30
Elk Grove 7	685	598	87
Elk Grove 8	486	420	66
Elk Grove 9	500	451	49
Elk Grove 10	829	745	84
Elk Grove 11	628	582	46
Elk Grove 12	372	325	47
Elk Grove 13	493	433	60
Elk Grove 14	610	553	57
Elk Grove 15	408	370	38
Elk Grove 16	631	565	66
Elk Grove 17	465	422	43
Elk Grove 18	719	644	75
Elk Grove 19	688	600	88
Elk Grove 20	566	491	75
Elk Grove 21	454	410	44
Elk Grove 22	503	469	34
Elk Grove 23	842	761	81
Elk Grove 24	454	390	64
Elk Grove 25	493	437	56
Elk Grove 26	432	397	35
Elk Grove 27	656	584	72
Elk Grove 28	461	408	53
Elk Grove 29	531	463	68
Elk Grove 30	490	423	67
Elk Grove 31	316	280	36
Elk Grove 32	332	300	32
Elk Grove 33	350	303	47
Elk Grove 34	953	878	75
Elk Grove 35	421	376	45
Elk Grove 36	323	291	32
Elk Grove 37	615	540	75
Elk Grove 38	325	304	21
Elk Grove 39	650	584	66
Elk Grove 40	459	423	36
Elk Grove 41	412	357	55
Elk Grove 42	428	388	40
Elk Grove 43	523	472	51
Elk Grove 44	445	385	60
Elk Grove 45	497	428	69
Elk Grove 46	431	393	38
Elk Grove 47	688	591	97
Elk Grove 48	392	368	24
Elk Grove 49	534	486	48
Elk Grove 50	278	252	26
Elk Grove 51	775	693	82
Elk Grove 52	264	240	24
Evanston Ward 1 Precinct 1	490	463	27
Evanston Ward 1 Precinct 2	714	673	41
Evanston Ward 1 Precinct 3	714	682	32
Evanston Ward 1 Precinct 4	1,009	973	36
Evanston Ward 2 Precinct 1	1,257	1,193	64
Evanston Ward 2 Precinct 2	484	469	15
Evanston Ward 2 Precinct 3	595	558	37
Evanston Ward 2 Precinct 4	792	753	39
Evanston Ward 2 Precinct 5	558	530	28
Evanston Ward 3 Precinct 1	754	734	20
Evanston Ward 3 Precinct 2	869	823	46
Evanston Ward 3 Precinct 3	790	759	31
Evanston Ward 3 Precinct 4	395	375	20
Evanston Ward 3 Precinct 5	814	776	38
Evanston Ward 3 Precinct 6	665	636	29
Evanston Ward 3 Precinct 7	617	589	28
Evanston Ward 4 Precinct 1	406	387	19
Evanston Ward 4 Precinct 2	641	608	33
Evanston Ward 4 Precinct 3	530	506	24
Evanston Ward 4 Precinct 4	1,013	974	39
Evanston Ward 4 Precinct 5	375	363	12
Evanston Ward 4 Precinct 6	889	843	46
Evanston Ward 5 Precinct 1	552	511	41
Evanston Ward 5 Precinct 2	919	859	60
Evanston Ward 5 Precinct 3	628	594	34
Evanston Ward 5 Precinct 4	344	320	24
Evanston Ward 6 Precinct 1	1,081	1,040	41
Evanston Ward 6 Precinct 2	549	525	24
Evanston Ward 6 Precinct 3	592	554	38
Evanston Ward 6 Precinct 4	745	709	36
Evanston Ward 6 Precinct 5	929	893	36
Evanston Ward 6 Precinct 6	519	498	21
Evanston Ward 6 Precinct 7	889	860	29
Evanston Ward 7 Precinct 1	1,069	1,021	48
Evanston Ward 7 Precinct 2	1,166	1,104	62
Evanston Ward 7 Precinct 3	423	403	20
Evanston Ward 7 Precinct 4	521	505	16
Evanston Ward 7 Precinct 5	944	903	41
Evanston Ward 7 Precinct 6	45	40	5
Evanston Ward 8 Precinct 1	747	720	27
Evanston Ward 8 Precinct 2	572	537	35
Evanston Ward 8 Precinct 3	493	472	21
Evanston Ward 8 Precinct 4	672	627	45
Evanston Ward 8 Precinct 5	811	772	39
Evanston Ward 9 Precinct 1	542	518	24
Evanston Ward 9 Precinct 2	609	585	24
Evanston Ward 9 Precinct 3	931	878	53
Evanston Ward 9 Precinct 4	800	769	31
Evanston Ward 9 Precinct 5	472	447	25
Evanston Ward 9 Precinct 6	613	576	37
Hanover 1	741	645	96
Hanover 2	558	497	61
Hanover 3	245	218	27
Hanover 4	534	464	70
Hanover 5	515	451	64
Hanover 6	430	388	42
Hanover 7	558	481	77
Hanover 8	482	411	71
Hanover 9	567	510	57
Hanover 10	308	267	41
Hanover 11	498	450	48
Hanover 12	324	278	46
Hanover 13	373	322	51
Hanover 14	686	602	84
Hanover 15	385	336	49
Hanover 16	731	652	79
Hanover 17	397	329	68
Hanover 18	482	430	52
Hanover 19	496	433	63
Hanover 20	785	709	76
Hanover 21	340	295	45
Hanover 22	480	405	75
Hanover 23	559	493	66
Hanover 24	483	432	51
Hanover 25	519	460	59
Hanover 26	750	643	107
Hanover 27	1,590	1,429	161
Hanover 28	688	626	62
Hanover 29	310	280	30
Hanover 30	550	471	79
Hanover 31	471	405	66
Hanover 32	413	372	41
Hanover 33	517	447	70
Hanover 34	631	560	71
Hanover 35	513	446	67
Hanover 36	402	355	47
Hanover 37	717	621	96
Hanover 38	610	513	97
Hanover 39	600	539	61
Hanover 40	632	567	65
Hanover 41	820	743	77
Hanover 42	585	527	58
Hanover 43	602	529	73
Hanover 44	705	602	103
Lemont 1	608	492	116
Lemont 2	458	397	61
Lemont 3	738	622	116
Lemont 4	646	543	103
Lemont 5	601	518	83
Lemont 6	658	569	89
Lemont 7	541	470	71
Lemont 8	730	621	109
Lemont 9	417	350	67
Lemont 10	453	401	52
Lemont 11	870	749	121
Lemont 12	808	668	140
Lemont 13	788	668	120
Lemont 14	631	533	98
Leyden 1	324	296	28
Leyden 2	236	208	28
Leyden 3	586	542	44
Leyden 4	410	371	39
Leyden 5	452	407	45
Leyden 6	605	548	57
Leyden 7	261	231	30
Leyden 8	555	496	59
Leyden 9	707	635	72
Leyden 10	645	589	56
Leyden 11	506	441	65
Leyden 12	561	499	62
Leyden 13	531	488	43
Leyden 14	421	381	40
Leyden 15	541	476	65
Leyden 16	514	473	41
Leyden 17	410	367	43
Leyden 18	292	270	22
Leyden 19	507	446	61
Leyden 20	255	226	29
Leyden 21	296	277	19
Leyden 22	418	380	38
Leyden 23	954	848	106
Leyden 24	468	413	55
Leyden 25	314	281	33
Leyden 26	798	719	79
Leyden 27	112	96	16
Leyden 28	238	218	20
Leyden 29	321	284	37
Leyden 30	580	512	68
Leyden 31	493	442	51
Leyden 32	555	482	73
Leyden 33	475	428	47
Leyden 34	371	341	30
Leyden 35	236	218	18
Leyden 36	448	417	31
Leyden 37	314	287	27
Leyden 38	188	171	17
Leyden 39	346	321	25
Leyden 40	442	387	55
Leyden 41	253	230	23
Leyden 42	464	416	48
Leyden 43	361	328	33
Leyden 44	406	365	41
Leyden 45	364	320	44
Leyden 46	417	374	43
Leyden 47	407	355	52
Leyden 48	493	439	54
Leyden 49	709	632	77
Leyden 50	664	618	46
Lyons 1	67	62	5
Lyons 2	474	429	45
Lyons 3	437	382	55
Lyons 4	840	739	101
Lyons 5	567	514	53
Lyons 6	376	333	43
Lyons 7	490	452	38
Lyons 8	295	269	26
Lyons 9	702	639	63
Lyons 10	490	439	51
Lyons 11	471	423	48
Lyons 12	410	364	46
Lyons 13	211	200	11
Lyons 14	731	666	65
Lyons 15	665	606	59
Lyons 16	1,053	942	111
Lyons 17	380	345	35
Lyons 18	503	450	53
Lyons 19	456	402	54
Lyons 20	970	870	100
Lyons 21	985	889	96
Lyons 22	322	298	24
Lyons 23	628	527	101
Lyons 24	497	432	65
Lyons 25	532	472	60
Lyons 26	409	357	52
Lyons 27	573	500	73
Lyons 28	731	639	92
Lyons 29	394	351	43
Lyons 30	94	81	13
Lyons 31	560	493	67
Lyons 32	252	205	47
Lyons 33	199	166	33
Lyons 34	249	225	24
Lyons 35	430	368	62
Lyons 36	569	497	72
Lyons 37	351	318	33
Lyons 38	232	199	33
Lyons 39	608	556	52
Lyons 40	490	448	42
Lyons 41	351	301	50
Lyons 42	573	517	56
Lyons 43	523	473	50
Lyons 44	926	835	91
Lyons 45	791	693	98
Lyons 46	446	385	61
Lyons 47	600	554	46
Lyons 48	483	444	39
Lyons 49	366	306	60
Lyons 50	639	576	63
Lyons 51	362	320	42
Lyons 52	617	538	79
Lyons 53	573	506	67
Lyons 54	309	268	41
Lyons 55	667	598	69
Lyons 56	627	560	67
Lyons 57	497	452	45
Lyons 58	358	317	41
Lyons 59	407	355	52
Lyons 60	665	616	49
Lyons 61	575	514	61
Lyons 62	277	230	47
Lyons 63	788	689	99
Lyons 64	445	390	55
Lyons 65	627	537	90
Lyons 66	334	296	38
Lyons 67	544	481	63
Lyons 68	369	320	49
Lyons 69	785	693	92
Lyons 70	374	344	30
Lyons 71	198	174	24
Lyons 72	771	703	68
Lyons 73	534	495	39
Lyons 74	254	213	41
Lyons 75	324	294	30
Lyons 76	378	323	55
Lyons 77	352	300	52
Lyons 78	382	315	67
Maine 1	365	318	47
Maine 2	396	349	47
Maine 3	230	204	26
Maine 4	569	486	83
Maine 5	562	510	52
Maine 6	792	674	118
Maine 7	392	329	63
Maine 8	600	509	91
Maine 9	848	761	87
Maine 10	436	355	81
Maine 11	366	326	40
Maine 12	397	354	43
Maine 13	534	473	61
Maine 14	694	610	84
Maine 15	306	277	29
Maine 16	389	330	59
Maine 17	533	453	80
Maine 18	476	405	71
Maine 19	355	307	48
Maine 20	320	286	34
Maine 21	759	667	92
Maine 22	742	659	83
Maine 23	432	376	56
Maine 24	785	710	75
Maine 25	649	586	63
Maine 26	495	443	52
Maine 27	407	369	38
Maine 28	229	211	18
Maine 29	860	739	121
Maine 30	1,366	1,209	157
Maine 31	519	471	48
Maine 32	339	297	42
Maine 33	306	291	15
Maine 34	644	573	71
Maine 35	484	435	49
Maine 36	551	474	77
Maine 37	636	548	88
Maine 38	392	356	36
Maine 39	475	423	52
Maine 40	445	394	51
Maine 41	426	359	67
Maine 42	837	755	82
Maine 43	479	405	74
Maine 44	376	339	37
Maine 45	211	201	10
Maine 46	536	465	71
Maine 47	541	475	66
Maine 48	669	589	80
Maine 49	487	426	61
Maine 50	549	478	71
Maine 51	456	405	51
Maine 52	509	468	41
Maine 53	441	385	56
Maine 54	608	531	77
Maine 55	430	377	53
Maine 56	631	555	76
Maine 57	296	269	27
Maine 58	544	479	65
Maine 59	518	451	67
Maine 60	938	813	125
Maine 61	321	283	38
Maine 62	257	238	19
Maine 63	375	335	40
Maine 64	408	355	53
Maine 65	392	320	72
Maine 66	242	214	28
Maine 67	808	680	128
Maine 68	389	340	49
Maine 69	453	400	53
Maine 70	505	463	42
Maine 71	257	234	23
Maine 72	433	369	64
Maine 73	181	151	30
Maine 74	453	408	45
Maine 75	431	369	62
Maine 76	300	251	49
Maine 77	815	709	106
Maine 78	396	367	29
Maine 79	424	395	29
Maine 80	507	456	51
Maine 81	276	244	32
Maine 82	493	443	50
Maine 83	401	349	52
Maine 84	267	239	28
Maine 85	311	281	30
Maine 86	416	382	34
Maine 87	372	327	45
Maine 88	384	329	55
Maine 89	338	305	33
Maine 90	277	245	32
Maine 91	772	693	79
Maine 92	339	303	36
New Trier 1	991	940	51
New Trier 2	1,023	967	56
New Trier 3	690	642	48
New Trier 4	839	795	44
New Trier 5	554	505	49
New Trier 6	471	438	33
New Trier 7	680	641	39
New Trier 8	568	522	46
New Trier 9	741	688	53
New Trier 10	674	607	67
New Trier 11	822	752	70
New Trier 12	755	685	70
New Trier 13	892	827	65
New Trier 14	791	700	91
New Trier 15	920	837	83
New Trier 16	917	826	91
New Trier 17	653	616	37
New Trier 18	534	482	52
New Trier 19	489	438	51
New Trier 20	890	821	69
New Trier 21	730	683	47
New Trier 22	654	586	68
New Trier 23	705	636	69
New Trier 24	791	743	48
New Trier 25	598	564	34
New Trier 26	512	479	33
New Trier 27	677	630	47
New Trier 28	558	497	61
New Trier 29	623	568	55
New Trier 30	815	748	67
New Trier 31	724	668	56
New Trier 32	625	580	45
New Trier 33	812	744	68
New Trier 34	537	503	34
New Trier 35	430	400	30
New Trier 36	896	829	67
New Trier 37	688	644	44
New Trier 38	705	664	41
New Trier 39	491	448	43
New Trier 40	426	391	35
New Trier 41	563	516	47
Niles 1	605	534	71
Niles 2	634	569	65
Niles 3	938	844	94
Niles 4	431	385	46
Niles 5	344	306	38
Niles 6	543	476	67
Niles 7	822	779	43
Niles 8	296	285	11
Niles 9	408	371	37
Niles 10	582	529	53
Niles 11	321	294	27
Niles 12	389	365	24
Niles 13	654	602	52
Niles 14	734	682	52
Niles 15	605	564	41
Niles 16	748	694	54
Niles 17	698	644	54
Niles 18	371	345	26
Niles 19	629	586	43
Niles 20	527	482	45
Niles 21	853	801	52
Niles 22	499	459	40
Niles 23	591	561	30
Niles 24	627	574	53
Niles 25	349	326	23
Niles 26	620	562	58
Niles 27	464	422	42
Niles 28	690	643	47
Niles 29	381	359	22
Niles 30	441	412	29
Niles 31	629	597	32
Niles 32	277	262	15
Niles 33	673	634	39
Niles 34	524	498	26
Niles 35	649	607	42
Niles 36	356	337	19
Niles 37	574	529	45
Niles 38	900	846	54
Niles 39	672	614	58
Niles 40	284	262	22
Niles 41	642	596	46
Niles 42	514	480	34
Niles 43	715	650	65
Niles 44	647	613	34
Niles 45	456	417	39
Niles 46	671	629	42
Niles 47	356	340	16
Niles 48	489	444	45
Niles 49	811	783	28
Niles 50	658	602	56
Niles 51	292	263	29
Niles 52	449	415	34
Niles 53	821	765	56
Niles 54	375	345	30
Niles 55	389	369	20
Niles 56	739	671	68
Niles 57	667	618	49
Niles 58	609	567	42
Niles 59	845	776	69
Niles 60	719	671	48
Niles 61	713	664	49
Niles 62	345	306	39
Niles 63	706	658	48
Niles 64	742	675	67
Northfield 1	657	585	72
Northfield 2	628	561	67
Northfield 3	470	444	26
Northfield 4	583	533	50
Northfield 5	435	389	46
Northfield 6	681	627	54
Northfield 7	870	799	71
Northfield 8	701	632	69
Northfield 9	489	432	57
Northfield 10	540	491	49
Northfield 11	390	356	34
Northfield 12	1,066	962	104
Northfield 13	535	487	48
Northfield 14	533	497	36
Northfield 15	502	464	38
Northfield 16	753	710	43
Northfield 17	559	528	31
Northfield 18	879	805	74
Northfield 19	704	634	70
Northfield 20	661	606	55
Northfield 21	921	844	77
Northfield 22	699	652	47
Northfield 23	528	471	57
Northfield 24	600	546	54
Northfield 25	591	534	57
Northfield 26	559	507	52
Northfield 27	581	541	40
Northfield 28	981	903	78
Northfield 29	551	514	37
Northfield 30	716	650	66
Northfield 31	795	715	80
Northfield 32	884	813	71
Northfield 33	334	295	39
Northfield 34	489	451	38
Northfield 35	662	582	80
Northfield 36	466	410	56
Northfield 37	733	647	86
Northfield 38	515	459	56
Northfield 39	339	303	36
Northfield 40	402	358	44
Northfield 41	583	546	37
Northfield 42	579	524	55
Northfield 43	669	623	46
Northfield 44	485	452	33
Northfield 45	818	729	89
Northfield 46	879	793	86
Northfield 47	816	751	65
Northfield 48	621	581	40
Northfield 49	497	460	37
Northfield 50	779	716	63
Northfield 51	1,586	1,442	144
Northfield 52	619	578	41
Northfield 53	674	640	34
Northfield 54	508	493	15
Northfield 55	593	573	20
Northfield 56	859	787	72
Northfield 57	431	391	40
Northfield 58	355	321	34
Northfield 59	560	518	42
Northfield 60	808	776	32
Northfield 61	495	454	41
Northfield 62	743	689	54
Norwood Park 1	474	409	65
Norwood Park 2	529	459	70
Norwood Park 3	644	565	79
Norwood Park 4	647	595	52
Norwood Park 5	463	400	63
Norwood Park 6	678	611	67
Norwood Park 7	409	356	53
Norwood Park 8	324	287	37
Norwood Park 9	322	287	35
Norwood Park 10	378	324	54
Norwood Park 11	822	700	122
Norwood Park 12	437	394	43
Norwood Park 13	377	344	33
Norwood Park 14	472	435	37
Norwood Park 15	379	338	41
Norwood Park 16	338	304	34
Norwood Park 17	464	426	38
Oak Park 1	527	506	21
Oak Park 2	959	915	44
Oak Park 3	969	897	72
Oak Park 4	832	781	51
Oak Park 5	853	806	47
Oak Park 6	909	858	51
Oak Park 7	587	545	42
Oak Park 8	716	693	23
Oak Park 9	461	443	18
Oak Park 10	715	676	39
Oak Park 11	667	617	50
Oak Park 12	410	392	18
Oak Park 13	706	653	53
Oak Park 14	823	776	47
Oak Park 15	913	862	51
Oak Park 16	1,061	1,000	61
Oak Park 17	1,092	1,034	58
Oak Park 18	706	645	61
Oak Park 19	779	733	46
Oak Park 20	1,039	982	57
Oak Park 21	537	515	22
Oak Park 22	542	513	29
Oak Park 23	746	702	44
Oak Park 24	532	509	23
Oak Park 25	702	660	42
Oak Park 26	652	618	34
Oak Park 27	214	203	11
Oak Park 28	949	901	48
Oak Park 29	709	666	43
Oak Park 30	829	785	44
Oak Park 31	1,150	1,084	66
Oak Park 32	482	454	28
Oak Park 33	653	613	40
Oak Park 34	627	604	23
Oak Park 35	912	857	55
Oak Park 36	909	861	48
Oak Park 37	487	457	30
Orland 1	818	713	105
Orland 2	642	552	90
Orland 3	302	275	27
Orland 4	391	325	66
Orland 5	399	313	86
Orland 6	347	302	45
Orland 7	299	262	37
Orland 8	415	367	48
Orland 9	612	555	57
Orland 10	574	517	57
Orland 11	377	318	59
Orland 12	251	212	39
Orland 13	775	697	78
Orland 14	545	481	64
Orland 15	744	658	86
Orland 16	551	469	82
Orland 17	379	340	39
Orland 18	712	617	95
Orland 19	381	335	46
Orland 20	312	254	58
Orland 21	701	618	83
Orland 22	519	466	53
Orland 23	447	399	48
Orland 24	489	432	57
Orland 25	897	780	117
Orland 26	440	384	56
Orland 27	376	333	43
Orland 28	392	338	54
Orland 29	828	710	118
Orland 30	364	326	38
Orland 31	388	337	51
Orland 32	340	285	55
Orland 33	443	393	50
Orland 34	615	535	80
Orland 35	573	514	59
Orland 36	635	556	79
Orland 37	613	554	59
Orland 38	305	267	38
Orland 39	468	413	55
Orland 40	605	533	72
Orland 41	486	430	56
Orland 42	628	560	68
Orland 43	490	441	49
Orland 44	464	415	49
Orland 45	525	443	82
Orland 46	406	355	51
Orland 47	784	686	98
Orland 48	534	461	73
Orland 49	400	363	37
Orland 50	436	366	70
Orland 51	653	565	88
Orland 52	578	491	87
Orland 53	458	393	65
Orland 54	783	678	105
Orland 55	429	375	54
Orland 56	493	437	56
Orland 57	570	497	73
Orland 58	578	517	61
Orland 59	565	475	90
Orland 60	406	358	48
Orland 61	455	379	76
Orland 62	582	522	60
Orland 63	604	532	72
Orland 64	744	637	107
Orland 65	526	467	59
Orland 66	517	444	73
Orland 67	351	315	36
Orland 68	455	397	58
Orland 69	283	254	29
Orland 70	705	633	72
Orland 71	550	487	63
Orland 72	439	388	51
Orland 73	721	648	73
Orland 74	363	330	33
Orland 75	701	601	100
Palatine 1	449	388	61
Palatine 2	830	746	84
Palatine 3	511	447	64
Palatine 4	320	281	39
Palatine 5	749	649	100
Palatine 6	686	616	70
Palatine 7	655	581	74
Palatine 8	680	617	63
Palatine 9	581	513	68
Palatine 10	773	660	113
Palatine 11	517	461	56
Palatine 12	573	516	57
Palatine 13	526	462	64
Palatine 14	570	509	61
Palatine 15	691	606	85
Palatine 16	363	334	29
Palatine 17	606	537	69
Palatine 18	434	395	39
Palatine 19	641	573	68
Palatine 20	485	443	42
Palatine 21	722	640	82
Palatine 22	574	505	69
Palatine 23	468	407	61
Palatine 24	730	638	92
Palatine 25	510	452	58
Palatine 26	778	692	86
Palatine 27	417	375	42
Palatine 28	429	387	42
Palatine 29	766	692	74
Palatine 30	470	420	50
Palatine 31	458	402	56
Palatine 32	609	522	87
Palatine 33	360	324	36
Palatine 34	791	709	82
Palatine 35	544	491	53
Palatine 36	525	486	39
Palatine 37	678	610	68
Palatine 38	596	518	78
Palatine 39	821	738	83
Palatine 40	899	788	111
Palatine 41	787	711	76
Palatine 42	766	683	83
Palatine 43	560	506	54
Palatine 44	785	673	112
Palatine 45	503	444	59
Palatine 46	686	618	68
Palatine 47	615	555	60
Palatine 48	531	469	62
Palatine 49	442	374	68
Palatine 50	882	788	94
Palatine 51	343	287	56
Palatine 52	628	542	86
Palatine 53	461	405	56
Palatine 54	790	714	76
Palatine 55	430	390	40
Palatine 56	679	612	67
Palatine 57	801	724	77
Palatine 58	484	425	59
Palatine 59	783	702	81
Palatine 60	524	475	49
Palatine 61	341	296	45
Palatine 62	449	398	51
Palatine 63	604	536	68
Palatine 64	554	500	54
Palatine 65	515	458	57
Palatine 66	647	587	60
Palatine 67	539	438	101
Palatine 68	529	467	62
Palatine 69	588	499	89
Palos 1	368	319	49
Palos 2	453	391	62
Palos 3	461	402	59
Palos 4	397	342	55
Palos 5	331	287	44
Palos 6	265	231	34
Palos 7	550	487	63
Palos 8	219	188	31
Palos 9	442	389	53
Palos 10	696	572	124
Palos 11	554	489	65
Palos 12	468	420	48
Palos 13	556	462	94
Palos 14	343	294	49
Palos 15	550	454	96
Palos 16	733	640	93
Palos 17	597	519	78
Palos 18	594	513	81
Palos 19	604	529	75
Palos 20	579	502	77
Palos 21	346	291	55
Palos 22	92	79	13
Palos 23	329	286	43
Palos 24	361	300	61
Palos 25	397	362	35
Palos 26	318	279	39
Palos 27	537	481	56
Palos 28	382	343	39
Palos 29	608	512	96
Palos 30	630	569	61
Palos 31	567	509	58
Palos 32	257	240	17
Palos 33	665	612	53
Palos 34	366	313	53
Palos 35	660	570	90
Palos 36	593	524	69
Palos 37	640	557	83
Palos 38	497	422	75
Palos 39	671	589	82
Proviso 1	408	382	26
Proviso 2	378	357	21
Proviso 3	579	535	44
Proviso 4	490	452	38
Proviso 5	494	464	30
Proviso 6	417	383	34
Proviso 7	117	107	10
Proviso 8	344	317	27
Proviso 9	444	427	17
Proviso 10	352	322	30
Proviso 11	359	324	35
Proviso 12	527	483	44
Proviso 13	489	445	44
Proviso 14	321	297	24
Proviso 15	394	356	38
Proviso 16	461	434	27
Proviso 17	326	310	16
Proviso 18	623	587	36
Proviso 19	490	460	30
Proviso 20	431	417	14
Proviso 21	469	425	44
Proviso 22	400	374	26
Proviso 23	243	224	19
Proviso 24	858	784	74
Proviso 25	686	607	79
Proviso 26	709	661	48
Proviso 27	633	572	61
Proviso 28	616	562	54
Proviso 29	762	682	80
Proviso 30	559	505	54
Proviso 31	317	299	18
Proviso 32	684	623	61
Proviso 33	559	525	34
Proviso 34	827	776	51
Proviso 35	685	630	55
Proviso 36	485	456	29
Proviso 37	334	316	18
Proviso 38	464	439	25
Proviso 39	586	546	40
Proviso 40	496	463	33
Proviso 41	418	384	34
Proviso 42	315	302	13
Proviso 43	323	303	20
Proviso 44	348	322	26
Proviso 45	441	408	33
Proviso 46	176	153	23
Proviso 47	271	254	17
Proviso 48	602	567	35
Proviso 49	381	353	28
Proviso 50	762	696	66
Proviso 51	611	563	48
Proviso 52	347	318	29
Proviso 53	506	476	30
Proviso 54	881	794	87
Proviso 55	554	516	38
Proviso 56	373	353	20
Proviso 57	488	450	38
Proviso 58	315	288	27
Proviso 59	452	407	45
Proviso 60	361	331	30
Proviso 61	642	595	47
Proviso 62	691	654	37
Proviso 63	663	606	57
Proviso 64	497	472	25
Proviso 65	447	415	32
Proviso 66	726	678	48
Proviso 67	849	800	49
Proviso 68	401	371	30
Proviso 69	378	364	14
Proviso 70	489	443	46
Proviso 71	853	768	85
Proviso 72	511	473	38
Proviso 73	543	502	41
Proviso 74	622	581	41
Proviso 75	644	598	46
Proviso 76	665	606	59
Proviso 77	345	315	30
Proviso 78	142	126	16
Proviso 79	418	394	24
Proviso 80	301	282	19
Proviso 81	420	391	29
Proviso 82	684	653	31
Proviso 83	594	568	26
Proviso 84	412	365	47
Proviso 85	628	562	66
Proviso 86	466	440	26
Proviso 87	520	478	42
Proviso 88	219	207	12
Proviso 89	451	402	49
Proviso 90	901	817	84
Proviso 91	433	403	30
Proviso 92	727	659	68
Proviso 93	403	364	39
Proviso 94	426	399	27
Proviso 95	409	383	26
Proviso 96	341	322	19
Proviso 97	800	716	84
Proviso 98	521	484	37
Proviso 99	497	471	26
Proviso 100	671	612	59
Proviso 101	505	463	42
Proviso 102	676	617	59
Rich 1	1,829	1,749	80
Rich 2	577	548	29
Rich 3	827	766	61
Rich 4	458	424	34
Rich 5	718	682	36
Rich 6	809	760	49
Rich 7	539	509	30
Rich 8	901	859	42
Rich 9	732	690	42
Rich 10	440	425	15
Rich 11	557	528	29
Rich 12	659	620	39
Rich 13	320	303	17
Rich 14	462	429	33
Rich 15	908	874	34
Rich 16	426	381	45
Rich 17	480	437	43
Rich 18	602	568	34
Rich 19	383	355	28
Rich 20	877	804	73
Rich 21	676	625	51
Rich 22	535	477	58
Rich 23	783	743	40
Rich 24	633	592	41
Rich 25	841	786	55
Rich 26	633	597	36
Rich 27	629	592	37
Rich 28	465	449	16
Rich 29	631	586	45
Rich 30	785	736	49
Rich 31	516	467	49
Rich 32	740	695	45
Rich 33	505	462	43
Rich 34	549	533	16
Rich 35	439	415	24
Rich 36	1,369	1,291	78
Rich 37	454	438	16
Rich 38	523	491	32
Rich 39	643	613	30
Rich 40	516	487	29
Rich 41	382	361	21
Rich 42	543	517	26
Rich 43	627	593	34
Rich 44	435	416	19
Rich 45	759	719	40
Rich 46	818	778	40
Rich 47	852	807	45
Rich 48	619	596	23
Rich 49	524	492	32
Rich 50	261	230	31
Rich 51	522	489	33
River Forest 1	936	848	88
River Forest 2	621	567	54
River Forest 3	627	598	29
River Forest 4	759	682	77
River Forest 5	500	458	42
River Forest 6	475	445	30
River Forest 7	662	617	45
River Forest 8	854	796	58
Riverside 1	706	635	71
Riverside 2	59	52	7
Riverside 3	415	362	53
Riverside 4	829	732	97
Riverside 5	409	371	38
Riverside 6	503	461	42
Riverside 7	435	398	37
Riverside 8	766	700	66
Riverside 9	533	499	34
Riverside 10	737	637	100
Riverside 11	803	714	89
Riverside 12	403	358	45
Riverside 13	624	558	66
Schaumburg 1	882	794	88
Schaumburg 2	783	709	74
Schaumburg 3	546	484	62
Schaumburg 4	330	307	23
Schaumburg 5	353	341	12
Schaumburg 6	456	392	64
Schaumburg 7	353	322	31
Schaumburg 8	440	380	60
Schaumburg 9	464	417	47
Schaumburg 10	348	304	44
Schaumburg 11	505	436	69
Schaumburg 12	545	500	45
Schaumburg 13	402	344	58
Schaumburg 14	631	554	77
Schaumburg 15	555	480	75
Schaumburg 16	621	551	70
Schaumburg 17	571	524	47
Schaumburg 18	454	409	45
Schaumburg 19	399	340	59
Schaumburg 20	426	381	45
Schaumburg 21	731	615	116
Schaumburg 22	569	513	56
Schaumburg 23	571	508	63
Schaumburg 24	655	564	91
Schaumburg 25	527	485	42
Schaumburg 26	595	545	50
Schaumburg 27	469	427	42
Schaumburg 28	646	586	60
Schaumburg 29	647	567	80
Schaumburg 30	503	452	51
Schaumburg 31	713	633	80
Schaumburg 32	702	636	66
Schaumburg 33	460	407	53
Schaumburg 34	572	521	51
Schaumburg 35	377	335	42
Schaumburg 36	380	339	41
Schaumburg 37	390	363	27
Schaumburg 38	499	448	51
Schaumburg 39	800	707	93
Schaumburg 40	504	449	55
Schaumburg 41	471	398	73
Schaumburg 42	568	512	56
Schaumburg 43	452	410	42
Schaumburg 44	596	530	66
Schaumburg 45	559	507	52
Schaumburg 46	389	352	37
Schaumburg 47	520	469	51
Schaumburg 48	437	394	43
Schaumburg 49	383	345	38
Schaumburg 50	439	380	59
Schaumburg 51	414	377	37
Schaumburg 52	763	687	76
Schaumburg 53	536	469	67
Schaumburg 54	645	581	64
Schaumburg 55	481	426	55
Schaumburg 56	606	551	55
Schaumburg 57	715	625	90
Schaumburg 58	346	310	36
Schaumburg 59	727	635	92
Schaumburg 60	381	353	28
Schaumburg 61	795	717	78
Schaumburg 62	611	554	57
Schaumburg 63	499	420	79
Schaumburg 64	507	431	76
Schaumburg 65	394	368	26
Schaumburg 66	489	422	67
Schaumburg 67	502	455	47
Schaumburg 68	487	448	39
Schaumburg 69	462	418	44
Schaumburg 70	462	413	49
Schaumburg 71	498	458	40
Schaumburg 72	465	419	46
Schaumburg 73	640	574	66
Schaumburg 74	430	386	44
Schaumburg 75	483	435	48
Schaumburg 76	535	482	53
Schaumburg 77	677	610	67
Schaumburg 78	426	393	33
Stickney 1	256	215	41
Stickney 2	361	323	38
Stickney 3	678	584	94
Stickney 4	537	481	56
Stickney 5	594	533	61
Stickney 6	664	588	76
Stickney 7	281	262	19
Stickney 8	458	404	54
Stickney 9	447	388	59
Stickney 10	550	477	73
Stickney 11	518	453	65
Stickney 12	487	424	63
Stickney 13	407	378	29
Stickney 14	576	499	77
Stickney 15	538	479	59
Stickney 16	596	530	66
Stickney 17	347	304	43
Stickney 18	254	218	36
Stickney 19	419	376	43
Stickney 20	397	370	27
Thornton 1	279	261	18
Thornton 2	223	204	19
Thornton 3	429	390	39
Thornton 4	547	494	53
Thornton 5	334	313	21
Thornton 6	599	577	22
Thornton 7	461	447	14
Thornton 8	452	415	37
Thornton 9	267	256	11
Thornton 10	441	408	33
Thornton 11	248	233	15
Thornton 12	377	348	29
Thornton 13	437	394	43
Thornton 14	499	440	59
Thornton 15	438	415	23
Thornton 16	481	430	51
Thornton 17	534	481	53
Thornton 18	703	619	84
Thornton 19	587	524	63
Thornton 20	354	299	55
Thornton 21	681	635	46
Thornton 22	438	414	24
Thornton 23	437	404	33
Thornton 24	568	515	53
Thornton 25	524	449	75
Thornton 26	453	412	41
Thornton 27	613	584	29
Thornton 28	348	325	23
Thornton 29	269	256	13
Thornton 30	260	248	12
Thornton 31	130	123	7
Thornton 32	334	299	35
Thornton 33	426	400	26
Thornton 34	680	628	52
Thornton 35	675	629	46
Thornton 36	235	221	14
Thornton 37	559	495	64
Thornton 38	663	624	39
Thornton 39	350	338	12
Thornton 40	330	303	27
Thornton 41	322	303	19
Thornton 42	304	284	20
Thornton 43	437	396	41
Thornton 44	310	290	20
Thornton 45	409	372	37
Thornton 46	510	481	29
Thornton 47	380	333	47
Thornton 48	417	398	19
Thornton 49	236	217	19
Thornton 50	379	343	36
Thornton 51	421	370	51
Thornton 52	448	417	31
Thornton 53	320	298	22
Thornton 54	738	686	52
Thornton 55	334	310	24
Thornton 56	470	429	41
Thornton 57	384	342	42
Thornton 58	529	488	41
Thornton 59	338	321	17
Thornton 60	289	266	23
Thornton 61	307	285	22
Thornton 62	165	141	24
Thornton 63	248	223	25
Thornton 64	426	409	17
Thornton 65	609	535	74
Thornton 66	735	695	40
Thornton 67	667	605	62
Thornton 68	507	463	44
Thornton 69	316	298	18
Thornton 70	228	210	18
Thornton 71	257	237	20
Thornton 72	448	419	29
Thornton 73	672	617	55
Thornton 74	486	463	23
Thornton 75	442	405	37
Thornton 76	509	482	27
Thornton 77	696	638	58
Thornton 78	509	480	29
Thornton 79	601	557	44
Thornton 80	437	416	21
Thornton 81	426	394	32
Thornton 82	425	366	59
Thornton 83	607	560	47
Thornton 84	612	565	47
Thornton 85	414	391	23
Thornton 86	409	393	16
Thornton 87	633	602	31
Thornton 88	452	414	38
Thornton 89	644	607	37
Thornton 90	507	478	29
Thornton 91	473	442	31
Thornton 92	522	487	35
Thornton 93	311	296	15
Thornton 94	546	517	29
Thornton 95	336	317	19
Thornton 96	343	322	21
Thornton 97	209	184	25
Thornton 98	161	146	15
Thornton 99	394	363	31
Thornton 100	273	241	32
Thornton 101	382	349	33
Thornton 102	244	227	17
Thornton 103	261	246	15
Thornton 104	176	167	9
Thornton 105	406	378	28
Thornton 106	323	297	26
Thornton 107	662	637	25
Thornton 108	260	245	15
Thornton 109	312	285	27
Thornton 110	280	264	16
Thornton 111	328	304	24
Thornton 112	243	225	18
Thornton 113	226	208	18
Thornton 114	498	461	37
Thornton 115	457	421	36
Thornton 116	502	461	41
Thornton 117	574	511	63
Thornton 118	492	464	28
Thornton 119	429	395	34
Thornton 120	760	711	49
Thornton 121	363	322	41
Thornton 122	648	609	39
Thornton 123	331	315	16
Wheeling 1	508	465	43
Wheeling 2	445	392	53
Wheeling 3	609	536	73
Wheeling 4	421	378	43
Wheeling 5	568	504	64
Wheeling 6	380	346	34
Wheeling 7	844	760	84
Wheeling 8	433	386	47
Wheeling 9	414	375	39
Wheeling 10	746	665	81
Wheeling 11	729	647	82
Wheeling 12	828	707	121
Wheeling 13	541	456	85
Wheeling 14	495	441	54
Wheeling 15	554	488	66
Wheeling 16	205	191	14
Wheeling 17	499	451	48
Wheeling 18	533	464	69
Wheeling 19	781	722	59
Wheeling 20	683	609	74
Wheeling 21	448	388	60
Wheeling 22	673	610	63
Wheeling 23	579	500	79
Wheeling 24	478	460	18
Wheeling 25	708	635	73
Wheeling 26	866	782	84
Wheeling 27	865	793	72
Wheeling 28	829	717	112
Wheeling 29	344	310	34
Wheeling 30	821	743	78
Wheeling 31	422	375	47
Wheeling 32	415	359	56
Wheeling 33	287	254	33
Wheeling 34	766	690	76
Wheeling 35	553	494	59
Wheeling 36	911	803	108
Wheeling 37	580	517	63
Wheeling 38	655	573	82
Wheeling 39	635	570	65
Wheeling 40	616	558	58
Wheeling 41	1,003	902	101
Wheeling 42	763	683	80
Wheeling 43	539	480	59
Wheeling 44	706	619	87
Wheeling 45	489	435	54
Wheeling 46	943	816	127
Wheeling 47	460	412	48
Wheeling 48	496	447	49
Wheeling 49	639	580	59
Wheeling 50	434	382	52
Wheeling 51	681	606	75
Wheeling 52	504	456	48
Wheeling 53	685	598	87
Wheeling 54	738	637	101
Wheeling 55	576	539	37
Wheeling 56	515	463	52
Wheeling 57	704	629	75
Wheeling 58	483	416	67
Wheeling 59	632	559	73
Wheeling 60	432	405	27
Wheeling 61	742	631	111
Wheeling 62	669	608	61
Wheeling 63	436	378	58
Wheeling 64	823	761	62
Wheeling 65	768	683	85
Wheeling 66	744	667	77
Wheeling 67	374	350	24
Wheeling 68	367	322	45
Wheeling 69	570	517	53
Wheeling 70	785	703	82
Wheeling 71	939	822	117
Wheeling 72	573	505	68
Wheeling 73	567	530	37
Wheeling 74	413	382	31
Wheeling 75	589	531	58
Wheeling 76	642	593	49
Wheeling 77	213	199	14
Wheeling 78	891	813	78
Wheeling 79	522	461	61
Wheeling 80	425	393	32
Wheeling 81	496	462	34
Wheeling 82	791	721	70
Wheeling 83	916	840	76
Wheeling 84	720	650	70
Wheeling 85	471	403	68
Wheeling 86	686	616	70
Wheeling 87	576	520	56
Wheeling 88	643	599	44
Wheeling 89	355	317	38
Wheeling 90	576	517	59
Wheeling 91	740	695	45
Wheeling 92	921	820	101
Worth 1	273	249	24
Worth 2	584	500	84
Worth 3	568	495	73
Worth 4	697	610	87
Worth 5	576	509	67
Worth 6	535	470	65
Worth 7	536	470	66
Worth 8	571	527	44
Worth 9	593	522	71
Worth 10	657	603	54
Worth 11	549	502	47
Worth 12	326	294	32
Worth 13	594	547	47
Worth 14	478	430	48
Worth 15	702	636	66
Worth 16	672	582	90
Worth 17	550	498	52
Worth 18	441	386	55
Worth 19	529	472	57
Worth 20	361	330	31
Worth 21	707	619	88
Worth 22	432	390	42
Worth 23	576	497	79
Worth 24	260	245	15
Worth 25	621	554	67
Worth 26	398	341	57
Worth 27	443	388	55
Worth 28	362	329	33
Worth 29	448	432	16
Worth 30	562	495	67
Worth 31	672	619	53
Worth 32	374	337	37
Worth 33	482	419	63
Worth 34	491	445	46
Worth 35	591	511	80
Worth 36	568	519	49
Worth 37	407	380	27
Worth 38	599	548	51
Worth 39	511	459	52
Worth 40	558	512	46
Worth 41	302	274	28
Worth 42	447	388	59
Worth 43	316	300	16
Worth 44	340	306	34
Worth 45	458	425	33
Worth 46	667	592	75
Worth 47	288	264	24
Worth 48	402	346	56
Worth 49	339	306	33
Worth 50	605	536	69
Worth 51	359	313	46
Worth 52	338	299	39
Worth 53	529	478	51
Worth 54	568	525	43
Worth 55	270	240	30
Worth 56	541	476	65
Worth 57	600	540	60
Worth 58	589	504	85
Worth 59	680	635	45
Worth 60	312	285	27
Worth 61	440	380	60
Worth 62	314	286	28
Worth 63	519	474	45
Worth 64	770	681	89
Worth 65	831	725	106
Worth 66	385	335	50
Worth 67	315	261	54
Worth 68	431	385	46
Worth 69	621	562	59
Worth 70	639	558	81
Worth 71	426	372	54
Worth 72	598	551	47
Worth 73	338	315	23
Worth 74	274	236	38
Worth 75	610	549	61
Worth 76	246	208	38
Worth 77	534	476	58
Worth 78	641	566	75
Worth 79	368	317	51
Worth 80	608	557	51
Worth 81	399	323	76
Worth 82	519	463	56
Worth 83	233	221	12
Worth 84	536	485	51
Worth 85	542	498	44
Worth 86	500	438	62
Worth 87	462	412	50
Worth 88	314	280	34
Worth 89	725	635	90
Worth 90	553	497	56
Worth 91	301	271	30
Worth 92	540	493	47
Worth 93	299	268	31
Worth 94	568	485	83
Worth 95	591	530	61
Worth 96	640	595	45
Worth 97	444	417	27
Worth 98	590	550	40
Worth 99	320	267	53
Worth 100	541	481	60
