Precinct	total_votes	votes|Yes	votes|No
01001	553	538	15
01002	436	422	14
01003	591	563	28
01004	560	527	33
01005	607	572	35
01006	520	480	40
01007	381	363	18
01008	427	398	29
01009	372	348	24
01010	698	651	47
01011	645	600	45
01012	620	601	19
01013	240	225	15
01014	496	471	25
01015	467	442	25
01016	628	603	25
01017	446	427	19
01018	499	480	19
01019	543	513	30
01020	425	412	13
01021	713	679	34
01022	342	320	22
01023	749	718	31
01024	441	424	17
01025	525	509	16
01026	310	307	3
01027	537	500	37
01028	106	101	5
01029	642	600	42
01030	554	534	20
01031	484	461	23
01032	507	470	37
01033	612	558	54
01034	421	400	21
01035	647	594	53
01036	550	509	41
01037	536	494	42
01038	504	473	31
01039	467	439	28
01040	496	459	37
01041	303	291	12
01042	177	160	17
01043	326	303	23
01044	486	461	25
02001	599	558	41
02002	428	370	58
02003	611	569	42
02004	489	457	32
02005	656	624	32
02006	534	507	27
02007	498	453	45
02008	626	595	31
02009	504	429	75
02010	435	350	85
02011	567	475	92
02012	468	422	46
02013	453	383	70
02014	578	538	40
02015	524	487	37
02016	485	460	25
02017	645	612	33
02018	502	440	62
02019	387	311	76
02020	615	544	71
02021	543	507	36
02022	560	461	99
02023	371	285	86
02024	476	409	67
02025	588	537	51
02026	482	414	68
02027	481	407	74
02028	598	517	81
02029	603	540	63
02030	452	375	77
02031	623	524	99
02032	433	380	53
02033	796	696	100
02034	425	328	97
02035	711	635	76
02036	586	513	73
02037	474	406	68
02038	485	401	84
02039	352	317	35
02040	722	662	60
02041	556	508	48
02042	577	530	47
02043	705	614	91
02044	331	289	42
02045	607	557	50
02046	308	257	51
03001	584	564	20
03002	539	519	20
03003	362	346	16
03004	510	495	15
03005	266	260	6
03006	680	599	81
03007	277	268	9
03008	363	348	15
03009	461	450	11
03010	176	173	3
03011	462	450	12
03012	468	450	18
03013	590	521	69
03014	550	517	33
03015	344	331	13
03016	363	350	13
03017	693	664	29
03018	666	646	20
03019	598	529	69
03020	493	484	9
03021	557	489	68
03022	699	639	60
03023	401	383	18
03024	396	384	12
03025	911	764	147
03026	571	483	88
03027	673	593	80
03028	299	292	7
03029	435	411	24
03030	371	361	10
03031	500	486	14
03032	621	579	42
03033	626	585	41
03034	650	593	57
03035	231	219	12
03036	241	228	13
03037	423	408	15
03038	372	361	11
03039	828	754	74
03040	492	481	11
03041	337	309	28
04001	758	732	26
04002	683	626	57
04003	389	374	15
04004	642	616	26
04005	470	458	12
04006	509	492	17
04007	572	549	23
04008	518	503	15
04009	530	520	10
04010	624	601	23
04011	504	485	19
04012	574	556	18
04013	650	608	42
04014	512	494	18
04015	615	594	21
04016	882	820	62
04017	659	620	39
04018	470	449	21
04019	342	325	17
04020	469	434	35
04021	713	671	42
04022	522	497	25
04023	683	653	30
04024	446	416	30
04025	595	536	59
04026	450	432	18
04027	663	648	15
04028	417	409	8
04029	428	417	11
04030	657	637	20
04031	499	482	17
04032	567	543	24
04033	503	492	11
04034	418	404	14
04035	581	568	13
04036	551	534	17
04037	966	903	63
04038	538	517	21
05001	376	367	9
05002	315	309	6
05003	547	526	21
05004	641	623	18
05005	410	395	15
05006	354	347	7
05007	491	482	9
05008	501	471	30
05009	560	553	7
05010	347	337	10
05011	518	503	15
05012	301	290	11
05013	385	374	11
05014	361	353	8
05015	439	421	18
05016	416	409	7
05017	334	322	12
05018	461	449	12
05019	458	448	10
05020	549	532	17
05021	542	516	26
05022	540	504	36
05023	831	793	38
05024	546	524	22
05025	423	409	14
05026	453	443	10
05027	578	539	39
05028	487	473	14
05029	481	463	18
05030	275	267	8
05031	345	336	9
05032	573	555	18
05033	469	459	10
05034	563	529	34
05035	598	578	20
05036	252	241	11
05037	524	511	13
05038	394	381	13
05039	394	359	35
05040	325	312	13
05041	266	254	12
06001	404	395	9
06002	368	359	9
06003	376	368	8
06004	283	275	8
06005	229	222	7
06006	398	390	8
06007	340	328	12
06008	378	373	5
06009	320	309	11
06010	220	213	7
06011	321	314	7
06012	264	253	11
06013	285	279	6
06014	277	272	5
06015	280	271	9
06016	374	366	8
06017	228	221	7
06018	230	223	7
06019	331	322	9
06020	208	202	6
06021	198	194	4
06022	224	219	5
06023	186	182	4
06024	183	178	5
06025	183	176	7
06026	252	245	7
06027	203	197	6
06028	166	162	4
06029	383	368	15
06030	293	285	8
06031	370	363	7
06032	344	334	10
06033	358	340	18
06034	376	367	9
06035	328	318	10
06036	425	409	16
06037	376	372	4
06038	392	385	7
06039	304	290	14
06040	317	307	10
06041	360	354	6
06042	365	351	14
06043	316	307	9
06044	346	340	6
06045	400	392	8
06046	253	247	6
06047	257	246	11
06048	387	381	6
07001	307	300	7
07002	337	323	14
07003	377	370	7
07004	361	356	5
07005	275	265	10
07006	436	419	17
07007	324	316	8
07008	277	268	9
07009	614	601	13
07010	395	387	8
07011	365	356	9
07012	307	301	6
07013	206	201	5
07014	360	349	11
07015	336	325	11
07016	277	273	4
07017	296	282	14
07018	285	275	10
07019	327	320	7
07020	255	246	9
07021	254	241	13
07022	291	282	9
07023	337	328	9
07024	267	257	10
07025	277	269	8
07026	281	274	7
07027	264	257	7
07028	251	242	9
07029	286	278	8
07030	240	229	11
07031	232	224	8
07032	459	446	13
07033	468	457	11
07034	417	406	11
07035	373	363	10
07036	411	400	11
07037	364	350	14
07038	292	289	3
07039	317	308	9
07040	298	287	11
07041	350	341	9
07042	289	281	8
07043	306	294	12
07044	302	294	8
07045	322	314	8
07046	124	121	3
08001	309	296	13
08002	336	326	10
08003	422	412	10
08004	427	420	7
08005	395	384	11
08006	381	369	12
08007	417	405	12
08008	370	361	9
08009	245	239	6
08010	464	452	12
08011	283	273	10
08012	299	288	11
08013	395	383	12
08014	259	253	6
08015	307	303	4
08016	113	111	2
08017	322	312	10
08018	336	322	14
08019	394	381	13
08020	415	403	12
08021	452	444	8
08022	335	329	6
08023	302	292	10
08024	224	221	3
08025	371	360	11
08026	322	312	10
08027	400	386	14
08028	381	370	11
08029	413	403	10
08030	360	348	12
08031	258	252	6
08032	275	271	4
08033	337	328	9
08034	349	342	7
08035	391	382	9
08036	379	369	10
08037	302	295	7
08038	237	228	9
08039	358	348	10
08040	287	278	9
08041	403	391	12
08042	431	424	7
08043	204	198	6
08044	236	233	3
08045	341	331	10
08046	290	286	4
08047	293	282	11
08048	337	331	6
08049	344	338	6
08050	358	346	12
08051	377	366	11
08052	453	445	8
08053	222	219	3
08054	294	285	9
08055	248	245	3
08056	371	367	4
09001	342	329	13
09002	299	283	16
09003	273	258	15
09004	265	255	10
09005	342	337	5
09006	295	289	6
09007	274	266	8
09008	334	326	8
09009	369	355	14
09010	269	260	9
09011	223	219	4
09012	395	388	7
09013	398	388	10
09014	416	409	7
09015	378	363	15
09016	307	300	7
09017	218	211	7
09018	250	240	10
09019	330	323	7
09020	329	320	9
09021	292	280	12
09022	350	341	9
09023	410	400	10
09024	320	311	9
09025	359	349	10
09026	376	366	10
09027	274	268	6
09028	212	202	10
09029	289	282	7
09030	271	262	9
09031	261	250	11
09032	362	351	11
09033	261	255	6
09034	252	249	3
09035	346	338	8
09036	283	271	12
09037	496	461	35
09038	368	358	10
09039	373	365	8
09040	382	372	10
09041	279	273	6
09042	356	341	15
09043	289	277	12
09044	298	291	7
09045	266	257	9
09046	339	323	16
09047	363	354	9
09048	384	374	10
09049	355	346	9
09050	467	457	10
09051	335	326	9
10001	289	283	6
10002	342	307	35
10003	343	303	40
10004	252	240	12
10005	265	227	38
10006	263	247	16
10007	243	224	19
10008	201	191	10
10009	335	301	34
10010	347	317	30
10011	391	362	29
10012	208	193	15
10013	298	283	15
10014	445	414	31
10015	634	618	16
10016	253	231	22
10017	446	396	50
10018	214	205	9
10019	353	322	31
10020	381	345	36
10021	322	299	23
10022	199	191	8
10023	282	270	12
10024	340	294	46
10025	93	87	6
10026	249	234	15
10027	324	310	14
10028	374	345	29
10029	309	290	19
10030	285	264	21
10031	246	238	8
10032	339	308	31
10033	228	219	9
10034	230	225	5
10035	403	356	47
10036	82	79	3
11001	403	364	39
11002	30	27	3
11003	413	397	16
11004	333	307	26
11005	528	502	26
11006	700	654	46
11007	634	601	33
11008	366	337	29
11009	326	300	26
11010	364	342	22
11011	440	394	46
11012	535	483	52
11013	469	417	52
11014	188	169	19
11015	156	145	11
11016	273	248	25
11017	513	474	39
11018	294	275	19
11019	522	483	39
11020	263	239	24
11021	518	468	50
11022	459	409	50
11023	250	226	24
11024	469	431	38
11025	528	488	40
11026	461	429	32
11027	141	132	9
11028	181	168	13
11029	445	395	50
11030	208	188	20
11031	389	351	38
11032	196	177	19
11033	518	458	60
11034	122	109	13
11035	76	71	5
11036	164	152	12
11037	109	99	10
11038	228	213	15
12001	349	326	23
12002	242	234	8
12003	455	422	33
12004	388	370	18
12005	296	276	20
12006	345	325	20
12007	314	296	18
12008	393	365	28
12009	296	277	19
12010	404	393	11
12011	332	315	17
12012	349	323	26
12013	329	303	26
12014	320	310	10
12015	250	237	13
12016	303	288	15
12017	337	321	16
12018	273	260	13
12019	332	306	26
12020	408	384	24
12021	352	328	24
12022	274	264	10
12023	351	328	23
13001	294	263	31
13002	290	254	36
13003	259	239	20
13004	346	319	27
13005	362	339	23
13006	339	295	44
13007	241	224	17
13008	257	238	19
13009	337	316	21
13010	304	267	37
13011	339	293	46
13012	290	258	32
13013	318	298	20
13014	323	304	19
13015	431	409	22
13016	210	202	8
13017	267	238	29
13018	254	225	29
13019	336	325	11
13020	193	168	25
13021	373	303	70
13022	351	316	35
13023	238	225	13
13024	314	280	34
13025	304	287	17
13026	285	262	23
13027	299	273	26
13028	237	224	13
13029	243	232	11
13030	239	226	13
13031	348	305	43
13032	266	234	32
13033	324	281	43
13034	367	354	13
13035	288	268	20
13036	196	186	10
13037	351	327	24
13038	285	256	29
13039	301	281	20
13040	326	292	34
13041	353	333	20
13042	309	272	37
13043	320	295	25
13044	311	292	19
13045	354	311	43
13046	355	338	17
13047	324	298	26
13048	294	256	38
14001	406	353	53
14002	414	389	25
14003	335	326	9
14004	353	306	47
14005	449	434	15
14006	149	141	8
14007	383	362	21
14008	363	340	23
14009	422	371	51
14010	235	227	8
14011	207	190	17
14012	369	344	25
14013	293	279	14
14014	296	283	13
14015	336	315	21
14016	229	216	13
14017	260	251	9
14018	144	134	10
14019	296	289	7
14020	226	219	7
14021	293	283	10
14022	431	406	25
14023	269	247	22
14024	423	378	45
14025	188	177	11
14026	240	230	10
14027	318	296	22
14028	256	243	13
14029	248	233	15
14030	177	165	12
14031	194	186	8
15001	273	251	22
15002	201	194	7
15003	216	209	7
15004	312	299	13
15005	263	246	17
15006	285	270	15
15007	206	199	7
15008	268	257	11
15009	365	348	17
15010	394	376	18
15011	340	324	16
15012	345	322	23
15013	268	260	8
15014	266	252	14
15015	221	216	5
15016	318	303	15
15017	232	223	9
15018	197	191	6
15019	256	241	15
15020	216	208	8
15021	189	186	3
15022	250	243	7
15023	242	226	16
15024	183	180	3
16001	329	314	15
16002	259	251	8
16003	220	215	5
16004	254	247	7
16005	179	169	10
16006	268	264	4
16007	245	238	7
16008	171	169	2
16009	259	248	11
16010	241	232	9
16011	254	244	10
16012	222	213	9
16013	190	178	12
16014	169	165	4
16015	274	268	6
16016	228	225	3
16017	253	246	7
16018	279	269	10
16019	224	222	2
16020	193	187	6
16021	218	211	7
16022	209	199	10
16023	295	285	10
16024	146	144	2
16025	311	299	12
16026	186	179	7
16027	208	204	4
16028	232	223	9
16029	246	239	7
16030	215	208	7
16031	253	246	7
16032	283	275	8
16033	218	215	3
16034	228	219	9
16035	320	310	10
16036	164	156	8
17001	298	292	6
17002	318	315	3
17003	314	304	10
17004	372	360	12
17005	235	223	12
17006	261	253	8
17007	245	239	6
17008	244	236	8
17009	242	237	5
17010	408	393	15
17011	225	211	14
17012	394	379	15
17013	264	253	11
17014	359	336	23
17015	345	337	8
17016	302	291	11
17017	293	285	8
17018	359	353	6
17019	184	180	4
17020	404	390	14
17021	425	411	14
17022	263	260	3
17023	205	197	8
17024	324	314	10
17025	234	226	8
17026	330	321	9
17027	291	286	5
17028	242	234	8
17029	305	291	14
17030	244	236	8
17031	190	182	8
17032	232	219	13
17033	201	191	10
17034	234	224	10
17035	233	229	4
17036	279	268	11
17037	254	247	7
17038	288	277	11
17039	311	301	10
17040	334	323	11
17041	388	375	13
18001	297	285	12
18002	303	279	24
18003	329	300	29
18004	364	351	13
18005	225	220	5
18006	303	275	28
18007	342	320	22
18008	333	328	5
18009	340	326	14
18010	470	450	20
18011	290	270	20
18012	346	330	16
18013	376	364	12
18014	376	363	13
18015	385	362	23
18016	336	328	8
18017	326	312	14
18018	291	283	8
18019	340	327	13
18020	291	283	8
18021	435	421	14
18022	414	400	14
18023	348	322	26
18024	339	309	30
18025	336	303	33
18026	444	431	13
18027	290	277	13
18028	332	301	31
18029	339	330	9
18030	385	355	30
18031	373	359	14
18032	359	350	9
18033	270	262	8
18034	415	398	17
18035	424	412	12
18036	374	354	20
18037	414	398	16
18038	334	326	8
18039	243	231	12
18040	370	355	15
18041	426	417	9
18042	312	301	11
18043	223	207	16
18044	316	284	32
18045	310	300	10
18046	369	348	21
18047	270	258	12
18048	280	264	16
18049	216	206	10
18050	261	251	10
19001	363	306	57
19002	588	546	42
19003	321	255	66
19004	451	362	89
19005	444	399	45
19006	421	347	74
19007	364	312	52
19008	465	378	87
19009	299	242	57
19010	500	427	73
19011	388	294	94
19012	333	265	68
19013	487	474	13
19014	490	450	40
19015	501	414	87
19016	426	371	55
19017	366	305	61
19018	402	340	62
19019	534	460	74
19020	343	315	28
19021	376	308	68
19022	440	365	75
19023	428	366	62
19024	288	238	50
19025	407	331	76
19026	410	322	88
19027	438	406	32
19028	462	445	17
19029	425	353	72
19030	381	302	79
19031	387	334	53
19032	389	342	47
19033	429	345	84
19034	385	327	58
19035	377	330	47
19036	569	534	35
19037	407	377	30
19038	364	341	23
19039	135	130	5
19040	455	409	46
19041	372	312	60
19042	360	322	38
19043	542	529	13
19044	439	353	86
19045	388	325	63
19046	418	337	81
19047	590	553	37
19048	468	457	11
19049	503	474	29
19050	345	308	37
19051	468	402	66
19052	445	373	72
19053	390	338	52
19054	356	274	82
19055	353	289	64
19056	451	386	65
19057	330	297	33
20001	348	339	9
20002	136	133	3
20003	298	287	11
20004	150	143	7
20005	409	399	10
20006	85	85	0
20007	360	345	15
20008	323	311	12
20009	508	495	13
20010	240	236	4
20011	431	420	11
20012	282	277	5
20013	359	347	12
20014	173	166	7
20015	279	267	12
20016	394	383	11
20017	194	183	11
20018	174	170	4
20019	352	339	13
20020	219	212	7
20021	229	220	9
20022	464	454	10
20023	357	342	15
20024	418	404	14
20025	241	230	11
20026	362	346	16
20027	162	158	4
20028	214	205	9
20029	385	374	11
20030	146	143	3
20031	402	390	12
20032	311	304	7
20033	203	196	7
20034	583	571	12
20035	242	230	12
20036	112	108	4
20037	106	104	2
20038	116	109	7
20039	24	23	1
21001	400	392	8
21002	257	247	10
21003	342	334	8
21004	344	330	14
21005	378	369	9
21006	293	288	5
21007	344	332	12
21008	364	351	13
21009	376	367	9
21010	316	310	6
21011	329	314	15
21012	309	298	11
21013	352	343	9
21014	373	365	8
21015	305	293	12
21016	322	310	12
21017	312	306	6
21018	390	376	14
21019	367	358	9
21020	282	273	9
21021	299	291	8
21022	261	257	4
21023	319	306	13
21024	351	343	8
21025	297	291	6
21026	347	332	15
21027	363	357	6
21028	372	363	9
21029	397	385	12
21030	283	278	5
21031	249	244	5
21032	313	307	6
21033	308	297	11
21034	302	292	10
21035	414	404	10
21036	327	316	11
21037	247	245	2
21038	322	310	12
21039	294	283	11
21040	317	316	1
21041	349	335	14
21042	350	342	8
21043	320	314	6
21044	335	327	8
21045	312	300	12
21046	382	377	5
21047	324	309	15
21048	340	326	14
21049	401	388	13
21050	273	265	8
21051	318	313	5
21052	330	321	9
21053	287	273	14
21054	299	292	7
22001	194	191	3
22002	384	359	25
22003	422	410	12
22004	238	228	10
22005	305	290	15
22006	286	273	13
22007	215	195	20
22008	412	380	32
22009	169	165	4
22010	375	353	22
22011	236	229	7
22012	276	249	27
22013	285	272	13
22014	224	216	8
22015	240	233	7
22016	251	244	7
22017	298	288	10
22018	268	262	6
22019	155	150	5
22020	264	247	17
22021	310	289	21
22022	274	266	8
22023	398	391	7
22024	311	301	10
22025	290	278	12
23001	322	281	41
23002	346	316	30
23003	336	285	51
23004	388	340	48
23005	314	293	21
23006	285	265	20
23007	271	261	10
23008	380	356	24
23009	270	257	13
23010	331	310	21
23011	325	315	10
23012	344	300	44
23013	267	244	23
23014	316	280	36
23015	268	259	9
23016	316	268	48
23017	187	181	6
23018	282	245	37
23019	254	245	9
23020	193	175	18
23021	350	301	49
23022	338	302	36
23023	332	297	35
23024	267	258	9
23025	268	251	17
23026	337	317	20
23027	284	240	44
23028	353	318	35
23029	280	242	38
23030	341	317	24
23031	258	235	23
23032	299	282	17
23033	325	302	23
23034	294	279	15
23035	234	194	40
23036	308	266	42
23037	352	301	51
23038	309	274	35
23039	331	318	13
24001	250	244	6
24002	281	272	9
24003	286	280	6
24004	222	216	6
24005	142	140	2
24006	285	273	12
24007	201	188	13
24008	137	133	4
24009	267	257	10
24010	126	121	5
24011	327	314	13
24012	173	168	5
24013	155	149	6
24014	235	218	17
24015	147	145	2
24016	379	361	18
24017	226	220	6
24018	316	311	5
24019	330	323	7
24020	244	240	4
24021	126	121	5
24022	337	320	17
24023	209	200	9
24024	311	299	12
24025	249	240	9
24026	407	397	10
24027	296	288	8
24028	186	176	10
24029	171	168	3
24030	154	146	8
24031	313	297	16
24032	142	138	4
24033	172	167	5
24034	257	249	8
24035	259	251	8
24036	331	319	12
24037	168	161	7
24038	229	217	12
24039	285	276	9
24040	333	323	10
24041	190	184	6
25001	330	316	14
25002	480	466	14
25003	722	663	59
25004	345	327	18
25005	438	422	16
25006	140	125	15
25007	439	410	29
25008	452	431	21
25009	396	390	6
25010	695	621	74
25011	451	437	14
25012	413	392	21
25013	462	452	10
25014	246	215	31
25015	365	340	25
25016	698	623	75
25017	447	424	23
25018	225	205	20
25019	444	420	24
25020	252	240	12
25021	816	752	64
25022	402	392	10
25023	480	462	18
25024	432	415	17
25025	438	388	50
25026	378	346	32
25027	573	526	47
25028	436	415	21
25029	311	297	14
25030	402	385	17
25031	842	747	95
25032	340	325	15
26001	384	367	17
26002	292	278	14
26003	425	404	21
26004	207	200	7
26005	319	301	18
26006	286	279	7
26007	366	351	15
26008	169	160	9
26009	241	231	10
26010	291	284	7
26011	298	290	8
26012	384	369	15
26013	173	165	8
26014	249	240	9
26015	184	174	10
26016	176	168	8
26017	283	251	32
26018	240	233	7
26019	188	175	13
26020	290	280	10
26021	400	385	15
26022	161	159	2
26023	216	208	8
26024	269	263	6
26025	305	293	12
26026	230	217	13
26027	412	390	22
26028	500	461	39
26029	209	191	18
26030	279	264	15
26031	150	136	14
26032	424	402	22
26033	385	370	15
26034	433	421	12
26035	279	269	10
26036	339	320	19
26037	362	353	9
26038	136	131	5
26039	372	349	23
26040	231	222	9
26041	391	373	18
26042	289	280	9
26043	167	163	4
26044	192	188	4
26045	144	137	7
26046	242	220	22
26047	213	199	14
26048	344	331	13
26049	180	173	7
27001	890	814	76
27002	421	384	37
27003	210	204	6
27004	206	196	10
27005	285	282	3
27006	461	423	38
27007	594	564	30
27008	205	200	5
27009	221	191	30
27010	320	303	17
27011	570	508	62
27012	321	294	27
27013	514	497	17
27014	172	166	6
27015	179	166	13
27016	467	421	46
27017	374	360	14
27018	252	242	10
27019	171	167	4
27020	288	277	11
27021	442	400	42
27022	175	169	6
27023	223	214	9
27024	254	249	5
27025	366	348	18
27026	291	284	7
27027	453	437	16
27028	405	371	34
27029	224	219	5
27030	161	158	3
27031	275	264	11
27032	313	296	17
27033	435	397	38
27034	263	255	8
27035	483	433	50
27036	302	293	9
27037	477	444	33
27038	609	564	45
27039	262	256	6
27040	580	528	52
27041	269	263	6
27042	290	267	23
27043	245	230	15
27044	248	240	8
27045	914	831	83
27046	350	303	47
27047	223	209	14
27048	746	695	51
27049	263	257	6
27050	321	307	14
28001	187	182	5
28002	264	253	11
28003	246	240	6
28004	309	283	26
28005	201	189	12
28006	187	170	17
28007	278	271	7
28008	406	368	38
28009	297	289	8
28010	400	371	29
28011	644	616	28
28012	271	266	5
28013	354	347	7
28014	219	215	4
28015	59	58	1
28016	171	164	7
28017	261	256	5
28018	255	251	4
28019	269	246	23
28020	282	265	17
28021	248	242	6
28022	276	268	8
28023	324	314	10
28024	237	230	7
28025	413	401	12
28026	278	271	7
28027	345	293	52
28028	414	375	39
28029	158	148	10
28030	48	47	1
28031	384	374	10
28032	279	269	10
28033	309	296	13
28034	516	508	8
28035	330	319	11
28036	152	146	6
28037	371	357	14
28038	124	119	5
28039	220	211	9
28040	387	380	7
28041	221	216	5
28042	262	257	5
28043	345	331	14
28044	199	193	6
28045	419	388	31
28046	637	577	60
29001	500	469	31
29002	496	477	19
29003	376	369	7
29004	382	371	11
29005	299	285	14
29006	300	294	6
29007	391	370	21
29008	327	319	8
29009	443	397	46
29010	518	491	27
29011	216	212	4
29012	454	443	11
29013	404	397	7
29014	325	309	16
29015	433	416	17
29016	351	341	10
29017	326	318	8
29018	337	321	16
29019	376	368	8
29020	432	425	7
29021	475	462	13
29022	258	245	13
29023	429	384	45
29024	333	324	9
29025	435	426	9
29026	366	349	17
29027	333	324	9
29028	450	438	12
29029	360	315	45
29030	502	481	21
29031	351	323	28
29032	364	332	32
29033	254	242	12
29034	257	252	5
29035	280	273	7
29036	320	313	7
29037	369	355	14
29038	399	370	29
29039	332	312	20
29040	419	410	9
29041	285	278	7
29042	401	383	18
29043	474	461	13
29044	456	446	10
30001	451	421	30
30002	382	360	22
30003	338	320	18
30004	346	325	21
30005	279	268	11
30006	299	283	16
30007	420	391	29
30008	497	468	29
30009	300	280	20
30010	368	347	21
30011	359	338	21
30012	325	301	24
30013	370	347	23
30014	243	226	17
30015	384	344	40
30016	174	163	11
30017	367	348	19
30018	480	465	15
30019	343	332	11
30020	424	390	34
30021	290	270	20
30022	548	528	20
30023	425	409	16
30024	514	496	18
30025	552	530	22
30026	242	225	17
30027	268	252	16
30028	411	393	18
30029	213	205	8
30030	166	156	10
30031	256	246	10
30032	319	307	12
31001	229	222	7
31002	206	200	6
31003	212	202	10
31004	369	359	10
31005	264	254	10
31006	183	170	13
31007	422	412	10
31008	194	181	13
31009	233	220	13
31010	229	220	9
31011	204	193	11
31012	233	224	9
31013	261	254	7
31014	226	211	15
31015	209	200	9
31016	312	307	5
31017	242	231	11
31018	242	224	18
31019	235	225	10
31020	225	210	15
31021	229	220	9
31022	223	215	8
31023	262	244	18
31024	246	230	16
31025	236	224	12
31026	274	265	9
31027	273	256	17
31028	210	194	16
31029	266	249	17
31030	198	189	9
31031	195	185	10
31032	204	195	9
31033	211	198	13
31034	247	232	15
31035	284	275	9
31036	281	262	19
31037	240	229	11
31038	190	182	8
31039	280	274	6
31040	289	284	5
31041	214	210	4
32001	604	551	53
32002	573	518	55
32003	596	569	27
32004	512	461	51
32005	560	506	54
32006	640	593	47
32007	576	545	31
32008	669	605	64
32009	480	446	34
32010	555	496	59
32011	498	483	15
32012	407	396	11
32013	574	510	64
32014	568	542	26
32015	543	489	54
32016	577	529	48
32017	561	529	32
32018	501	439	62
32019	551	514	37
32020	536	523	13
32021	574	501	73
32022	649	612	37
32023	604	526	78
32024	423	363	60
32025	541	499	42
32026	607	569	38
32027	506	432	74
32028	552	523	29
32029	606	572	34
32030	538	461	77
32031	590	529	61
32032	619	564	55
32033	572	520	52
32034	614	563	51
32035	567	509	58
32036	597	533	64
32037	536	500	36
32038	504	465	39
32039	597	506	91
32040	591	550	41
32041	601	528	73
32042	499	450	49
32043	520	499	21
33001	493	470	23
33002	619	591	28
33003	739	703	36
33004	691	649	42
33005	479	441	38
33006	445	422	23
33007	549	525	24
33008	715	654	61
33009	588	542	46
33010	489	463	26
33011	576	549	27
33012	499	474	25
33013	523	495	28
33014	282	263	19
33015	513	497	16
33016	680	639	41
33017	571	538	33
33018	712	680	32
33019	586	549	37
33020	611	583	28
33021	541	518	23
33022	490	452	38
33023	553	513	40
33024	698	633	65
33025	640	604	36
33026	438	425	13
33027	602	580	22
33028	501	482	19
34001	389	379	10
34002	286	280	6
34003	371	364	7
34004	262	254	8
34005	308	304	4
34006	409	393	16
34007	406	389	17
34008	290	281	9
34009	244	242	2
34010	350	342	8
34011	304	294	10
34012	387	378	9
34013	352	342	10
34014	277	270	7
34015	326	308	18
34016	309	300	9
34017	449	432	17
34018	271	264	7
34019	378	375	3
34020	400	390	10
34021	419	408	11
34022	365	357	8
34023	271	265	6
34024	313	304	9
34025	528	512	16
34026	392	379	13
34027	290	279	11
34028	231	221	10
34029	282	274	8
34030	328	318	10
34031	304	294	10
34032	361	356	5
34033	292	282	10
34034	378	369	9
34035	398	388	10
34036	327	314	13
34037	212	207	5
34038	168	164	4
34039	244	236	8
34040	394	383	11
34041	221	214	7
34042	337	328	9
34043	337	326	11
34044	356	346	10
34045	379	370	9
34046	249	246	3
34047	345	330	15
34048	383	374	9
34049	344	333	11
34050	285	281	4
34051	404	399	5
34052	210	205	5
34053	214	203	11
35001	477	452	25
35002	510	489	21
35003	420	409	11
35004	434	404	30
35005	416	402	14
35006	428	407	21
35007	476	462	14
35008	492	465	27
35009	386	373	13
35010	616	596	20
35011	509	493	16
35012	287	274	13
35013	282	271	11
35014	269	261	8
35015	554	536	18
35016	233	224	9
35017	508	487	21
35018	280	271	9
35019	226	213	13
35020	394	379	15
35021	395	374	21
35022	541	531	10
35023	442	424	18
35024	412	387	25
35025	536	516	20
35026	401	378	23
35027	368	346	22
35028	436	413	23
35029	371	351	20
35030	414	394	20
35031	473	451	22
36001	332	317	15
36002	323	306	17
36003	310	290	20
36004	307	295	12
36005	304	291	13
36006	296	276	20
36007	433	395	38
36008	244	235	9
36009	295	280	15
36010	434	414	20
36011	219	204	15
36012	201	192	9
36013	231	224	7
36014	350	328	22
36015	360	328	32
36016	384	364	20
36017	404	368	36
36018	372	341	31
36019	371	350	21
36020	363	335	28
36021	261	250	11
36022	277	261	16
36023	297	282	15
36024	347	320	27
36025	327	315	12
36026	359	321	38
36027	338	315	23
36028	321	297	24
36029	376	340	36
36030	340	317	23
37001	225	212	13
37002	268	257	11
37003	234	228	6
37004	252	245	7
37005	344	328	16
37006	352	340	12
37007	229	221	8
37008	241	234	7
37009	333	325	8
37010	388	375	13
37011	210	206	4
37012	239	230	9
37013	236	222	14
37014	337	328	9
37015	318	307	11
37016	332	323	9
37017	248	242	6
37018	263	256	7
37019	210	206	4
37020	258	253	5
37021	266	256	10
37022	269	259	10
37023	270	263	7
37024	333	315	18
37025	281	273	8
37026	414	392	22
37027	294	282	12
37028	278	266	12
37029	277	271	6
37030	281	272	9
37031	330	324	6
37032	279	272	7
37033	298	284	14
37034	309	301	8
37035	344	331	13
37036	299	278	21
37037	333	323	10
37038	293	279	14
37039	264	254	10
37040	318	306	12
37041	317	308	9
38001	371	343	28
38002	422	331	91
38003	360	316	44
38004	367	329	38
38005	408	364	44
38006	362	324	38
38007	358	317	41
38008	348	317	31
38009	435	380	55
38010	305	271	34
38011	342	302	40
38012	368	319	49
38013	410	359	51
38014	427	393	34
38015	342	304	38
38016	368	335	33
38017	492	433	59
38018	436	378	58
38019	447	406	41
38020	384	337	47
38021	316	295	21
38022	391	363	28
38023	399	364	35
38024	420	361	59
38025	340	309	31
38026	413	377	36
38027	389	357	32
38028	469	403	66
38029	380	350	30
38030	379	339	40
38031	402	362	40
38032	397	364	33
38033	363	334	29
38034	381	348	33
38035	403	379	24
38036	359	322	37
38037	378	339	39
38038	375	341	34
38039	414	374	40
38040	408	369	39
38041	373	352	21
39001	433	356	77
39002	361	329	32
39003	483	437	46
39004	401	334	67
39005	400	365	35
39006	388	359	29
39007	380	354	26
39008	413	386	27
39009	373	339	34
39010	210	199	11
39011	379	345	34
39012	536	517	19
39013	333	302	31
39014	470	422	48
39015	463	371	92
39016	336	317	19
39017	470	425	45
39018	423	390	33
39019	434	393	41
39020	512	439	73
39021	392	341	51
39022	331	308	23
39023	442	374	68
39024	532	451	81
39025	360	344	16
39026	409	359	50
39027	81	55	26
39028	528	481	47
39029	224	213	11
39030	503	475	28
39031	352	326	26
39032	354	308	46
39033	449	422	27
39034	454	416	38
39035	415	381	34
39036	114	107	7
39037	423	357	66
39038	265	225	40
39039	280	248	32
39040	399	333	66
39041	460	384	76
39042	447	358	89
39043	465	385	80
39044	348	292	56
39045	434	358	76
40001	371	342	29
40002	394	368	26
40003	608	579	29
40004	258	234	24
40005	496	461	35
40006	599	579	20
40007	492	449	43
40008	662	629	33
40009	354	341	13
40010	424	402	22
40011	529	493	36
40012	439	413	26
40013	795	768	27
40014	366	345	21
40015	413	394	19
40016	671	642	29
40017	386	358	28
40018	319	306	13
40019	528	496	32
40020	453	439	14
40021	552	515	37
40022	564	534	30
40023	610	571	39
40024	371	345	26
40025	603	569	34
40026	535	511	24
40027	686	656	30
40028	523	500	23
40029	449	407	42
40030	401	351	50
40031	563	532	31
40032	562	522	40
40033	511	486	25
40034	399	367	32
40035	304	291	13
40036	456	422	34
40037	423	401	22
40038	642	611	31
40039	169	162	7
41001	406	335	71
41002	430	351	79
41003	423	377	46
41004	434	354	80
41005	513	439	74
41006	507	377	130
41007	493	414	79
41008	448	379	69
41009	409	346	63
41010	494	404	90
41011	505	430	75
41012	423	373	50
41013	519	445	74
41014	492	398	94
41015	562	482	80
41016	403	344	59
41017	452	395	57
41018	402	343	59
41019	473	380	93
41020	337	274	63
41021	473	409	64
41022	510	425	85
41023	421	346	75
41024	368	311	57
41025	304	280	24
41026	444	357	87
41027	317	279	38
41028	405	358	47
41029	274	246	28
41030	421	370	51
41031	455	401	54
41032	362	312	50
41033	406	344	62
41034	384	328	56
41035	559	461	98
41036	453	388	65
41037	504	444	60
41038	414	364	50
41039	471	389	82
41040	482	394	88
41041	461	367	94
41042	419	346	73
41043	474	404	70
41044	463	376	87
41045	415	358	57
41046	453	364	89
41047	471	403	68
42001	472	380	92
42002	620	577	43
42003	587	531	56
42004	1132	1012	120
42005	500	418	82
42006	529	447	82
42007	695	579	116
42008	487	438	49
42009	685	606	79
42010	776	676	100
42011	370	296	74
42012	499	399	100
42013	471	368	103
42014	722	649	73
42015	641	542	99
42016	591	539	52
42017	792	672	120
42018	634	580	54
42019	673	571	102
42020	663	563	100
42021	622	559	63
42022	293	240	53
42023	643	533	110
42024	572	465	107
42025	573	475	98
42026	795	682	113
42027	417	362	55
42028	614	545	69
42029	631	538	93
42030	485	352	133
42031	684	566	118
42032	647	544	103
42033	656	583	73
42034	481	383	98
42035	726	650	76
42036	937	851	86
42037	437	375	62
42038	554	498	56
42039	807	717	90
42040	776	713	63
42041	596	520	76
42042	981	856	125
43001	305	261	44
43002	620	529	91
43003	538	432	106
43004	663	565	98
43005	484	401	83
43006	466	412	54
43007	346	298	48
43008	415	357	58
43009	553	478	75
43010	681	562	119
43011	548	468	80
43012	405	356	49
43013	521	485	36
43014	565	461	104
43015	546	473	73
43016	670	577	93
43017	448	376	72
43018	672	574	98
43019	619	544	75
43020	621	535	86
43021	638	562	76
43022	397	362	35
43023	393	349	44
43024	415	359	56
43025	443	399	44
43026	355	309	46
43027	572	478	94
43028	686	613	73
43029	520	445	75
43030	617	526	91
43031	535	464	71
43032	563	495	68
43033	568	448	120
43034	400	358	42
43035	584	478	106
43036	311	291	20
43037	620	570	50
43038	433	329	104
43039	530	475	55
43040	416	378	38
43041	735	641	94
43042	530	470	60
43043	517	407	110
43044	558	472	86
43045	343	297	46
43046	337	300	37
44001	918	865	53
44002	591	525	66
44003	382	330	52
44004	500	451	49
44005	678	653	25
44006	752	711	41
44007	435	367	68
44008	849	814	35
44009	575	511	64
44010	619	561	58
44011	624	561	63
44012	615	567	48
44013	492	434	58
44014	549	508	41
44015	509	467	42
44016	695	626	69
44017	802	739	63
44018	659	602	57
44019	747	695	52
44020	645	604	41
44021	774	729	45
44022	639	582	57
44023	594	549	45
44024	442	397	45
44025	596	534	62
44026	718	670	48
44027	730	651	79
44028	561	521	40
44029	660	601	59
44030	727	657	70
44031	508	464	44
44032	663	598	65
44033	623	593	30
44034	637	587	50
44035	713	648	65
44036	643	594	49
44037	646	609	37
44038	603	544	59
44039	651	599	52
44040	579	501	78
44041	742	708	34
45001	374	339	35
45002	441	419	22
45003	413	376	37
45004	535	488	47
45005	453	401	52
45006	604	549	55
45007	646	580	66
45008	447	422	25
45009	406	370	36
45010	424	387	37
45011	309	285	24
45012	414	374	40
45013	389	346	43
45014	512	469	43
45015	535	490	45
45016	366	334	32
45017	509	446	63
45018	454	400	54
45019	223	205	18
45020	311	288	23
45021	391	354	37
45022	377	340	37
45023	366	329	37
45024	311	273	38
45025	266	230	36
45026	228	191	37
45027	402	351	51
45028	334	297	37
45029	292	267	25
45030	370	341	29
45031	338	308	30
45032	359	328	31
45033	313	284	29
45034	419	375	44
45035	481	438	43
45036	458	404	54
45037	418	364	54
45038	384	349	35
45039	405	371	34
45040	406	360	46
45041	389	349	40
45042	394	346	48
45043	418	349	69
45044	417	361	56
45045	288	243	45
45046	306	274	32
45047	294	263	31
45048	345	291	54
46001	414	379	35
46002	519	493	26
46003	690	634	56
46004	512	493	19
46005	743	693	50
46006	428	408	20
46007	572	524	48
46008	350	336	14
46009	620	593	27
46010	899	849	50
46011	505	473	32
46012	606	579	27
46013	531	501	30
46014	489	472	17
46015	564	520	44
46016	627	602	25
46017	621	578	43
46018	599	561	38
46019	375	345	30
46020	445	427	18
46021	342	334	8
46022	426	406	20
46023	432	419	13
46024	649	615	34
46025	515	488	27
46026	626	601	25
46027	730	693	37
46028	549	502	47
46029	425	404	21
46030	563	539	24
46031	552	519	33
46032	518	490	28
46033	674	627	47
46034	650	613	37
46035	530	489	41
46036	539	498	41
46037	467	441	26
46038	557	529	28
46039	538	510	28
46040	458	433	25
47001	382	343	39
47002	585	515	70
47003	549	489	60
47004	595	525	70
47005	604	566	38
47006	689	631	58
47007	505	461	44
47008	548	493	55
47009	540	487	53
47010	725	693	32
47011	565	512	53
47012	622	583	39
47013	556	525	31
47014	516	480	36
47015	688	659	29
47016	563	508	55
47017	556	512	44
47018	545	485	60
47019	714	682	32
47020	554	510	44
47021	516	490	26
47022	577	534	43
47023	637	610	27
47024	599	540	59
47025	679	628	51
47026	743	707	36
47027	527	479	48
47028	521	477	44
47029	629	577	52
47030	682	651	31
47031	558	531	27
47032	697	669	28
47033	541	489	52
47034	580	534	46
47035	602	533	69
47036	647	615	32
47037	547	510	37
47038	560	520	40
47039	581	533	48
47040	569	520	49
47041	651	610	41
47042	607	581	26
47043	535	458	77
47044	528	488	40
47045	561	523	38
47046	548	485	63
47047	656	595	61
47048	43	38	5
48001	503	484	19
48002	251	223	28
48003	583	562	21
48004	520	508	12
48005	315	287	28
48006	636	616	20
48007	541	508	33
48008	296	269	27
48009	328	295	33
48010	783	756	27
48011	477	446	31
48012	648	613	35
48013	646	608	38
48014	255	236	19
48015	359	343	16
48016	532	508	24
48017	471	450	21
48018	331	316	15
48019	355	337	18
48020	619	590	29
48021	661	640	21
48022	445	410	35
48023	509	473	36
48024	591	554	37
48025	493	463	30
48026	261	244	17
48027	757	726	31
48028	520	501	19
48029	243	228	15
48030	483	459	24
48031	644	621	23
48032	493	474	19
48033	294	268	26
48034	469	445	24
48035	324	308	16
48036	300	279	21
48037	560	536	24
48038	546	497	49
48039	417	391	26
48040	490	456	34
48041	672	647	25
48042	633	620	13
48043	546	519	27
48044	669	643	26
48045	416	393	23
48046	336	317	19
49001	320	312	8
49002	367	358	9
49003	576	558	18
49004	665	630	35
49005	520	504	16
49006	498	475	23
49007	567	524	43
49008	404	383	21
49009	574	552	22
49010	503	482	21
49011	609	579	30
49012	738	714	24
49013	589	561	28
49014	434	408	26
49015	374	359	15
49016	514	483	31
49017	328	311	17
49018	701	680	21
49019	481	467	14
49020	775	752	23
49021	290	280	10
49022	505	487	18
49023	711	691	20
49024	421	405	16
49025	708	689	19
49026	585	564	21
49027	601	583	18
49028	718	696	22
49029	656	641	15
49030	586	559	27
49031	419	401	18
49032	507	495	12
49033	426	410	16
50001	348	302	46
50002	252	219	33
50003	350	303	47
50004	400	366	34
50005	258	214	44
50006	433	405	28
50007	460	439	21
50008	368	352	16
50009	328	302	26
50010	324	282	42
50011	239	182	57
50012	147	135	12
50013	413	398	15
50014	135	121	14
50015	463	413	50
50016	112	97	15
50017	327	297	30
50018	85	77	8
50019	241	227	14
50020	383	357	26
50021	342	310	32
50022	291	265	26
50023	236	222	14
50024	267	221	46
50025	315	263	52
50026	306	287	19
50027	113	104	9
50028	364	340	24
50029	310	284	26
50030	241	224	17
50031	434	422	12
50032	368	356	12
50033	308	239	69
50034	537	477	60
50035	487	457	30
50036	351	325	26
50037	423	395	28
50038	173	158	15
50039	210	187	23
50040	352	275	77
Barrington 1	651	496	155
Barrington 2	598	494	104
Barrington 3	709	481	228
Barrington 4	889	586	303
Barrington 5	707	421	286
Barrington 6	816	640	176
Barrington 7	224	146	78
Barrington 8	935	655	280
Barrington 9	502	362	140
Barrington 10	825	665	160
Barrington 11	473	308	165
Berwyn Ward 1 Precinct 1	376	337	39
Berwyn Ward 1 Precinct 2	399	356	43
Berwyn Ward 1 Precinct 3	639	593	46
Berwyn Ward 1 Precinct 4	388	343	45
Berwyn Ward 1 Precinct 5	388	334	54
Berwyn Ward 2 Precinct 1	291	264	27
Berwyn Ward 2 Precinct 2	383	349	34
Berwyn Ward 2 Precinct 3	566	503	63
Berwyn Ward 2 Precinct 4	687	629	58
Berwyn Ward 3 Precinct 1	448	401	47
Berwyn Ward 3 Precinct 2	364	322	42
Berwyn Ward 3 Precinct 3	362	319	43
Berwyn Ward 3 Precinct 4	458	405	53
Berwyn Ward 3 Precinct 5	638	556	82
Berwyn Ward 4 Precinct 1	293	264	29
Berwyn Ward 4 Precinct 2	475	425	50
Berwyn Ward 4 Precinct 3	537	483	54
Berwyn Ward 4 Precinct 4	306	284	22
Berwyn Ward 5 Precinct 1	668	627	41
Berwyn Ward 5 Precinct 2	423	402	21
Berwyn Ward 5 Precinct 3	367	351	16
Berwyn Ward 6 Precinct 1	248	232	16
Berwyn Ward 6 Precinct 2	321	306	15
Berwyn Ward 6 Precinct 3	434	412	22
Berwyn Ward 6 Precinct 4	516	486	30
Berwyn Ward 7 Precinct 1	383	372	11
Berwyn Ward 7 Precinct 2	401	376	25
Berwyn Ward 7 Precinct 3	498	465	33
Berwyn Ward 7 Precinct 4	568	523	45
Berwyn Ward 8 Precinct 1	715	675	40
Berwyn Ward 8 Precinct 2	430	395	35
Berwyn Ward 8 Precinct 3	283	272	11
Bloom 1	652	554	98
Bloom 2	627	544	83
Bloom 3	376	348	28
Bloom 4	377	353	24
Bloom 5	387	324	63
Bloom 6	183	179	4
Bloom 7	528	452	76
Bloom 8	485	427	58
Bloom 9	401	342	59
Bloom 10	189	183	6
Bloom 11	332	292	40
Bloom 12	492	455	37
Bloom 13	812	768	44
Bloom 14	720	632	88
Bloom 15	385	340	45
Bloom 16	482	450	32
Bloom 17	379	363	16
Bloom 18	467	407	60
Bloom 19	516	469	47
Bloom 20	507	447	60
Bloom 21	125	120	5
Bloom 22	400	379	21
Bloom 23	456	438	18
Bloom 24	794	729	65
Bloom 25	318	301	17
Bloom 26	324	297	27
Bloom 27	443	420	23
Bloom 28	461	393	68
Bloom 29	174	168	6
Bloom 30	627	580	47
Bloom 31	507	440	67
Bloom 32	347	330	17
Bloom 33	449	420	29
Bloom 34	307	283	24
Bloom 35	231	217	14
Bloom 36	639	613	26
Bloom 37	312	294	18
Bloom 38	1124	1073	51
Bloom 39	320	306	14
Bloom 40	342	322	20
Bloom 41	627	603	24
Bloom 42	488	432	56
Bloom 43	476	454	22
Bloom 44	584	502	82
Bloom 45	714	663	51
Bloom 46	343	317	26
Bloom 47	694	604	90
Bloom 48	409	388	21
Bloom 49	539	520	19
Bloom 50	492	424	68
Bloom 51	230	217	13
Bloom 52	320	306	14
Bloom 53	256	225	31
Bloom 54	465	413	52
Bloom 55	382	370	12
Bloom 56	420	376	44
Bloom 57	455	401	54
Bloom 58	361	336	25
Bloom 59	382	368	14
Bloom 60	428	411	17
Bloom 61	431	368	63
Bremen 1	418	406	12
Bremen 2	556	451	105
Bremen 3	431	359	72
Bremen 4	469	406	63
Bremen 5	326	292	34
Bremen 6	355	325	30
Bremen 7	282	266	16
Bremen 8	367	360	7
Bremen 9	400	321	79
Bremen 10	582	476	106
Bremen 11	547	477	70
Bremen 12	354	336	18
Bremen 13	498	434	64
Bremen 14	342	311	31
Bremen 15	321	286	35
Bremen 16	507	418	89
Bremen 17	406	397	9
Bremen 18	634	544	90
Bremen 19	163	153	10
Bremen 20	378	326	52
Bremen 21	530	478	52
Bremen 22	385	329	56
Bremen 23	154	150	4
Bremen 24	430	328	102
Bremen 25	576	486	90
Bremen 26	471	430	41
Bremen 27	513	461	52
Bremen 28	338	292	46
Bremen 29	658	638	20
Bremen 30	482	384	98
Bremen 31	436	418	18
Bremen 32	420	402	18
Bremen 33	430	349	81
Bremen 34	615	497	118
Bremen 35	296	288	8
Bremen 36	338	284	54
Bremen 37	228	219	9
Bremen 38	364	348	16
Bremen 39	290	280	10
Bremen 40	714	687	27
Bremen 41	300	263	37
Bremen 42	620	520	100
Bremen 43	316	292	24
Bremen 44	387	370	17
Bremen 45	219	214	5
Bremen 46	473	381	92
Bremen 47	404	387	17
Bremen 48	366	352	14
Bremen 49	401	387	14
Bremen 50	513	391	122
Bremen 51	602	578	24
Bremen 52	365	329	36
Bremen 53	304	268	36
Bremen 54	403	320	83
Bremen 55	370	338	32
Bremen 56	514	490	24
Bremen 57	508	421	87
Bremen 58	594	507	87
Bremen 59	479	410	69
Bremen 60	393	349	44
Bremen 61	450	387	63
Bremen 62	506	438	68
Bremen 63	601	585	16
Bremen 64	585	501	84
Bremen 65	207	202	5
Bremen 66	391	375	16
Bremen 67	643	494	149
Bremen 68	307	241	66
Bremen 69	511	437	74
Bremen 70	298	277	21
Bremen 71	349	335	14
Bremen 72	333	280	53
Bremen 73	495	436	59
Bremen 74	517	448	69
Bremen 75	583	541	42
Bremen 76	404	317	87
Bremen 77	704	615	89
Bremen 78	429	412	17
Bremen 79	508	400	108
Bremen 80	429	417	12
Calumet 1	430	404	26
Calumet 2	411	377	34
Calumet 3	439	426	13
Calumet 4	379	366	13
Calumet 5	393	381	12
Calumet 6	659	631	28
Calumet 7	517	487	30
Calumet 8	300	286	14
Calumet 9	350	337	13
Calumet 10	480	472	8
Calumet 11	645	634	11
Calumet 12	337	320	17
Cicero 1	494	478	16
Cicero 2	241	234	7
Cicero 3	328	309	19
Cicero 4	357	340	17
Cicero 5	536	501	35
Cicero 6	446	414	32
Cicero 7	288	275	13
Cicero 8	246	232	14
Cicero 9	419	400	19
Cicero 10	510	488	22
Cicero 11	472	435	37
Cicero 12	382	358	24
Cicero 13	424	384	40
Cicero 14	403	372	31
Cicero 15	454	430	24
Cicero 16	327	305	22
Cicero 17	467	442	25
Cicero 18	259	246	13
Cicero 19	579	549	30
Cicero 20	304	282	22
Cicero 21	416	396	20
Cicero 22	338	323	15
Cicero 23	538	497	41
Cicero 24	474	458	16
Cicero 25	390	376	14
Cicero 26	300	283	17
Cicero 27	441	419	22
Cicero 28	406	386	20
Cicero 29	392	373	19
Cicero 30	368	358	10
Cicero 31	308	281	27
Cicero 32	365	347	18
Elk Grove 1	501	418	83
Elk Grove 2	432	394	38
Elk Grove 3	604	514	90
Elk Grove 4	507	436	71
Elk Grove 5	792	664	128
Elk Grove 6	392	331	61
Elk Grove 7	680	563	117
Elk Grove 8	484	378	106
Elk Grove 9	496	434	62
Elk Grove 10	823	644	179
Elk Grove 11	629	499	130
Elk Grove 12	372	301	71
Elk Grove 13	490	433	57
Elk Grove 14	603	504	99
Elk Grove 15	402	340	62
Elk Grove 16	622	497	125
Elk Grove 17	461	406	55
Elk Grove 18	716	608	108
Elk Grove 19	683	531	152
Elk Grove 20	565	471	94
Elk Grove 21	452	409	43
Elk Grove 22	503	451	52
Elk Grove 23	838	674	164
Elk Grove 24	451	368	83
Elk Grove 25	490	384	106
Elk Grove 26	427	359	68
Elk Grove 27	646	518	128
Elk Grove 28	459	390	69
Elk Grove 29	528	425	103
Elk Grove 30	484	383	101
Elk Grove 31	314	264	50
Elk Grove 32	334	298	36
Elk Grove 33	347	290	57
Elk Grove 34	951	747	204
Elk Grove 35	426	356	70
Elk Grove 36	323	292	31
Elk Grove 37	611	493	118
Elk Grove 38	328	306	22
Elk Grove 39	643	560	83
Elk Grove 40	455	408	47
Elk Grove 41	402	318	84
Elk Grove 42	426	393	33
Elk Grove 43	524	442	82
Elk Grove 44	448	355	93
Elk Grove 45	494	396	98
Elk Grove 46	433	337	96
Elk Grove 47	684	560	124
Elk Grove 48	384	295	89
Elk Grove 49	531	464	67
Elk Grove 50	276	255	21
Elk Grove 51	768	591	177
Elk Grove 52	265	231	34
Evanston Ward 1 Precinct 1	483	474	9
Evanston Ward 1 Precinct 2	710	668	42
Evanston Ward 1 Precinct 3	698	621	77
Evanston Ward 1 Precinct 4	999	910	89
Evanston Ward 2 Precinct 1	1259	1160	99
Evanston Ward 2 Precinct 2	487	465	22
Evanston Ward 2 Precinct 3	588	571	17
Evanston Ward 2 Precinct 4	793	772	21
Evanston Ward 2 Precinct 5	553	533	20
Evanston Ward 3 Precinct 1	750	675	75
Evanston Ward 3 Precinct 2	868	792	76
Evanston Ward 3 Precinct 3	783	729	54
Evanston Ward 3 Precinct 4	391	362	29
Evanston Ward 3 Precinct 5	805	761	44
Evanston Ward 3 Precinct 6	658	616	42
Evanston Ward 3 Precinct 7	610	568	42
Evanston Ward 4 Precinct 1	403	372	31
Evanston Ward 4 Precinct 2	639	588	51
Evanston Ward 4 Precinct 3	526	486	40
Evanston Ward 4 Precinct 4	1009	935	74
Evanston Ward 4 Precinct 5	375	357	18
Evanston Ward 4 Precinct 6	890	839	51
Evanston Ward 5 Precinct 1	553	540	13
Evanston Ward 5 Precinct 2	915	860	55
Evanston Ward 5 Precinct 3	624	601	23
Evanston Ward 5 Precinct 4	341	332	9
Evanston Ward 6 Precinct 1	1071	940	131
Evanston Ward 6 Precinct 2	545	493	52
Evanston Ward 6 Precinct 3	595	546	49
Evanston Ward 6 Precinct 4	737	673	64
Evanston Ward 6 Precinct 5	920	817	103
Evanston Ward 6 Precinct 6	515	453	62
Evanston Ward 6 Precinct 7	876	786	90
Evanston Ward 7 Precinct 1	1064	983	81
Evanston Ward 7 Precinct 2	1153	1036	117
Evanston Ward 7 Precinct 3	417	399	18
Evanston Ward 7 Precinct 4	521	483	38
Evanston Ward 7 Precinct 5	943	832	111
Evanston Ward 7 Precinct 6	46	45	1
Evanston Ward 8 Precinct 1	750	706	44
Evanston Ward 8 Precinct 2	575	555	20
Evanston Ward 8 Precinct 3	485	469	16
Evanston Ward 8 Precinct 4	676	629	47
Evanston Ward 8 Precinct 5	810	775	35
Evanston Ward 9 Precinct 1	541	517	24
Evanston Ward 9 Precinct 2	607	589	18
Evanston Ward 9 Precinct 3	930	881	49
Evanston Ward 9 Precinct 4	791	755	36
Evanston Ward 9 Precinct 5	471	438	33
Evanston Ward 9 Precinct 6	614	577	37
Hanover 1	741	616	125
Hanover 2	557	471	86
Hanover 3	242	215	27
Hanover 4	532	452	80
Hanover 5	509	435	74
Hanover 6	421	373	48
Hanover 7	560	488	72
Hanover 8	481	416	65
Hanover 9	561	434	127
Hanover 10	308	271	37
Hanover 11	495	459	36
Hanover 12	323	285	38
Hanover 13	374	325	49
Hanover 14	679	577	102
Hanover 15	382	329	53
Hanover 16	724	585	139
Hanover 17	400	345	55
Hanover 18	483	427	56
Hanover 19	497	373	124
Hanover 20	782	662	120
Hanover 21	338	253	85
Hanover 22	473	410	63
Hanover 23	555	473	82
Hanover 24	483	428	55
Hanover 25	517	437	80
Hanover 26	745	648	97
Hanover 27	1571	1259	312
Hanover 28	683	609	74
Hanover 29	305	281	24
Hanover 30	549	452	97
Hanover 31	467	343	124
Hanover 32	410	368	42
Hanover 33	513	450	63
Hanover 34	623	542	81
Hanover 35	510	448	62
Hanover 36	398	354	44
Hanover 37	716	621	95
Hanover 38	605	494	111
Hanover 39	598	520	78
Hanover 40	629	551	78
Hanover 41	818	704	114
Hanover 42	579	470	109
Hanover 43	599	530	69
Hanover 44	699	580	119
Lemont 1	606	408	198
Lemont 2	458	358	100
Lemont 3	737	538	199
Lemont 4	644	443	201
Lemont 5	601	493	108
Lemont 6	655	506	149
Lemont 7	537	461	76
Lemont 8	730	531	199
Lemont 9	415	263	152
Lemont 10	452	370	82
Lemont 11	870	627	243
Lemont 12	810	591	219
Lemont 13	792	580	212
Lemont 14	630	450	180
Leyden 1	324	300	24
Leyden 2	229	215	14
Leyden 3	579	516	63
Leyden 4	412	390	22
Leyden 5	447	402	45
Leyden 6	595	528	67
Leyden 7	259	228	31
Leyden 8	544	480	64
Leyden 9	698	603	95
Leyden 10	639	589	50
Leyden 11	503	429	74
Leyden 12	546	446	100
Leyden 13	527	474	53
Leyden 14	419	374	45
Leyden 15	541	473	68
Leyden 16	516	473	43
Leyden 17	410	369	41
Leyden 18	292	257	35
Leyden 19	504	436	68
Leyden 20	255	224	31
Leyden 21	296	280	16
Leyden 22	412	330	82
Leyden 23	945	743	202
Leyden 24	468	431	37
Leyden 25	309	262	47
Leyden 26	782	654	128
Leyden 27	112	94	18
Leyden 28	233	208	25
Leyden 29	322	294	28
Leyden 30	575	487	88
Leyden 31	495	444	51
Leyden 32	545	481	64
Leyden 33	473	416	57
Leyden 34	370	328	42
Leyden 35	236	215	21
Leyden 36	442	412	30
Leyden 37	310	268	42
Leyden 38	186	173	13
Leyden 39	345	319	26
Leyden 40	439	389	50
Leyden 41	253	232	21
Leyden 42	458	387	71
Leyden 43	356	322	34
Leyden 44	404	360	44
Leyden 45	363	321	42
Leyden 46	419	370	49
Leyden 47	404	357	47
Leyden 48	487	428	59
Leyden 49	708	622	86
Leyden 50	657	597	60
Lyons 1	69	54	15
Lyons 2	466	406	60
Lyons 3	440	379	61
Lyons 4	843	731	112
Lyons 5	564	472	92
Lyons 6	375	328	47
Lyons 7	489	447	42
Lyons 8	295	264	31
Lyons 9	701	570	131
Lyons 10	487	423	64
Lyons 11	468	365	103
Lyons 12	410	288	122
Lyons 13	211	205	6
Lyons 14	725	538	187
Lyons 15	658	519	139
Lyons 16	1050	857	193
Lyons 17	372	273	99
Lyons 18	501	390	111
Lyons 19	454	397	57
Lyons 20	964	740	224
Lyons 21	980	737	243
Lyons 22	320	291	29
Lyons 23	626	482	144
Lyons 24	499	357	142
Lyons 25	527	431	96
Lyons 26	400	292	108
Lyons 27	563	370	193
Lyons 28	723	572	151
Lyons 29	393	343	50
Lyons 30	93	71	22
Lyons 31	562	405	157
Lyons 32	256	217	39
Lyons 33	201	173	28
Lyons 34	249	207	42
Lyons 35	431	362	69
Lyons 36	561	390	171
Lyons 37	350	313	37
Lyons 38	227	185	42
Lyons 39	595	449	146
Lyons 40	487	406	81
Lyons 41	348	258	90
Lyons 42	571	429	142
Lyons 43	523	398	125
Lyons 44	924	700	224
Lyons 45	786	675	111
Lyons 46	448	360	88
Lyons 47	594	464	130
Lyons 48	483	421	62
Lyons 49	368	295	73
Lyons 50	638	544	94
Lyons 51	363	311	52
Lyons 52	611	501	110
Lyons 53	562	436	126
Lyons 54	306	244	62
Lyons 55	661	500	161
Lyons 56	627	561	66
Lyons 57	497	464	33
Lyons 58	351	317	34
Lyons 59	405	350	55
Lyons 60	657	626	31
Lyons 61	569	433	136
Lyons 62	274	191	83
Lyons 63	774	531	243
Lyons 64	444	405	39
Lyons 65	626	527	99
Lyons 66	333	284	49
Lyons 67	537	465	72
Lyons 68	363	319	44
Lyons 69	778	584	194
Lyons 70	372	355	17
Lyons 71	197	183	14
Lyons 72	764	594	170
Lyons 73	527	461	66
Lyons 74	251	214	37
Lyons 75	322	284	38
Lyons 76	375	313	62
Lyons 77	352	304	48
Lyons 78	381	290	91
Maine 1	362	299	63
Maine 2	399	348	51
Maine 3	231	205	26
Maine 4	566	442	124
Maine 5	560	513	47
Maine 6	787	653	134
Maine 7	388	330	58
Maine 8	600	489	111
Maine 9	842	728	114
Maine 10	432	349	83
Maine 11	359	306	53
Maine 12	396	323	73
Maine 13	533	451	82
Maine 14	690	588	102
Maine 15	301	264	37
Maine 16	383	311	72
Maine 17	528	442	86
Maine 18	476	410	66
Maine 19	348	295	53
Maine 20	323	251	72
Maine 21	747	557	190
Maine 22	737	588	149
Maine 23	425	358	67
Maine 24	781	604	177
Maine 25	644	495	149
Maine 26	484	406	78
Maine 27	400	322	78
Maine 28	230	213	17
Maine 29	863	652	211
Maine 30	1361	1007	354
Maine 31	516	439	77
Maine 32	341	263	78
Maine 33	309	294	15
Maine 34	640	562	78
Maine 35	480	431	49
Maine 36	547	399	148
Maine 37	631	443	188
Maine 38	395	333	62
Maine 39	475	393	82
Maine 40	446	375	71
Maine 41	424	351	73
Maine 42	828	654	174
Maine 43	478	335	143
Maine 44	375	303	72
Maine 45	208	193	15
Maine 46	533	434	99
Maine 47	540	457	83
Maine 48	664	555	109
Maine 49	487	413	74
Maine 50	550	427	123
Maine 51	447	390	57
Maine 52	505	443	62
Maine 53	442	388	54
Maine 54	608	460	148
Maine 55	434	347	87
Maine 56	631	518	113
Maine 57	297	267	30
Maine 58	543	413	130
Maine 59	514	416	98
Maine 60	940	688	252
Maine 61	325	271	54
Maine 62	255	229	26
Maine 63	373	317	56
Maine 64	402	314	88
Maine 65	395	294	101
Maine 66	239	204	35
Maine 67	795	589	206
Maine 68	385	319	66
Maine 69	451	380	71
Maine 70	504	455	49
Maine 71	259	224	35
Maine 72	428	338	90
Maine 73	172	132	40
Maine 74	445	376	69
Maine 75	431	355	76
Maine 76	299	254	45
Maine 77	804	646	158
Maine 78	395	358	37
Maine 79	421	381	40
Maine 80	505	428	77
Maine 81	277	214	63
Maine 82	493	401	92
Maine 83	396	294	102
Maine 84	258	219	39
Maine 85	307	237	70
Maine 86	411	374	37
Maine 87	372	289	83
Maine 88	380	266	114
Maine 89	331	295	36
Maine 90	276	231	45
Maine 91	768	628	140
Maine 92	337	295	42
New Trier 1	965	773	192
New Trier 2	1007	834	173
New Trier 3	685	567	118
New Trier 4	834	678	156
New Trier 5	545	446	99
New Trier 6	467	379	88
New Trier 7	671	518	153
New Trier 8	556	410	146
New Trier 9	715	522	193
New Trier 10	661	484	177
New Trier 11	806	591	215
New Trier 12	738	558	180
New Trier 13	884	749	135
New Trier 14	786	578	208
New Trier 15	913	686	227
New Trier 16	905	642	263
New Trier 17	638	543	95
New Trier 18	533	368	165
New Trier 19	483	307	176
New Trier 20	883	737	146
New Trier 21	720	630	90
New Trier 22	636	459	177
New Trier 23	690	455	235
New Trier 24	774	692	82
New Trier 25	594	457	137
New Trier 26	508	426	82
New Trier 27	669	554	115
New Trier 28	549	422	127
New Trier 29	621	476	145
New Trier 30	806	581	225
New Trier 31	724	591	133
New Trier 32	623	512	111
New Trier 33	808	682	126
New Trier 34	534	457	77
New Trier 35	428	331	97
New Trier 36	888	703	185
New Trier 37	680	559	121
New Trier 38	701	587	114
New Trier 39	483	401	82
New Trier 40	424	310	114
New Trier 41	558	408	150
Niles 1	600	499	101
Niles 2	625	548	77
Niles 3	927	696	231
Niles 4	417	353	64
Niles 5	338	271	67
Niles 6	532	392	140
Niles 7	804	725	79
Niles 8	292	257	35
Niles 9	406	342	64
Niles 10	575	506	69
Niles 11	321	277	44
Niles 12	382	365	17
Niles 13	649	564	85
Niles 14	726	667	59
Niles 15	591	539	52
Niles 16	736	665	71
Niles 17	689	622	67
Niles 18	365	325	40
Niles 19	623	530	93
Niles 20	518	464	54
Niles 21	845	777	68
Niles 22	488	454	34
Niles 23	581	510	71
Niles 24	624	570	54
Niles 25	340	309	31
Niles 26	608	523	85
Niles 27	459	429	30
Niles 28	680	574	106
Niles 29	374	318	56
Niles 30	423	357	66
Niles 31	621	563	58
Niles 32	278	253	25
Niles 33	658	610	48
Niles 34	520	469	51
Niles 35	642	569	73
Niles 36	353	333	20
Niles 37	564	509	55
Niles 38	885	770	115
Niles 39	653	581	72
Niles 40	281	244	37
Niles 41	631	576	55
Niles 42	509	470	39
Niles 43	709	626	83
Niles 44	646	606	40
Niles 45	449	401	48
Niles 46	656	581	75
Niles 47	350	317	33
Niles 48	484	449	35
Niles 49	806	736	70
Niles 50	648	568	80
Niles 51	297	260	37
Niles 52	443	382	61
Niles 53	804	722	82
Niles 54	372	320	52
Niles 55	386	369	17
Niles 56	734	603	131
Niles 57	657	577	80
Niles 58	604	533	71
Niles 59	839	720	119
Niles 60	705	644	61
Niles 61	706	651	55
Niles 62	338	305	33
Niles 63	705	640	65
Niles 64	731	642	89
Northfield 1	651	588	63
Northfield 2	628	509	119
Northfield 3	463	411	52
Northfield 4	574	446	128
Northfield 5	430	355	75
Northfield 6	670	462	208
Northfield 7	856	673	183
Northfield 8	695	516	179
Northfield 9	480	361	119
Northfield 10	528	453	75
Northfield 11	381	305	76
Northfield 12	1049	811	238
Northfield 13	536	422	114
Northfield 14	529	436	93
Northfield 15	497	406	91
Northfield 16	747	614	133
Northfield 17	541	435	106
Northfield 18	866	736	130
Northfield 19	700	553	147
Northfield 20	654	529	125
Northfield 21	922	733	189
Northfield 22	696	578	118
Northfield 23	521	371	150
Northfield 24	598	489	109
Northfield 25	585	483	102
Northfield 26	555	475	80
Northfield 27	579	516	63
Northfield 28	976	815	161
Northfield 29	545	438	107
Northfield 30	714	560	154
Northfield 31	788	598	190
Northfield 32	873	751	122
Northfield 33	327	288	39
Northfield 34	472	387	85
Northfield 35	656	481	175
Northfield 36	460	370	90
Northfield 37	726	538	188
Northfield 38	513	421	92
Northfield 39	334	280	54
Northfield 40	393	320	73
Northfield 41	578	485	93
Northfield 42	572	454	118
Northfield 43	659	572	87
Northfield 44	478	407	71
Northfield 45	814	628	186
Northfield 46	873	716	157
Northfield 47	797	663	134
Northfield 48	610	507	103
Northfield 49	485	406	79
Northfield 50	762	619	143
Northfield 51	1563	1229	334
Northfield 52	609	492	117
Northfield 53	669	552	117
Northfield 54	501	443	58
Northfield 55	581	520	61
Northfield 56	845	713	132
Northfield 57	428	356	72
Northfield 58	345	277	68
Northfield 59	544	463	81
Northfield 60	793	691	102
Northfield 61	494	371	123
Northfield 62	738	594	144
Norwood Park 1	465	413	52
Norwood Park 2	527	453	74
Norwood Park 3	644	514	130
Norwood Park 4	639	551	88
Norwood Park 5	462	384	78
Norwood Park 6	668	572	96
Norwood Park 7	406	320	86
Norwood Park 8	321	281	40
Norwood Park 9	315	263	52
Norwood Park 10	372	297	75
Norwood Park 11	813	625	188
Norwood Park 12	436	379	57
Norwood Park 13	372	303	69
Norwood Park 14	467	380	87
Norwood Park 15	377	317	60
Norwood Park 16	336	294	42
Norwood Park 17	463	392	71
Oak Park 1	527	494	33
Oak Park 2	947	825	122
Oak Park 3	959	876	83
Oak Park 4	829	708	121
Oak Park 5	843	738	105
Oak Park 6	900	854	46
Oak Park 7	584	516	68
Oak Park 8	716	673	43
Oak Park 9	458	438	20
Oak Park 10	712	660	52
Oak Park 11	659	612	47
Oak Park 12	414	383	31
Oak Park 13	708	670	38
Oak Park 14	817	702	115
Oak Park 15	911	864	47
Oak Park 16	1060	952	108
Oak Park 17	1086	998	88
Oak Park 18	700	594	106
Oak Park 19	777	726	51
Oak Park 20	1034	945	89
Oak Park 21	531	511	20
Oak Park 22	538	500	38
Oak Park 23	744	665	79
Oak Park 24	540	470	70
Oak Park 25	702	651	51
Oak Park 26	650	600	50
Oak Park 27	215	195	20
Oak Park 28	942	884	58
Oak Park 29	698	631	67
Oak Park 30	831	786	45
Oak Park 31	1144	1065	79
Oak Park 32	479	450	29
Oak Park 33	646	615	31
Oak Park 34	624	558	66
Oak Park 35	902	801	101
Oak Park 36	902	819	83
Oak Park 37	484	442	42
Orland 1	805	662	143
Orland 2	637	506	131
Orland 3	298	260	38
Orland 4	391	295	96
Orland 5	395	323	72
Orland 6	350	300	50
Orland 7	296	242	54
Orland 8	410	347	63
Orland 9	606	487	119
Orland 10	575	460	115
Orland 11	375	300	75
Orland 12	251	209	42
Orland 13	772	650	122
Orland 14	544	468	76
Orland 15	744	550	194
Orland 16	546	369	177
Orland 17	372	326	46
Orland 18	697	536	161
Orland 19	371	296	75
Orland 20	308	230	78
Orland 21	695	508	187
Orland 22	510	415	95
Orland 23	445	342	103
Orland 24	487	390	97
Orland 25	888	714	174
Orland 26	438	375	63
Orland 27	370	303	67
Orland 28	392	269	123
Orland 29	822	584	238
Orland 30	357	291	66
Orland 31	384	333	51
Orland 32	335	262	73
Orland 33	440	338	102
Orland 34	613	492	121
Orland 35	566	438	128
Orland 36	630	540	90
Orland 37	610	490	120
Orland 38	300	245	55
Orland 39	468	373	95
Orland 40	595	491	104
Orland 41	483	386	97
Orland 42	626	495	131
Orland 43	482	396	86
Orland 44	462	367	95
Orland 45	520	386	134
Orland 46	400	347	53
Orland 47	782	600	182
Orland 48	524	420	104
Orland 49	396	330	66
Orland 50	434	368	66
Orland 51	652	501	151
Orland 52	571	422	149
Orland 53	457	325	132
Orland 54	774	575	199
Orland 55	426	327	99
Orland 56	487	322	165
Orland 57	571	425	146
Orland 58	566	474	92
Orland 59	557	431	126
Orland 60	402	312	90
Orland 61	453	336	117
Orland 62	582	443	139
Orland 63	598	455	143
Orland 64	735	545	190
Orland 65	516	384	132
Orland 66	504	388	116
Orland 67	344	281	63
Orland 68	454	350	104
Orland 69	284	258	26
Orland 70	697	563	134
Orland 71	542	392	150
Orland 72	435	352	83
Orland 73	708	570	138
Orland 74	359	290	69
Orland 75	695	486	209
Palatine 1	446	361	85
Palatine 2	826	662	164
Palatine 3	511	345	166
Palatine 4	318	296	22
Palatine 5	747	631	116
Palatine 6	679	554	125
Palatine 7	654	563	91
Palatine 8	686	567	119
Palatine 9	575	397	178
Palatine 10	774	541	233
Palatine 11	512	432	80
Palatine 12	570	407	163
Palatine 13	520	440	80
Palatine 14	561	484	77
Palatine 15	682	545	137
Palatine 16	365	342	23
Palatine 17	605	517	88
Palatine 18	432	373	59
Palatine 19	638	502	136
Palatine 20	482	454	28
Palatine 21	721	612	109
Palatine 22	567	472	95
Palatine 23	465	302	163
Palatine 24	727	624	103
Palatine 25	504	412	92
Palatine 26	769	633	136
Palatine 27	418	362	56
Palatine 28	431	339	92
Palatine 29	759	626	133
Palatine 30	472	389	83
Palatine 31	458	367	91
Palatine 32	608	454	154
Palatine 33	360	325	35
Palatine 34	789	608	181
Palatine 35	540	431	109
Palatine 36	514	417	97
Palatine 37	672	576	96
Palatine 38	591	421	170
Palatine 39	810	678	132
Palatine 40	895	678	217
Palatine 41	786	614	172
Palatine 42	763	616	147
Palatine 43	556	446	110
Palatine 44	780	528	252
Palatine 45	505	391	114
Palatine 46	677	529	148
Palatine 47	606	520	86
Palatine 48	529	380	149
Palatine 49	441	311	130
Palatine 50	879	715	164
Palatine 51	344	279	65
Palatine 52	619	452	167
Palatine 53	460	376	84
Palatine 54	780	616	164
Palatine 55	435	343	92
Palatine 56	674	548	126
Palatine 57	798	679	119
Palatine 58	481	417	64
Palatine 59	779	656	123
Palatine 60	527	468	59
Palatine 61	341	299	42
Palatine 62	448	403	45
Palatine 63	601	481	120
Palatine 64	551	470	81
Palatine 65	512	400	112
Palatine 66	644	574	70
Palatine 67	534	340	194
Palatine 68	524	398	126
Palatine 69	585	475	110
Palos 1	370	254	116
Palos 2	449	340	109
Palos 3	455	358	97
Palos 4	390	338	52
Palos 5	327	263	64
Palos 6	262	232	30
Palos 7	546	461	85
Palos 8	215	182	33
Palos 9	437	323	114
Palos 10	689	470	219
Palos 11	551	416	135
Palos 12	465	388	77
Palos 13	549	363	186
Palos 14	341	268	73
Palos 15	544	395	149
Palos 16	731	539	192
Palos 17	597	496	101
Palos 18	591	494	97
Palos 19	600	484	116
Palos 20	579	475	104
Palos 21	345	286	59
Palos 22	91	75	16
Palos 23	329	282	47
Palos 24	353	232	121
Palos 25	402	376	26
Palos 26	314	255	59
Palos 27	534	438	96
Palos 28	385	363	22
Palos 29	608	431	177
Palos 30	622	492	130
Palos 31	564	458	106
Palos 32	252	214	38
Palos 33	657	513	144
Palos 34	366	306	60
Palos 35	663	538	125
Palos 36	592	495	97
Palos 37	629	458	171
Palos 38	490	392	98
Palos 39	669	489	180
Proviso 1	410	384	26
Proviso 2	381	360	21
Proviso 3	576	538	38
Proviso 4	483	474	9
Proviso 5	499	489	10
Proviso 6	416	361	55
Proviso 7	120	108	12
Proviso 8	340	319	21
Proviso 9	438	419	19
Proviso 10	344	320	24
Proviso 11	355	332	23
Proviso 12	523	473	50
Proviso 13	485	448	37
Proviso 14	318	300	18
Proviso 15	395	372	23
Proviso 16	454	430	24
Proviso 17	324	316	8
Proviso 18	616	595	21
Proviso 19	491	476	15
Proviso 20	431	424	7
Proviso 21	470	404	66
Proviso 22	392	386	6
Proviso 23	239	203	36
Proviso 24	850	695	155
Proviso 25	686	565	121
Proviso 26	710	591	119
Proviso 27	630	559	71
Proviso 28	605	511	94
Proviso 29	761	665	96
Proviso 30	549	509	40
Proviso 31	317	309	8
Proviso 32	684	594	90
Proviso 33	559	543	16
Proviso 34	822	785	37
Proviso 35	675	564	111
Proviso 36	487	475	12
Proviso 37	332	324	8
Proviso 38	461	436	25
Proviso 39	579	547	32
Proviso 40	495	476	19
Proviso 41	413	397	16
Proviso 42	316	307	9
Proviso 43	327	317	10
Proviso 44	354	350	4
Proviso 45	440	427	13
Proviso 46	172	138	34
Proviso 47	270	264	6
Proviso 48	591	555	36
Proviso 49	382	359	23
Proviso 50	759	700	59
Proviso 51	606	530	76
Proviso 52	334	324	10
Proviso 53	490	482	8
Proviso 54	875	765	110
Proviso 55	548	447	101
Proviso 56	370	349	21
Proviso 57	488	447	41
Proviso 58	306	294	12
Proviso 59	457	419	38
Proviso 60	358	338	20
Proviso 61	630	586	44
Proviso 62	671	628	43
Proviso 63	659	552	107
Proviso 64	492	476	16
Proviso 65	438	412	26
Proviso 66	714	666	48
Proviso 67	840	775	65
Proviso 68	392	340	52
Proviso 69	379	367	12
Proviso 70	486	388	98
Proviso 71	846	773	73
Proviso 72	507	471	36
Proviso 73	534	485	49
Proviso 74	609	563	46
Proviso 75	641	577	64
Proviso 76	655	615	40
Proviso 77	347	299	48
Proviso 78	139	134	5
Proviso 79	417	400	17
Proviso 80	297	275	22
Proviso 81	416	388	28
Proviso 82	676	650	26
Proviso 83	587	572	15
Proviso 84	409	336	73
Proviso 85	625	538	87
Proviso 86	464	451	13
Proviso 87	513	469	44
Proviso 88	218	201	17
Proviso 89	450	396	54
Proviso 90	898	785	113
Proviso 91	423	390	33
Proviso 92	724	635	89
Proviso 93	402	363	39
Proviso 94	424	410	14
Proviso 95	402	370	32
Proviso 96	328	292	36
Proviso 97	793	660	133
Proviso 98	520	462	58
Proviso 99	496	479	17
Proviso 100	656	568	88
Proviso 101	507	456	51
Proviso 102	669	588	81
Rich 1	1806	1733	73
Rich 2	574	534	40
Rich 3	823	741	82
Rich 4	458	437	21
Rich 5	711	664	47
Rich 6	807	756	51
Rich 7	536	483	53
Rich 8	883	856	27
Rich 9	727	700	27
Rich 10	435	411	24
Rich 11	554	519	35
Rich 12	658	629	29
Rich 13	318	303	15
Rich 14	457	433	24
Rich 15	900	865	35
Rich 16	430	395	35
Rich 17	481	449	32
Rich 18	597	580	17
Rich 19	378	333	45
Rich 20	877	725	152
Rich 21	667	631	36
Rich 22	534	493	41
Rich 23	781	756	25
Rich 24	631	604	27
Rich 25	839	806	33
Rich 26	627	590	37
Rich 27	628	600	28
Rich 28	459	443	16
Rich 29	625	544	81
Rich 30	779	743	36
Rich 31	507	423	84
Rich 32	736	704	32
Rich 33	505	409	96
Rich 34	547	524	23
Rich 35	440	395	45
Rich 36	1359	1306	53
Rich 37	454	437	17
Rich 38	523	505	18
Rich 39	633	589	44
Rich 40	509	489	20
Rich 41	378	353	25
Rich 42	541	529	12
Rich 43	626	616	10
Rich 44	433	417	16
Rich 45	758	695	63
Rich 46	808	790	18
Rich 47	848	808	40
Rich 48	615	594	21
Rich 49	526	493	33
Rich 50	268	232	36
Rich 51	519	502	17
River Forest 1	926	732	194
River Forest 2	614	446	168
River Forest 3	632	542	90
River Forest 4	752	618	134
River Forest 5	499	416	83
River Forest 6	466	382	84
River Forest 7	660	545	115
River Forest 8	849	723	126
Riverside 1	701	566	135
Riverside 2	59	47	12
Riverside 3	412	346	66
Riverside 4	823	668	155
Riverside 5	407	361	46
Riverside 6	501	430	71
Riverside 7	430	368	62
Riverside 8	762	632	130
Riverside 9	530	429	101
Riverside 10	730	550	180
Riverside 11	796	656	140
Riverside 12	408	356	52
Riverside 13	614	534	80
Schaumburg 1	876	766	110
Schaumburg 2	777	691	86
Schaumburg 3	546	461	85
Schaumburg 4	327	300	27
Schaumburg 5	344	308	36
Schaumburg 6	451	393	58
Schaumburg 7	348	318	30
Schaumburg 8	435	387	48
Schaumburg 9	466	423	43
Schaumburg 10	352	317	35
Schaumburg 11	498	409	89
Schaumburg 12	539	455	84
Schaumburg 13	403	343	60
Schaumburg 14	626	511	115
Schaumburg 15	552	475	77
Schaumburg 16	617	538	79
Schaumburg 17	570	449	121
Schaumburg 18	457	412	45
Schaumburg 19	393	341	52
Schaumburg 20	425	364	61
Schaumburg 21	731	610	121
Schaumburg 22	572	527	45
Schaumburg 23	572	497	75
Schaumburg 24	650	528	122
Schaumburg 25	528	457	71
Schaumburg 26	592	507	85
Schaumburg 27	468	406	62
Schaumburg 28	643	559	84
Schaumburg 29	650	548	102
Schaumburg 30	499	398	101
Schaumburg 31	716	614	102
Schaumburg 32	702	614	88
Schaumburg 33	457	388	69
Schaumburg 34	569	520	49
Schaumburg 35	380	328	52
Schaumburg 36	377	338	39
Schaumburg 37	389	338	51
Schaumburg 38	503	447	56
Schaumburg 39	804	663	141
Schaumburg 40	498	419	79
Schaumburg 41	470	391	79
Schaumburg 42	569	521	48
Schaumburg 43	453	422	31
Schaumburg 44	598	556	42
Schaumburg 45	555	497	58
Schaumburg 46	387	336	51
Schaumburg 47	524	450	74
Schaumburg 48	437	374	63
Schaumburg 49	374	334	40
Schaumburg 50	435	330	105
Schaumburg 51	415	379	36
Schaumburg 52	756	620	136
Schaumburg 53	538	450	88
Schaumburg 54	644	486	158
Schaumburg 55	479	411	68
Schaumburg 56	599	497	102
Schaumburg 57	712	575	137
Schaumburg 58	346	294	52
Schaumburg 59	723	573	150
Schaumburg 60	377	347	30
Schaumburg 61	792	691	101
Schaumburg 62	606	559	47
Schaumburg 63	495	395	100
Schaumburg 64	496	410	86
Schaumburg 65	393	331	62
Schaumburg 66	486	398	88
Schaumburg 67	503	429	74
Schaumburg 68	486	403	83
Schaumburg 69	464	401	63
Schaumburg 70	464	358	106
Schaumburg 71	495	420	75
Schaumburg 72	462	377	85
Schaumburg 73	631	507	124
Schaumburg 74	425	334	91
Schaumburg 75	485	392	93
Schaumburg 76	532	426	106
Schaumburg 77	672	580	92
Schaumburg 78	426	379	47
Stickney 1	254	219	35
Stickney 2	356	326	30
Stickney 3	674	582	92
Stickney 4	536	482	54
Stickney 5	593	524	69
Stickney 6	657	580	77
Stickney 7	278	250	28
Stickney 8	451	396	55
Stickney 9	441	391	50
Stickney 10	543	494	49
Stickney 11	518	436	82
Stickney 12	476	419	57
Stickney 13	404	371	33
Stickney 14	575	498	77
Stickney 15	534	472	62
Stickney 16	592	536	56
Stickney 17	345	299	46
Stickney 18	252	225	27
Stickney 19	414	361	53
Stickney 20	393	363	30
Thornton 1	275	269	6
Thornton 2	223	212	11
Thornton 3	426	403	23
Thornton 4	546	509	37
Thornton 5	332	320	12
Thornton 6	591	570	21
Thornton 7	453	441	12
Thornton 8	440	420	20
Thornton 9	259	249	10
Thornton 10	440	414	26
Thornton 11	249	235	14
Thornton 12	373	353	20
Thornton 13	434	393	41
Thornton 14	496	442	54
Thornton 15	442	417	25
Thornton 16	476	411	65
Thornton 17	532	490	42
Thornton 18	699	591	108
Thornton 19	579	525	54
Thornton 20	351	291	60
Thornton 21	675	633	42
Thornton 22	430	411	19
Thornton 23	435	413	22
Thornton 24	569	490	79
Thornton 25	522	442	80
Thornton 26	449	412	37
Thornton 27	609	576	33
Thornton 28	345	331	14
Thornton 29	265	255	10
Thornton 30	258	254	4
Thornton 31	131	123	8
Thornton 32	329	321	8
Thornton 33	421	409	12
Thornton 34	677	638	39
Thornton 35	665	634	31
Thornton 36	233	225	8
Thornton 37	554	473	81
Thornton 38	652	627	25
Thornton 39	346	334	12
Thornton 40	324	309	15
Thornton 41	320	304	16
Thornton 42	300	288	12
Thornton 43	429	374	55
Thornton 44	307	299	8
Thornton 45	407	390	17
Thornton 46	503	486	17
Thornton 47	375	322	53
Thornton 48	413	402	11
Thornton 49	231	227	4
Thornton 50	380	353	27
Thornton 51	423	376	47
Thornton 52	446	431	15
Thornton 53	314	305	9
Thornton 54	733	695	38
Thornton 55	333	317	16
Thornton 56	458	427	31
Thornton 57	385	321	64
Thornton 58	528	501	27
Thornton 59	338	322	16
Thornton 60	288	277	11
Thornton 61	306	292	14
Thornton 62	162	145	17
Thornton 63	241	226	15
Thornton 64	421	411	10
Thornton 65	604	532	72
Thornton 66	732	677	55
Thornton 67	661	579	82
Thornton 68	501	445	56
Thornton 69	312	300	12
Thornton 70	222	211	11
Thornton 71	255	245	10
Thornton 72	449	429	20
Thornton 73	665	641	24
Thornton 74	479	470	9
Thornton 75	440	422	18
Thornton 76	507	490	17
Thornton 77	688	651	37
Thornton 78	506	498	8
Thornton 79	602	564	38
Thornton 80	433	416	17
Thornton 81	425	408	17
Thornton 82	420	348	72
Thornton 83	611	584	27
Thornton 84	613	585	28
Thornton 85	407	394	13
Thornton 86	403	394	9
Thornton 87	622	601	21
Thornton 88	450	432	18
Thornton 89	637	609	28
Thornton 90	500	478	22
Thornton 91	466	437	29
Thornton 92	518	485	33
Thornton 93	311	305	6
Thornton 94	543	516	27
Thornton 95	330	322	8
Thornton 96	341	323	18
Thornton 97	205	193	12
Thornton 98	155	148	7
Thornton 99	391	373	18
Thornton 100	273	254	19
Thornton 101	377	369	8
Thornton 102	242	233	9
Thornton 103	258	251	7
Thornton 104	171	164	7
Thornton 105	401	380	21
Thornton 106	316	307	9
Thornton 107	660	631	29
Thornton 108	255	241	14
Thornton 109	305	295	10
Thornton 110	277	260	17
Thornton 111	325	310	15
Thornton 112	239	224	15
Thornton 113	221	212	9
Thornton 114	491	425	66
Thornton 115	459	440	19
Thornton 116	498	484	14
Thornton 117	571	488	83
Thornton 118	491	443	48
Thornton 119	425	413	12
Thornton 120	756	722	34
Thornton 121	362	332	30
Thornton 122	643	601	42
Thornton 123	330	313	17
Wheeling 1	502	443	59
Wheeling 2	441	362	79
Wheeling 3	602	492	110
Wheeling 4	417	354	63
Wheeling 5	564	457	107
Wheeling 6	377	336	41
Wheeling 7	838	688	150
Wheeling 8	427	343	84
Wheeling 9	409	364	45
Wheeling 10	750	593	157
Wheeling 11	726	583	143
Wheeling 12	815	658	157
Wheeling 13	539	408	131
Wheeling 14	496	382	114
Wheeling 15	555	462	93
Wheeling 16	210	195	15
Wheeling 17	492	435	57
Wheeling 18	527	449	78
Wheeling 19	770	636	134
Wheeling 20	670	530	140
Wheeling 21	440	339	101
Wheeling 22	668	556	112
Wheeling 23	574	403	171
Wheeling 24	463	369	94
Wheeling 25	704	599	105
Wheeling 26	860	701	159
Wheeling 27	850	696	154
Wheeling 28	822	639	183
Wheeling 29	343	288	55
Wheeling 30	816	633	183
Wheeling 31	420	348	72
Wheeling 32	412	328	84
Wheeling 33	289	271	18
Wheeling 34	771	602	169
Wheeling 35	552	441	111
Wheeling 36	905	723	182
Wheeling 37	580	503	77
Wheeling 38	659	579	80
Wheeling 39	639	542	97
Wheeling 40	608	486	122
Wheeling 41	996	775	221
Wheeling 42	757	620	137
Wheeling 43	537	460	77
Wheeling 44	696	548	148
Wheeling 45	492	391	101
Wheeling 46	938	748	190
Wheeling 47	455	405	50
Wheeling 48	492	411	81
Wheeling 49	634	559	75
Wheeling 50	442	396	46
Wheeling 51	675	551	124
Wheeling 52	502	410	92
Wheeling 53	681	506	175
Wheeling 54	727	531	196
Wheeling 55	574	499	75
Wheeling 56	515	425	90
Wheeling 57	697	546	151
Wheeling 58	473	388	85
Wheeling 59	628	529	99
Wheeling 60	430	375	55
Wheeling 61	736	554	182
Wheeling 62	664	546	118
Wheeling 63	433	379	54
Wheeling 64	818	729	89
Wheeling 65	768	613	155
Wheeling 66	737	620	117
Wheeling 67	366	316	50
Wheeling 68	364	275	89
Wheeling 69	567	472	95
Wheeling 70	777	666	111
Wheeling 71	934	753	181
Wheeling 72	565	472	93
Wheeling 73	560	486	74
Wheeling 74	408	357	51
Wheeling 75	588	474	114
Wheeling 76	641	582	59
Wheeling 77	214	195	19
Wheeling 78	888	727	161
Wheeling 79	518	440	78
Wheeling 80	424	383	41
Wheeling 81	491	380	111
Wheeling 82	787	656	131
Wheeling 83	912	728	184
Wheeling 84	719	624	95
Wheeling 85	471	378	93
Wheeling 86	687	537	150
Wheeling 87	571	474	97
Wheeling 88	635	536	99
Wheeling 89	353	307	46
Wheeling 90	573	463	110
Wheeling 91	732	627	105
Wheeling 92	913	712	201
Worth 1	272	238	34
Worth 2	583	481	102
Worth 3	561	457	104
Worth 4	689	638	51
Worth 5	575	467	108
Worth 6	529	464	65
Worth 7	537	401	136
Worth 8	566	517	49
Worth 9	591	513	78
Worth 10	656	606	50
Worth 11	543	448	95
Worth 12	326	293	33
Worth 13	589	518	71
Worth 14	476	435	41
Worth 15	695	624	71
Worth 16	669	560	109
Worth 17	551	508	43
Worth 18	439	315	124
Worth 19	533	453	80
Worth 20	359	325	34
Worth 21	703	612	91
Worth 22	428	369	59
Worth 23	566	468	98
Worth 24	258	242	16
Worth 25	619	538	81
Worth 26	393	352	41
Worth 27	442	366	76
Worth 28	358	335	23
Worth 29	444	407	37
Worth 30	558	475	83
Worth 31	661	605	56
Worth 32	372	315	57
Worth 33	473	406	67
Worth 34	488	450	38
Worth 35	585	509	76
Worth 36	569	506	63
Worth 37	408	382	26
Worth 38	597	546	51
Worth 39	509	424	85
Worth 40	553	491	62
Worth 41	299	253	46
Worth 42	442	381	61
Worth 43	313	302	11
Worth 44	333	295	38
Worth 45	452	382	70
Worth 46	663	562	101
Worth 47	289	255	34
Worth 48	399	324	75
Worth 49	335	283	52
Worth 50	597	521	76
Worth 51	354	287	67
Worth 52	338	277	61
Worth 53	526	478	48
Worth 54	563	509	54
Worth 55	269	239	30
Worth 56	538	422	116
Worth 57	596	522	74
Worth 58	582	491	91
Worth 59	676	637	39
Worth 60	310	245	65
Worth 61	432	359	73
Worth 62	312	263	49
Worth 63	517	447	70
Worth 64	768	603	165
Worth 65	823	627	196
Worth 66	379	296	83
Worth 67	316	259	57
Worth 68	427	389	38
Worth 69	623	569	54
Worth 70	632	535	97
Worth 71	421	345	76
Worth 72	600	523	77
Worth 73	338	312	26
Worth 74	270	228	42
Worth 75	607	518	89
Worth 76	243	207	36
Worth 77	527	450	77
Worth 78	636	556	80
Worth 79	362	283	79
Worth 80	601	557	44
Worth 81	395	325	70
Worth 82	515	462	53
Worth 83	226	210	16
Worth 84	529	446	83
Worth 85	539	471	68
Worth 86	494	434	60
Worth 87	457	393	64
Worth 88	313	272	41
Worth 89	721	534	187
Worth 90	543	483	60
Worth 91	298	256	42
Worth 92	537	457	80
Worth 93	297	258	39
Worth 94	560	482	78
Worth 95	586	453	133
Worth 96	632	579	53
Worth 97	439	414	25
Worth 98	573	474	99
Worth 99	318	260	58
Worth 100	542	444	98
