Precinct	total_votes	votes|M. Cameron ''Cam'' Davis	votes|Geoffrey Cubbage
01001	551	397	154
01002	445	333	112
01003	582	464	118
01004	569	437	132
01005	604	465	139
01006	490	360	130
01007	384	269	115
01008	430	343	87
01009	393	290	103
01010	657	515	142
01011	611	432	179
01012	594	433	161
01013	239	174	65
01014	475	384	91
01015	458	327	131
01016	621	467	154
01017	445	325	120
01018	495	354	141
01019	581	418	163
01020	408	292	116
01021	707	550	157
01022	334	261	73
01023	722	501	221
01024	438	332	106
01025	500	354	146
01026	327	256	71
01027	558	430	128
01028	113	107	6
01029	618	477	141
01030	542	396	146
01031	467	359	108
01032	492	365	127
01033	586	432	154
01034	419	302	117
01035	611	447	164
01036	530	394	136
01037	510	370	140
01038	468	345	123
01039	439	334	105
01040	488	369	119
01041	306	217	89
01042	164	117	47
01043	325	254	71
01044	469	328	141
02001	591	423	168
02002	389	306	83
02003	602	462	140
02004	460	343	117
02005	628	459	169
02006	501	358	143
02007	472	350	122
02008	617	454	163
02009	447	334	113
02010	386	306	80
02011	520	431	89
02012	467	407	60
02013	445	356	89
02014	544	387	157
02015	515	389	126
02016	463	347	116
02017	623	457	166
02018	488	377	111
02019	349	263	86
02020	557	419	138
02021	544	399	145
02022	528	413	115
02023	335	272	63
02024	454	376	78
02025	552	430	122
02026	439	352	87
02027	443	328	115
02028	541	433	108
02029	556	444	112
02030	425	299	126
02031	566	414	152
02032	391	294	97
02033	711	545	166
02034	393	319	74
02035	615	482	133
02036	544	446	98
02037	460	362	98
02038	433	344	89
02039	310	220	90
02040	679	542	137
02041	505	406	99
02042	561	456	105
02043	659	530	129
02044	300	242	58
02045	574	457	117
02046	267	201	66
03001	603	570	33
03002	561	532	29
03003	407	357	50
03004	506	468	38
03005	289	269	20
03006	645	491	154
03007	298	281	17
03008	383	358	25
03009	471	435	36
03010	211	200	11
03011	497	464	33
03012	470	434	36
03013	556	431	125
03014	553	446	107
03015	437	417	20
03016	404	384	20
03017	681	567	114
03018	692	618	74
03019	548	416	132
03020	499	465	34
03021	539	453	86
03022	665	501	164
03023	396	366	30
03024	388	363	25
03025	815	641	174
03026	553	430	123
03027	638	488	150
03028	311	296	15
03029	446	419	27
03030	401	374	27
03031	513	475	38
03032	591	473	118
03033	598	480	118
03034	629	513	116
03035	225	205	20
03036	248	236	12
03037	422	397	25
03038	385	366	19
03039	812	645	167
03040	506	443	63
03041	327	272	55
04001	751	565	186
04002	653	521	132
04003	390	364	26
04004	664	625	39
04005	494	445	49
04006	578	525	53
04007	583	531	52
04008	532	492	40
04009	569	524	45
04010	621	569	52
04011	517	484	33
04012	576	549	27
04013	630	491	139
04014	514	475	39
04015	608	565	43
04016	863	687	176
04017	656	507	149
04018	479	449	30
04019	374	357	17
04020	463	384	79
04021	722	561	161
04022	512	437	75
04023	685	532	153
04024	471	406	65
04025	574	437	137
04026	479	447	32
04027	655	515	140
04028	430	385	45
04029	427	392	35
04030	685	657	28
04031	515	469	46
04032	556	512	44
04033	509	437	72
04034	440	402	38
04035	590	556	34
04036	570	525	45
04037	929	765	164
04038	541	501	40
05001	377	357	20
05002	322	299	23
05003	545	408	137
05004	650	537	113
05005	415	393	22
05006	367	346	21
05007	502	441	61
05008	512	374	138
05009	589	502	87
05010	357	334	23
05011	508	402	106
05012	306	288	18
05013	398	373	25
05014	365	337	28
05015	439	368	71
05016	439	414	25
05017	385	364	21
05018	470	375	95
05019	458	351	107
05020	565	454	111
05021	532	407	125
05022	554	464	90
05023	832	663	169
05024	546	433	113
05025	423	396	27
05026	456	423	33
05027	563	413	150
05028	495	452	43
05029	476	429	47
05030	308	291	17
05031	347	335	12
05032	586	534	52
05033	507	484	23
05034	558	424	134
05035	585	450	135
05036	261	249	12
05037	525	425	100
05038	403	376	27
05039	385	325	60
05040	331	297	34
05041	270	237	33
06001	415	402	13
06002	402	383	19
06003	422	408	14
06004	303	292	11
06005	250	243	7
06006	408	379	29
06007	351	333	18
06008	374	356	18
06009	336	315	21
06010	215	202	13
06011	331	317	14
06012	271	258	13
06013	300	289	11
06014	351	335	16
06015	305	292	13
06016	388	359	29
06017	255	242	13
06018	264	251	13
06019	342	326	16
06020	222	213	9
06021	201	192	9
06022	222	209	13
06023	191	183	8
06024	195	186	9
06025	195	183	12
06026	275	260	15
06027	211	203	8
06028	175	166	9
06029	392	373	19
06030	301	282	19
06031	389	372	17
06032	349	333	16
06033	371	345	26
06034	379	369	10
06035	345	326	19
06036	453	435	18
06037	394	360	34
06038	392	371	21
06039	304	289	15
06040	339	319	20
06041	377	357	20
06042	381	361	20
06043	329	315	14
06044	360	341	19
06045	401	380	21
06046	255	240	15
06047	275	264	11
06048	394	381	13
07001	339	325	14
07002	343	322	21
07003	385	369	16
07004	374	351	23
07005	299	274	25
07006	465	427	38
07007	353	336	17
07008	300	277	23
07009	629	584	45
07010	407	387	20
07011	388	362	26
07012	343	329	14
07013	222	204	18
07014	384	355	29
07015	341	315	26
07016	272	249	23
07017	299	280	19
07018	321	291	30
07019	340	320	20
07020	274	263	11
07021	273	258	15
07022	310	280	30
07023	346	336	10
07024	294	279	15
07025	285	261	24
07026	287	278	9
07027	295	285	10
07028	265	248	17
07029	302	284	18
07030	255	237	18
07031	237	220	17
07032	479	458	21
07033	467	446	21
07034	427	402	25
07035	388	369	19
07036	429	408	21
07037	368	343	25
07038	307	287	20
07039	321	303	18
07040	299	289	10
07041	358	343	15
07042	305	295	10
07043	355	340	15
07044	300	286	14
07045	330	318	12
07046	152	146	6
08001	324	301	23
08002	345	326	19
08003	430	412	18
08004	425	410	15
08005	422	399	23
08006	391	374	17
08007	436	417	19
08008	372	355	17
08009	254	241	13
08010	479	453	26
08011	318	297	21
08012	335	323	12
08013	428	403	25
08014	274	265	9
08015	335	322	13
08016	116	109	7
08017	341	330	11
08018	359	338	21
08019	410	388	22
08020	433	407	26
08021	470	447	23
08022	349	336	13
08023	319	299	20
08024	230	214	16
08025	360	342	18
08026	349	325	24
08027	411	391	20
08028	388	374	14
08029	431	410	21
08030	396	370	26
08031	279	266	13
08032	310	305	5
08033	358	340	18
08034	358	344	14
08035	419	397	22
08036	400	384	16
08037	313	292	21
08038	250	243	7
08039	383	372	11
08040	290	277	13
08041	431	409	22
08042	460	434	26
08043	205	192	13
08044	256	243	13
08045	369	356	13
08046	305	295	10
08047	306	292	14
08048	346	331	15
08049	357	344	13
08050	375	346	29
08051	417	405	12
08052	466	450	16
08053	218	208	10
08054	297	290	7
08055	301	290	11
08056	375	363	12
09001	358	341	17
09002	322	311	11
09003	279	271	8
09004	273	268	5
09005	342	329	13
09006	326	316	10
09007	298	281	17
09008	353	337	16
09009	373	355	18
09010	291	283	8
09011	235	229	6
09012	405	384	21
09013	408	387	21
09014	423	412	11
09015	394	383	11
09016	317	307	10
09017	239	231	8
09018	261	255	6
09019	333	322	11
09020	350	338	12
09021	301	283	18
09022	354	336	18
09023	415	401	14
09024	367	344	23
09025	362	347	15
09026	390	381	9
09027	307	298	9
09028	220	200	20
09029	307	294	13
09030	283	275	8
09031	273	265	8
09032	358	343	15
09033	268	260	8
09034	258	250	8
09035	366	355	11
09036	291	276	15
09037	489	400	89
09038	383	365	18
09039	381	369	12
09040	385	369	16
09041	289	279	10
09042	359	337	22
09043	315	299	16
09044	319	304	15
09045	270	260	10
09046	354	326	28
09047	371	357	14
09048	405	377	28
09049	380	373	7
09050	461	443	18
09051	348	327	21
10001	321	296	25
10002	327	244	83
10003	321	256	65
10004	257	235	22
10005	255	203	52
10006	262	232	30
10007	248	204	44
10008	219	202	17
10009	283	220	63
10010	334	276	58
10011	377	328	49
10012	216	179	37
10013	299	273	26
10014	408	347	61
10015	648	630	18
10016	250	193	57
10017	428	320	108
10018	220	198	22
10019	324	252	72
10020	354	292	62
10021	341	293	48
10022	198	173	25
10023	298	257	41
10024	306	242	64
10025	102	95	7
10026	248	216	32
10027	329	296	33
10028	368	318	50
10029	306	263	43
10030	277	239	38
10031	250	227	23
10032	325	271	54
10033	235	205	30
10034	233	213	20
10035	359	289	70
10036	88	78	10
11001	389	277	112
11002	31	29	2
11003	420	297	123
11004	330	261	69
11005	516	361	155
11006	653	498	155
11007	635	545	90
11008	393	301	92
11009	315	227	88
11010	355	271	84
11011	432	316	116
11012	490	380	110
11013	446	347	99
11014	190	151	39
11015	157	126	31
11016	259	192	67
11017	491	342	149
11018	289	240	49
11019	506	373	133
11020	264	216	48
11021	497	380	117
11022	444	319	125
11023	232	189	43
11024	459	381	78
11025	505	388	117
11026	450	323	127
11027	136	112	24
11028	171	137	34
11029	428	342	86
11030	192	141	51
11031	372	283	89
11032	178	138	40
11033	507	379	128
11034	134	105	29
11035	109	90	19
11036	158	124	34
11037	107	87	20
11038	224	169	55
12001	341	257	84
12002	299	254	45
12003	454	336	118
12004	383	292	91
12005	292	223	69
12006	343	290	53
12007	324	246	78
12008	364	299	65
12009	290	236	54
12010	417	336	81
12011	351	311	40
12012	352	297	55
12013	345	296	49
12014	323	284	39
12015	270	231	39
12016	308	272	36
12017	350	283	67
12018	304	244	60
12019	348	281	67
12020	411	351	60
12021	333	266	67
12022	290	240	50
12023	349	272	77
13001	263	202	61
13002	269	214	55
13003	263	228	35
13004	298	236	62
13005	379	325	54
13006	300	209	91
13007	249	218	31
13008	248	197	51
13009	331	282	49
13010	278	203	75
13011	337	275	62
13012	276	228	48
13013	336	301	35
13014	330	270	60
13015	443	391	52
13016	210	186	24
13017	265	204	61
13018	235	186	49
13019	360	327	33
13020	177	132	45
13021	333	241	92
13022	336	259	77
13023	233	196	37
13024	324	265	59
13025	317	272	45
13026	297	233	64
13027	295	237	58
13028	245	218	27
13029	247	205	42
13030	260	231	29
13031	335	243	92
13032	242	175	67
13033	320	247	73
13034	389	355	34
13035	294	260	34
13036	204	176	28
13037	353	314	39
13038	263	195	68
13039	324	283	41
13040	324	278	46
13041	356	334	22
13042	289	218	71
13043	327	269	58
13044	340	306	34
13045	347	271	76
13046	367	326	41
13047	341	312	29
13048	276	215	61
14001	356	260	96
14002	433	370	63
14003	347	307	40
14004	331	252	79
14005	481	444	37
14006	167	148	19
14007	392	332	60
14008	368	304	64
14009	400	301	99
14010	238	195	43
14011	218	198	20
14012	366	310	56
14013	301	266	35
14014	310	272	38
14015	377	347	30
14016	236	200	36
14017	281	257	24
14018	141	116	25
14019	309	271	38
14020	248	217	31
14021	328	288	40
14022	435	358	77
14023	272	210	62
14024	405	316	89
14025	194	169	25
14026	263	232	31
14027	317	272	45
14028	265	228	37
14029	272	247	25
14030	187	167	20
14031	198	179	19
15001	301	257	44
15002	203	196	7
15003	224	209	15
15004	318	282	36
15005	295	257	38
15006	303	252	51
15007	227	212	15
15008	266	233	33
15009	385	336	49
15010	421	364	57
15011	345	303	42
15012	372	327	45
15013	288	254	34
15014	271	239	32
15015	246	217	29
15016	334	312	22
15017	251	240	11
15018	200	198	2
15019	259	224	35
15020	242	234	8
15021	204	200	4
15022	257	248	9
15023	251	243	8
15024	194	186	8
16001	352	307	45
16002	267	249	18
16003	227	213	14
16004	271	256	15
16005	186	177	9
16006	269	260	9
16007	246	230	16
16008	183	170	13
16009	282	261	21
16010	258	247	11
16011	262	251	11
16012	227	211	16
16013	257	233	24
16014	198	186	12
16015	285	269	16
16016	254	247	7
16017	327	296	31
16018	300	278	22
16019	235	226	9
16020	215	207	8
16021	233	225	8
16022	216	208	8
16023	311	277	34
16024	142	139	3
16025	302	282	20
16026	204	198	6
16027	222	209	13
16028	230	217	13
16029	254	246	8
16030	214	204	10
16031	274	257	17
16032	293	263	30
16033	250	239	11
16034	243	238	5
16035	328	308	20
16036	212	201	11
17001	332	304	28
17002	328	313	15
17003	334	316	18
17004	410	393	17
17005	242	234	8
17006	279	265	14
17007	267	248	19
17008	276	260	16
17009	257	247	10
17010	430	407	23
17011	263	254	9
17012	428	384	44
17013	280	267	13
17014	380	358	22
17015	353	332	21
17016	329	300	29
17017	304	286	18
17018	360	348	12
17019	195	189	6
17020	414	398	16
17021	427	410	17
17022	276	264	12
17023	215	207	8
17024	344	330	14
17025	248	237	11
17026	337	329	8
17027	302	287	15
17028	257	246	11
17029	330	316	14
17030	247	226	21
17031	204	198	6
17032	263	261	2
17033	212	204	8
17034	236	223	13
17035	230	220	10
17036	309	302	7
17037	274	264	10
17038	311	300	11
17039	314	293	21
17040	338	331	7
17041	397	385	12
18001	322	304	18
18002	324	280	44
18003	311	262	49
18004	382	372	10
18005	226	213	13
18006	286	237	49
18007	335	306	29
18008	369	352	17
18009	352	330	22
18010	471	450	21
18011	300	280	20
18012	353	335	18
18013	374	357	17
18014	386	366	20
18015	394	341	53
18016	345	329	16
18017	349	321	28
18018	302	293	9
18019	339	325	14
18020	288	276	12
18021	442	412	30
18022	431	414	17
18023	359	326	33
18024	348	300	48
18025	342	294	48
18026	450	433	17
18027	288	273	15
18028	327	252	75
18029	386	355	31
18030	408	339	69
18031	384	365	19
18032	368	348	20
18033	286	278	8
18034	417	398	19
18035	428	409	19
18036	376	345	31
18037	422	402	20
18038	344	329	15
18039	275	256	19
18040	388	338	50
18041	419	396	23
18042	311	295	16
18043	260	214	46
18044	288	229	59
18045	311	285	26
18046	380	324	56
18047	278	260	18
18048	297	281	16
18049	219	209	10
18050	276	264	12
19001	320	245	75
19002	563	488	75
19003	255	169	86
19004	401	278	123
19005	434	370	64
19006	370	248	122
19007	346	270	76
19008	377	251	126
19009	257	198	59
19010	481	389	92
19011	298	208	90
19012	275	174	101
19013	492	449	43
19014	470	408	62
19015	431	261	170
19016	358	257	101
19017	316	223	93
19018	358	293	65
19019	517	426	91
19020	340	296	44
19021	315	224	91
19022	421	338	83
19023	379	286	93
19024	228	148	80
19025	378	270	108
19026	375	288	87
19027	419	342	77
19028	473	429	44
19029	358	221	137
19030	330	221	109
19031	343	260	83
19032	341	240	101
19033	362	236	126
19034	367	278	89
19035	359	281	78
19036	564	489	75
19037	392	325	67
19038	366	305	61
19039	165	152	13
19040	415	322	93
19041	309	214	95
19042	339	271	68
19043	549	513	36
19044	390	249	141
19045	358	262	96
19046	378	292	86
19047	561	504	57
19048	459	441	18
19049	493	421	72
19050	305	234	71
19051	399	306	93
19052	378	241	137
19053	339	258	81
19054	290	170	120
19055	275	189	86
19056	420	344	76
19057	342	275	67
20001	347	326	21
20002	147	143	4
20003	313	292	21
20004	165	158	7
20005	412	379	33
20006	158	150	8
20007	374	356	18
20008	332	322	10
20009	511	477	34
20010	240	230	10
20011	483	459	24
20012	290	283	7
20013	389	367	22
20014	180	166	14
20015	281	257	24
20016	409	357	52
20017	206	191	15
20018	241	237	4
20019	368	336	32
20020	237	206	31
20021	254	231	23
20022	457	409	48
20023	383	366	17
20024	415	341	74
20025	254	235	19
20026	380	338	42
20027	181	174	7
20028	220	204	16
20029	399	385	14
20030	163	158	5
20031	425	395	30
20032	340	330	10
20033	211	197	14
20034	592	482	110
20035	251	244	7
20036	117	108	9
20037	112	109	3
20038	118	113	5
20039	24	22	2
21001	398	377	21
21002	275	265	10
21003	416	396	20
21004	345	327	18
21005	399	384	15
21006	306	293	13
21007	370	357	13
21008	382	364	18
21009	408	393	15
21010	321	308	13
21011	338	324	14
21012	337	323	14
21013	355	337	18
21014	378	365	13
21015	315	306	9
21016	338	327	11
21017	327	313	14
21018	403	390	13
21019	376	367	9
21020	310	295	15
21021	313	300	13
21022	316	300	16
21023	320	309	11
21024	361	350	11
21025	309	295	14
21026	352	338	14
21027	358	336	22
21028	452	435	17
21029	419	407	12
21030	289	272	17
21031	259	244	15
21032	330	320	10
21033	320	311	9
21034	326	316	10
21035	420	403	17
21036	341	330	11
21037	262	251	11
21038	345	336	9
21039	313	306	7
21040	327	312	15
21041	362	343	19
21042	392	367	25
21043	352	338	14
21044	357	341	16
21045	339	330	9
21046	386	375	11
21047	340	327	13
21048	364	342	22
21049	404	388	16
21050	294	281	13
21051	345	332	13
21052	336	322	14
21053	309	293	16
21054	314	304	10
22001	204	194	10
22002	374	296	78
22003	415	364	51
22004	242	217	25
22005	301	264	37
22006	287	254	33
22007	227	197	30
22008	426	350	76
22009	258	230	28
22010	411	357	54
22011	247	219	28
22012	288	242	46
22013	303	263	40
22014	233	188	45
22015	252	233	19
22016	268	245	23
22017	315	271	44
22018	277	250	27
22019	172	161	11
22020	281	253	28
22021	351	341	10
22022	284	246	38
22023	438	417	21
22024	320	281	39
22025	312	285	27
23001	275	197	78
23002	316	237	79
23003	306	219	87
23004	356	260	96
23005	331	287	44
23006	344	286	58
23007	269	233	36
23008	372	308	64
23009	269	233	36
23010	372	314	58
23011	341	301	40
23012	314	222	92
23013	285	246	39
23014	286	216	70
23015	281	247	34
23016	294	216	78
23017	214	190	24
23018	241	191	50
23019	268	234	34
23020	191	152	39
23021	288	208	80
23022	325	249	76
23023	279	218	61
23024	273	232	41
23025	264	228	36
23026	332	277	55
23027	244	160	84
23028	320	238	82
23029	269	219	50
23030	362	300	62
23031	262	226	36
23032	309	270	39
23033	334	278	56
23034	298	262	36
23035	212	151	61
23036	278	196	82
23037	313	219	94
23038	276	213	63
23039	339	305	34
24001	267	259	8
24002	286	273	13
24003	312	295	17
24004	238	228	10
24005	161	156	5
24006	300	287	13
24007	205	157	48
24008	146	137	9
24009	281	268	13
24010	130	124	6
24011	330	312	18
24012	179	163	16
24013	162	156	6
24014	271	257	14
24015	153	147	6
24016	404	325	79
24017	240	224	16
24018	339	327	12
24019	358	351	7
24020	257	244	13
24021	148	140	8
24022	352	338	14
24023	242	232	10
24024	313	299	14
24025	248	238	10
24026	404	391	13
24027	311	300	11
24028	194	186	8
24029	230	221	9
24030	173	169	4
24031	329	311	18
24032	147	144	3
24033	178	173	5
24034	273	259	14
24035	282	265	17
24036	360	333	27
24037	177	169	8
24038	251	231	20
24039	304	278	26
24040	335	329	6
24041	204	197	7
25001	329	258	71
25002	497	350	147
25003	700	533	167
25004	358	316	42
25005	432	330	102
25006	128	100	28
25007	446	309	137
25008	464	357	107
25009	405	302	103
25010	658	519	139
25011	447	334	113
25012	418	308	110
25013	470	357	113
25014	253	185	68
25015	373	264	109
25016	664	501	163
25017	482	379	103
25018	225	171	54
25019	441	317	124
25020	277	262	15
25021	803	632	171
25022	412	311	101
25023	489	369	120
25024	432	316	116
25025	423	330	93
25026	372	281	91
25027	560	428	132
25028	438	307	131
25029	344	299	45
25030	405	298	107
25031	788	611	177
25032	328	264	64
26001	372	274	98
26002	300	221	79
26003	407	272	135
26004	223	195	28
26005	319	230	89
26006	305	248	57
26007	362	253	109
26008	175	141	34
26009	234	187	47
26010	295	226	69
26011	302	245	57
26012	378	266	112
26013	176	158	18
26014	265	221	44
26015	185	159	26
26016	177	159	18
26017	281	182	99
26018	242	198	44
26019	213	196	17
26020	289	213	76
26021	406	309	97
26022	155	136	19
26023	222	178	44
26024	273	221	52
26025	310	249	61
26026	245	182	63
26027	416	297	119
26028	500	368	132
26029	208	148	60
26030	272	202	70
26031	144	120	24
26032	409	302	107
26033	376	262	114
26034	422	318	104
26035	282	211	71
26036	359	261	98
26037	365	278	87
26038	142	134	8
26039	373	271	102
26040	235	180	55
26041	401	316	85
26042	283	214	69
26043	179	155	24
26044	191	170	21
26045	156	131	25
26046	238	167	71
26047	216	184	32
26048	331	231	100
26049	189	165	24
27001	833	636	197
27002	406	327	79
27003	229	212	17
27004	211	179	32
27005	294	261	33
27006	438	363	75
27007	568	405	163
27008	293	275	18
27009	198	153	45
27010	401	369	32
27011	525	407	118
27012	304	224	80
27013	519	463	56
27014	185	176	9
27015	187	176	11
27016	447	359	88
27017	379	337	42
27018	277	249	28
27019	183	173	10
27020	295	284	11
27021	414	339	75
27022	182	171	11
27023	275	266	9
27024	264	240	24
27025	345	294	51
27026	296	262	34
27027	475	418	57
27028	386	313	73
27029	253	226	27
27030	173	161	12
27031	291	255	36
27032	348	304	44
27033	427	345	82
27034	258	239	19
27035	468	330	138
27036	320	259	61
27037	459	387	72
27038	584	490	94
27039	273	249	24
27040	546	425	121
27041	309	298	11
27042	271	223	48
27043	250	211	39
27044	256	244	12
27045	864	661	203
27046	321	247	74
27047	250	221	29
27048	745	640	105
27049	272	258	14
27050	343	327	16
28001	206	199	7
28002	282	254	28
28003	256	242	14
28004	302	221	81
28005	202	179	23
28006	181	146	35
28007	287	277	10
28008	396	309	87
28009	294	282	12
28010	417	338	79
28011	643	553	90
28012	307	298	9
28013	346	330	16
28014	231	226	5
28015	61	57	4
28016	193	188	5
28017	269	260	9
28018	273	262	11
28019	276	206	70
28020	284	258	26
28021	251	243	8
28022	278	237	41
28023	342	322	20
28024	245	232	13
28025	416	390	26
28026	295	283	12
28027	323	242	81
28028	397	314	83
28029	159	150	9
28030	48	43	5
28031	400	384	16
28032	281	267	14
28033	319	306	13
28034	540	507	33
28035	368	362	6
28036	175	173	2
28037	375	363	12
28038	141	131	10
28039	224	214	10
28040	401	394	7
28041	228	219	9
28042	301	287	14
28043	376	366	10
28044	214	207	7
28045	407	305	102
28046	612	465	147
29001	496	410	86
29002	501	485	16
29003	416	400	16
29004	398	389	9
29005	315	304	11
29006	318	311	7
29007	391	346	45
29008	338	322	16
29009	415	337	78
29010	512	418	94
29011	226	214	12
29012	465	439	26
29013	397	386	11
29014	350	340	10
29015	438	416	22
29016	369	356	13
29017	345	327	18
29018	367	345	22
29019	395	376	19
29020	450	429	21
29021	480	467	13
29022	260	224	36
29023	409	337	72
29024	345	327	18
29025	452	442	10
29026	379	335	44
29027	343	334	9
29028	455	433	22
29029	342	253	89
29030	500	437	63
29031	362	259	103
29032	354	242	112
29033	276	255	21
29034	270	249	21
29035	290	275	15
29036	330	315	15
29037	367	345	22
29038	398	320	78
29039	351	283	68
29040	434	419	15
29041	300	292	8
29042	424	413	11
29043	473	419	54
29044	479	440	39
30001	442	342	100
30002	385	310	75
30003	333	252	81
30004	364	286	78
30005	259	226	33
30006	319	278	41
30007	418	311	107
30008	487	343	144
30009	305	246	59
30010	396	346	50
30011	357	327	30
30012	326	278	48
30013	372	310	62
30014	246	212	34
30015	379	275	104
30016	174	148	26
30017	363	296	67
30018	479	368	111
30019	348	309	39
30020	405	331	74
30021	285	228	57
30022	546	412	134
30023	432	342	90
30024	512	369	143
30025	552	404	148
30026	227	179	48
30027	249	194	55
30028	401	293	108
30029	212	181	31
30030	171	149	22
30031	244	198	46
30032	303	225	78
31001	238	205	33
31002	214	192	22
31003	201	159	42
31004	366	263	103
31005	279	234	45
31006	176	152	24
31007	417	294	123
31008	201	167	34
31009	235	188	47
31010	225	187	38
31011	198	167	31
31012	235	183	52
31013	257	218	39
31014	216	173	43
31015	224	183	41
31016	314	220	94
31017	232	186	46
31018	244	207	37
31019	229	195	34
31020	224	194	30
31021	231	201	30
31022	218	192	26
31023	256	194	62
31024	242	197	45
31025	240	211	29
31026	280	223	57
31027	270	227	43
31028	214	175	39
31029	269	226	43
31030	196	166	30
31031	206	170	36
31032	204	171	33
31033	208	173	35
31034	237	190	47
31035	277	235	42
31036	284	241	43
31037	244	202	42
31038	198	176	22
31039	291	222	69
31040	292	216	76
31041	219	190	29
32001	569	428	141
32002	521	410	111
32003	582	414	168
32004	480	384	96
32005	532	402	130
32006	611	482	129
32007	547	435	112
32008	628	453	175
32009	489	377	112
32010	530	398	132
32011	485	335	150
32012	399	266	133
32013	523	403	120
32014	539	365	174
32015	510	386	124
32016	538	404	134
32017	534	372	162
32018	457	351	106
32019	523	388	135
32020	515	378	137
32021	552	412	140
32022	686	487	199
32023	573	437	136
32024	392	292	100
32025	524	384	140
32026	600	420	180
32027	483	363	120
32028	549	368	181
32029	585	452	133
32030	516	404	112
32031	542	422	120
32032	584	446	138
32033	523	412	111
32034	588	461	127
32035	555	415	140
32036	564	429	135
32037	513	389	124
32038	476	375	101
32039	562	419	143
32040	571	440	131
32041	543	396	147
32042	459	340	119
32043	505	367	138
33001	500	381	119
33002	630	476	154
33003	728	530	198
33004	688	511	177
33005	469	349	120
33006	439	371	68
33007	585	433	152
33008	689	506	183
33009	566	427	139
33010	486	376	110
33011	565	429	136
33012	500	390	110
33013	499	363	136
33014	268	197	71
33015	513	398	115
33016	663	506	157
33017	580	424	156
33018	710	528	182
33019	581	444	137
33020	619	473	146
33021	542	419	123
33022	464	361	103
33023	554	411	143
33024	684	503	181
33025	639	495	144
33026	433	304	129
33027	566	430	136
33028	515	368	147
34001	398	388	10
34002	284	278	6
34003	372	360	12
34004	270	262	8
34005	316	308	8
34006	423	404	19
34007	412	399	13
34008	303	291	12
34009	251	239	12
34010	351	338	13
34011	307	293	14
34012	389	367	22
34013	359	341	18
34014	272	262	10
34015	323	312	11
34016	303	292	11
34017	466	441	25
34018	276	266	10
34019	391	372	19
34020	400	380	20
34021	419	396	23
34022	369	346	23
34023	295	277	18
34024	325	307	18
34025	544	531	13
34026	390	381	9
34027	301	295	6
34028	219	211	8
34029	291	286	5
34030	353	343	10
34031	303	290	13
34032	358	341	17
34033	289	273	16
34034	378	360	18
34035	399	378	21
34036	313	294	19
34037	215	210	5
34038	171	165	6
34039	241	230	11
34040	397	384	13
34041	217	213	4
34042	355	330	25
34043	334	321	13
34044	374	359	15
34045	384	378	6
34046	247	240	7
34047	359	351	8
34048	362	345	17
34049	337	325	12
34050	297	284	13
34051	371	356	15
34052	268	259	9
34053	227	216	11
35001	452	354	98
35002	505	366	139
35003	415	299	116
35004	422	311	111
35005	409	301	108
35006	429	306	123
35007	473	342	131
35008	483	354	129
35009	376	304	72
35010	598	397	201
35011	497	358	139
35012	291	238	53
35013	288	248	40
35014	307	254	53
35015	545	388	157
35016	244	211	33
35017	505	364	141
35018	281	242	39
35019	232	206	26
35020	395	301	94
35021	392	290	102
35022	552	408	144
35023	444	352	92
35024	401	275	126
35025	512	357	155
35026	390	280	110
35027	376	287	89
35028	433	313	120
35029	362	289	73
35030	409	335	74
35031	457	328	129
36001	327	287	40
36002	319	275	44
36003	312	266	46
36004	324	287	37
36005	321	282	39
36006	288	252	36
36007	407	289	118
36008	248	222	26
36009	310	277	33
36010	414	337	77
36011	240	203	37
36012	214	184	30
36013	237	212	25
36014	354	267	87
36015	357	281	76
36016	356	294	62
36017	398	311	87
36018	362	276	86
36019	399	344	55
36020	375	293	82
36021	272	236	36
36022	259	237	22
36023	280	243	37
36024	338	271	67
36025	334	295	39
36026	320	248	72
36027	338	273	65
36028	296	225	71
36029	362	293	69
36030	340	277	63
37001	232	216	16
37002	275	253	22
37003	239	226	13
37004	259	240	19
37005	368	352	16
37006	368	357	11
37007	239	229	10
37008	227	216	11
37009	342	330	12
37010	390	370	20
37011	230	218	12
37012	249	225	24
37013	236	220	16
37014	338	321	17
37015	325	314	11
37016	363	347	16
37017	272	260	12
37018	290	274	16
37019	237	222	15
37020	277	269	8
37021	301	277	24
37022	293	267	26
37023	310	299	11
37024	360	339	21
37025	293	283	10
37026	429	406	23
37027	302	291	11
37028	281	263	18
37029	298	282	16
37030	329	313	16
37031	332	318	14
37032	290	268	22
37033	344	327	17
37034	317	308	9
37035	350	337	13
37036	321	309	12
37037	363	347	16
37038	329	316	13
37039	310	292	18
37040	336	326	10
37041	335	324	11
38001	372	286	86
38002	342	228	114
38003	364	254	110
38004	328	239	89
38005	364	252	112
38006	352	247	105
38007	314	221	93
38008	326	234	92
38009	403	278	125
38010	294	215	79
38011	328	239	89
38012	310	218	92
38013	373	263	110
38014	403	287	116
38015	332	258	74
38016	339	263	76
38017	445	297	148
38018	403	267	136
38019	435	310	125
38020	345	246	99
38021	320	233	87
38022	368	269	99
38023	378	280	98
38024	366	253	113
38025	326	250	76
38026	386	285	101
38027	371	254	117
38028	418	279	139
38029	363	284	79
38030	350	260	90
38031	380	275	105
38032	367	275	92
38033	370	271	99
38034	381	299	82
38035	384	290	94
38036	344	259	85
38037	359	267	92
38038	351	254	97
38039	413	314	99
38040	386	285	101
38041	358	263	95
39001	403	270	133
39002	365	277	88
39003	445	317	128
39004	365	262	103
39005	406	301	105
39006	389	305	84
39007	375	284	91
39008	417	335	82
39009	378	284	94
39010	210	161	49
39011	362	273	89
39012	551	412	139
39013	316	243	73
39014	447	330	117
39015	424	300	124
39016	321	246	75
39017	439	312	127
39018	395	289	106
39019	422	317	105
39020	462	324	138
39021	365	255	110
39022	340	259	81
39023	410	274	136
39024	484	324	160
39025	356	271	85
39026	365	257	108
39027	68	48	20
39028	532	376	156
39029	243	195	48
39030	515	382	133
39031	351	277	74
39032	330	244	86
39033	454	336	118
39034	441	313	128
39035	425	302	123
39036	117	98	19
39037	393	277	116
39038	238	180	58
39039	266	195	71
39040	361	260	101
39041	405	286	119
39042	414	288	126
39043	413	277	136
39044	300	204	96
39045	365	268	97
40001	365	273	92
40002	389	303	86
40003	608	459	149
40004	248	193	55
40005	492	374	118
40006	612	436	176
40007	487	357	130
40008	632	455	177
40009	372	316	56
40010	419	339	80
40011	510	368	142
40012	417	301	116
40013	798	564	234
40014	362	285	77
40015	407	321	86
40016	669	485	184
40017	386	293	93
40018	355	293	62
40019	514	401	113
40020	471	371	100
40021	528	408	120
40022	549	416	133
40023	584	449	135
40024	380	296	84
40025	597	426	171
40026	535	405	130
40027	658	484	174
40028	537	391	146
40029	437	340	97
40030	377	292	85
40031	558	373	185
40032	548	417	131
40033	503	376	127
40034	379	282	97
40035	300	245	55
40036	449	357	92
40037	436	345	91
40038	622	460	162
40039	175	147	28
41001	344	217	127
41002	335	225	110
41003	376	250	126
41004	399	281	118
41005	460	310	150
41006	461	322	139
41007	422	275	147
41008	379	244	135
41009	380	264	116
41010	413	285	128
41011	420	272	148
41012	402	291	111
41013	449	285	164
41014	445	300	145
41015	487	341	146
41016	352	231	121
41017	384	254	130
41018	351	244	107
41019	456	309	147
41020	280	171	109
41021	430	311	119
41022	431	282	149
41023	361	226	135
41024	336	214	122
41025	287	191	96
41026	397	280	117
41027	312	216	96
41028	399	308	91
41029	273	186	87
41030	403	277	126
41031	437	304	133
41032	323	212	111
41033	356	245	111
41034	335	229	106
41035	436	283	153
41036	399	268	131
41037	445	317	128
41038	385	248	137
41039	411	279	132
41040	385	248	137
41041	378	251	127
41042	356	233	123
41043	393	287	106
41044	371	210	161
41045	362	254	108
41046	421	285	136
41047	411	271	140
42001	433	360	73
42002	578	465	113
42003	560	441	119
42004	1034	806	228
42005	444	352	92
42006	511	390	121
42007	642	500	142
42008	445	360	85
42009	643	487	156
42010	714	539	175
42011	335	247	88
42012	446	347	99
42013	440	334	106
42014	686	561	125
42015	572	452	120
42016	554	422	132
42017	709	549	160
42018	587	465	122
42019	649	530	119
42020	584	460	124
42021	581	470	111
42022	275	208	67
42023	545	436	109
42024	531	425	106
42025	506	383	123
42026	704	543	161
42027	386	277	109
42028	566	435	131
42029	566	433	133
42030	439	319	120
42031	602	468	134
42032	546	404	142
42033	617	486	131
42034	432	339	93
42035	695	553	142
42036	894	709	185
42037	397	321	76
42038	495	391	104
42039	740	585	155
42040	753	591	162
42041	567	436	131
42042	910	715	195
43001	281	214	67
43002	557	421	136
43003	502	389	113
43004	611	472	139
43005	449	377	72
43006	405	319	86
43007	335	271	64
43008	381	303	78
43009	523	411	112
43010	614	474	140
43011	476	375	101
43012	365	281	84
43013	498	393	105
43014	517	366	151
43015	510	387	123
43016	628	480	148
43017	397	314	83
43018	589	451	138
43019	573	460	113
43020	599	455	144
43021	580	439	141
43022	381	278	103
43023	383	286	97
43024	398	313	85
43025	428	343	85
43026	343	275	68
43027	503	385	118
43028	649	522	127
43029	501	395	106
43030	566	442	124
43031	519	429	90
43032	539	410	129
43033	521	390	131
43034	383	308	75
43035	541	446	95
43036	300	251	49
43037	575	461	114
43038	385	302	83
43039	488	377	111
43040	393	288	105
43041	688	536	152
43042	502	411	91
43043	456	354	102
43044	488	375	113
43045	315	251	64
43046	306	249	57
44001	866	702	164
44002	544	420	124
44003	350	291	59
44004	496	391	105
44005	654	516	138
44006	725	567	158
44007	382	311	71
44008	792	645	147
44009	565	438	127
44010	564	455	109
44011	613	476	137
44012	600	480	120
44013	457	348	109
44014	523	391	132
44015	515	419	96
44016	633	493	140
44017	771	621	150
44018	610	500	110
44019	686	551	135
44020	622	484	138
44021	723	578	145
44022	596	477	119
44023	583	463	120
44024	426	327	99
44025	562	434	128
44026	698	557	141
44027	678	520	158
44028	546	426	120
44029	583	471	112
44030	679	544	135
44031	486	369	117
44032	630	478	152
44033	634	515	119
44034	622	512	110
44035	666	527	139
44036	604	468	136
44037	641	498	143
44038	552	426	126
44039	601	465	136
44040	536	408	128
44041	724	568	156
45001	365	253	112
45002	434	313	121
45003	393	293	100
45004	530	383	147
45005	433	290	143
45006	581	427	154
45007	608	462	146
45008	435	335	100
45009	412	298	114
45010	410	302	108
45011	296	220	76
45012	397	271	126
45013	361	253	108
45014	527	400	127
45015	528	400	128
45016	368	265	103
45017	486	343	143
45018	437	322	115
45019	218	159	59
45020	298	213	85
45021	359	249	110
45022	369	284	85
45023	358	260	98
45024	297	211	86
45025	247	171	76
45026	210	137	73
45027	372	250	122
45028	318	216	102
45029	261	192	69
45030	357	273	84
45031	340	265	75
45032	352	256	96
45033	308	216	92
45034	409	287	122
45035	418	304	114
45036	417	277	140
45037	410	287	123
45038	361	261	100
45039	398	285	113
45040	384	264	120
45041	365	241	124
45042	364	251	113
45043	367	244	123
45044	374	264	110
45045	266	169	97
45046	275	198	77
45047	267	197	70
45048	315	216	99
46001	403	317	86
46002	502	379	123
46003	629	482	147
46004	515	404	111
46005	712	551	161
46006	459	379	80
46007	559	455	104
46008	353	280	73
46009	599	444	155
46010	848	691	157
46011	492	404	88
46012	588	433	155
46013	521	413	108
46014	482	416	66
46015	527	420	107
46016	645	502	143
46017	602	487	115
46018	591	464	127
46019	391	323	68
46020	434	352	82
46021	351	258	93
46022	410	303	107
46023	439	361	78
46024	631	506	125
46025	522	399	123
46026	620	457	163
46027	693	539	154
46028	525	449	76
46029	450	352	98
46030	573	473	100
46031	554	446	108
46032	530	443	87
46033	626	487	139
46034	631	483	148
46035	603	499	104
46036	522	413	109
46037	472	392	80
46038	572	481	91
46039	527	420	107
46040	454	337	117
47001	379	276	103
47002	544	421	123
47003	504	404	100
47004	587	462	125
47005	599	464	135
47006	667	514	153
47007	488	384	104
47008	542	413	129
47009	515	389	126
47010	706	522	184
47011	535	423	112
47012	595	445	150
47013	541	406	135
47014	489	375	114
47015	695	498	197
47016	541	426	115
47017	554	417	137
47018	524	412	112
47019	713	518	195
47020	537	402	135
47021	536	393	143
47022	568	417	151
47023	634	466	168
47024	580	424	156
47025	655	497	158
47026	724	583	141
47027	518	395	123
47028	513	401	112
47029	608	473	135
47030	691	536	155
47031	563	415	148
47032	685	525	160
47033	513	398	115
47034	573	456	117
47035	554	422	132
47036	630	482	148
47037	548	427	121
47038	539	419	120
47039	557	439	118
47040	571	408	163
47041	633	477	156
47042	586	410	176
47043	518	409	109
47044	514	432	82
47045	540	399	141
47046	522	379	143
47047	645	481	164
47048	45	40	5
48001	501	387	114
48002	257	205	52
48003	577	452	125
48004	508	392	116
48005	324	248	76
48006	630	506	124
48007	544	403	141
48008	282	212	70
48009	326	238	88
48010	786	578	208
48011	471	364	107
48012	651	509	142
48013	645	508	137
48014	251	203	48
48015	358	280	78
48016	547	418	129
48017	475	376	99
48018	352	290	62
48019	363	289	74
48020	616	439	177
48021	657	543	114
48022	447	365	82
48023	559	469	90
48024	560	426	134
48025	495	356	139
48026	260	193	67
48027	762	592	170
48028	525	403	122
48029	266	229	37
48030	472	347	125
48031	653	523	130
48032	543	419	124
48033	276	233	43
48034	463	328	135
48035	342	263	79
48036	304	239	65
48037	556	415	141
48038	536	406	130
48039	406	331	75
48040	478	349	129
48041	666	517	149
48042	619	462	157
48043	582	441	141
48044	671	509	162
48045	410	304	106
48046	346	267	79
49001	327	281	46
49002	366	282	84
49003	583	457	126
49004	649	461	188
49005	529	422	107
49006	494	390	104
49007	567	439	128
49008	422	341	81
49009	573	445	128
49010	517	398	119
49011	617	479	138
49012	726	553	173
49013	613	465	148
49014	446	325	121
49015	384	304	80
49016	515	378	137
49017	362	271	91
49018	717	520	197
49019	483	396	87
49020	790	591	199
49021	307	263	44
49022	505	406	99
49023	708	544	164
49024	442	360	82
49025	708	530	178
49026	588	431	157
49027	601	473	128
49028	728	533	195
49029	662	462	200
49030	600	440	160
49031	414	347	67
49032	513	425	88
49033	435	358	77
50001	304	226	78
50002	217	169	48
50003	291	231	60
50004	386	325	61
50005	219	145	74
50006	417	325	92
50007	438	355	83
50008	390	333	57
50009	319	258	61
50010	291	246	45
50011	178	130	48
50012	153	124	29
50013	430	337	93
50014	105	85	20
50015	444	332	112
50016	120	87	33
50017	324	265	59
50018	73	59	14
50019	237	195	42
50020	354	263	91
50021	323	248	75
50022	261	212	49
50023	224	186	38
50024	218	166	52
50025	282	221	61
50026	338	279	59
50027	94	73	21
50028	383	328	55
50029	326	263	63
50030	252	211	41
50031	473	385	88
50032	413	348	65
50033	245	187	58
50034	494	383	111
50035	491	386	105
50036	348	284	64
50037	414	320	94
50038	156	122	34
50039	193	159	34
50040	262	196	66
Barrington 4	291	181	110
Barrington 8	45	31	14
Barrington 10	679	428	251
Barrington 11	0	0	0
Berwyn Ward 1 Precinct 1	344	249	95
Berwyn Ward 1 Precinct 2	368	276	92
Berwyn Ward 1 Precinct 3	586	444	142
Berwyn Ward 1 Precinct 4	349	265	84
Berwyn Ward 1 Precinct 5	358	248	110
Berwyn Ward 2 Precinct 1	270	208	62
Berwyn Ward 2 Precinct 2	357	280	77
Berwyn Ward 2 Precinct 3	510	393	117
Berwyn Ward 2 Precinct 4	618	466	152
Berwyn Ward 3 Precinct 1	421	341	80
Berwyn Ward 3 Precinct 2	325	231	94
Berwyn Ward 3 Precinct 3	323	263	60
Berwyn Ward 3 Precinct 4	421	332	89
Berwyn Ward 3 Precinct 5	572	389	183
Berwyn Ward 4 Precinct 1	281	213	68
Berwyn Ward 4 Precinct 2	435	359	76
Berwyn Ward 4 Precinct 3	496	410	86
Berwyn Ward 4 Precinct 4	280	217	63
Berwyn Ward 5 Precinct 1	629	527	102
Berwyn Ward 5 Precinct 2	395	319	76
Berwyn Ward 5 Precinct 3	358	294	64
Berwyn Ward 6 Precinct 1	227	181	46
Berwyn Ward 6 Precinct 2	302	251	51
Berwyn Ward 6 Precinct 3	408	344	64
Berwyn Ward 6 Precinct 4	476	397	79
Berwyn Ward 7 Precinct 1	381	310	71
Berwyn Ward 7 Precinct 2	396	334	62
Berwyn Ward 7 Precinct 3	453	366	87
Berwyn Ward 7 Precinct 4	549	461	88
Berwyn Ward 8 Precinct 1	690	554	136
Berwyn Ward 8 Precinct 2	398	303	95
Berwyn Ward 8 Precinct 3	275	202	73
Bloom 1	552	413	139
Bloom 3	8	7	1
Bloom 5	327	250	77
Bloom 7	153	143	10
Bloom 9	9	4	5
Bloom 10	190	183	7
Bloom 14	671	538	133
Bloom 16	453	387	66
Bloom 18	410	325	85
Bloom 21	124	118	6
Bloom 22	384	325	59
Bloom 23	446	417	29
Bloom 24	761	664	97
Bloom 26	301	249	52
Bloom 27	436	380	56
Bloom 28	6	5	1
Bloom 29	172	169	3
Bloom 32	334	315	19
Bloom 33	421	383	38
Bloom 36	615	592	23
Bloom 37	304	286	18
Bloom 38	1070	1018	52
Bloom 41	616	577	39
Bloom 42	309	283	26
Bloom 43	475	454	21
Bloom 44	511	401	110
Bloom 45	686	619	67
Bloom 49	526	505	21
Bloom 50	445	369	76
Bloom 53	230	187	43
Bloom 55	368	341	27
Bloom 60	410	394	16
Bremen 1	405	387	18
Bremen 2	452	302	150
Bremen 3	366	247	119
Bremen 4	402	282	120
Bremen 5	282	202	80
Bremen 6	321	219	102
Bremen 7	274	248	26
Bremen 8	365	343	22
Bremen 9	333	203	130
Bremen 10	478	292	186
Bremen 11	458	311	147
Bremen 12	359	331	28
Bremen 13	431	310	121
Bremen 14	323	256	67
Bremen 15	303	243	60
Bremen 16	388	246	142
Bremen 17	408	386	22
Bremen 18	534	351	183
Bremen 19	177	168	9
Bremen 20	309	213	96
Bremen 21	504	411	93
Bremen 22	331	192	139
Bremen 23	154	146	8
Bremen 24	358	202	156
Bremen 25	502	334	168
Bremen 27	456	338	118
Bremen 28	302	205	97
Bremen 29	660	628	32
Bremen 30	411	252	159
Bremen 31	440	405	35
Bremen 32	422	396	26
Bremen 33	364	225	139
Bremen 34	498	275	223
Bremen 35	295	285	10
Bremen 36	272	154	118
Bremen 37	232	196	36
Bremen 38	370	355	15
Bremen 39	290	267	23
Bremen 40	701	641	60
Bremen 41	261	175	86
Bremen 42	513	308	205
Bremen 43	304	255	49
Bremen 44	382	355	27
Bremen 45	217	198	19
Bremen 46	382	221	161
Bremen 47	404	378	26
Bremen 48	365	339	26
Bremen 49	409	379	30
Bremen 50	411	234	177
Bremen 51	582	551	31
Bremen 52	323	217	106
Bremen 53	254	168	86
Bremen 54	290	196	94
Bremen 55	361	313	48
Bremen 56	508	488	20
Bremen 57	424	241	183
Bremen 58	483	335	148
Bremen 59	394	281	113
Bremen 60	326	214	112
Bremen 61	393	249	144
Bremen 62	443	312	131
Bremen 63	601	563	38
Bremen 64	501	337	164
Bremen 65	206	201	5
Bremen 66	387	371	16
Bremen 67	534	288	246
Bremen 68	233	132	101
Bremen 69	461	345	116
Bremen 70	293	277	16
Bremen 71	338	317	21
Bremen 72	264	189	75
Bremen 73	423	295	128
Bremen 74	457	316	141
Bremen 76	319	209	110
Bremen 77	610	400	210
Bremen 78	414	398	16
Bremen 79	409	254	155
Bremen 80	426	413	13
Calumet 1	409	365	44
Calumet 2	387	312	75
Calumet 3	436	424	12
Calumet 4	385	369	16
Calumet 5	380	352	28
Calumet 6	632	560	72
Calumet 7	500	441	59
Calumet 8	284	253	31
Calumet 9	334	318	16
Calumet 10	473	455	18
Calumet 11	638	616	22
Calumet 12	335	326	9
Cicero 1	477	426	51
Cicero 2	240	214	26
Cicero 3	315	257	58
Cicero 4	332	297	35
Cicero 5	481	396	85
Cicero 6	410	345	65
Cicero 7	282	251	31
Cicero 8	234	206	28
Cicero 9	407	369	38
Cicero 10	482	418	64
Cicero 11	439	364	75
Cicero 12	345	291	54
Cicero 13	376	309	67
Cicero 14	364	306	58
Cicero 15	438	358	80
Cicero 16	309	256	53
Cicero 17	449	378	71
Cicero 18	253	230	23
Cicero 19	553	465	88
Cicero 20	287	252	35
Cicero 21	400	346	54
Cicero 22	333	296	37
Cicero 23	512	434	78
Cicero 24	461	409	52
Cicero 25	374	319	55
Cicero 26	279	244	35
Cicero 27	419	352	67
Cicero 28	392	346	46
Cicero 29	377	327	50
Cicero 30	365	329	36
Cicero 31	301	258	43
Cicero 32	347	303	44
Elk Grove 1	433	309	124
Elk Grove 2	402	284	118
Elk Grove 3	533	361	172
Elk Grove 4	456	316	140
Elk Grove 5	669	443	226
Elk Grove 6	336	228	108
Elk Grove 7	570	374	196
Elk Grove 8	405	244	161
Elk Grove 9	431	288	143
Elk Grove 10	699	437	262
Elk Grove 11	521	351	170
Elk Grove 12	314	180	134
Elk Grove 13	436	284	152
Elk Grove 14	511	344	167
Elk Grove 15	359	231	128
Elk Grove 16	517	322	195
Elk Grove 17	425	301	124
Elk Grove 18	655	410	245
Elk Grove 19	560	361	199
Elk Grove 20	482	302	180
Elk Grove 21	401	264	137
Elk Grove 22	445	331	114
Elk Grove 23	704	464	240
Elk Grove 24	387	238	149
Elk Grove 25	393	257	136
Elk Grove 26	359	228	131
Elk Grove 27	557	336	221
Elk Grove 28	402	279	123
Elk Grove 29	447	257	190
Elk Grove 30	430	249	181
Elk Grove 31	278	209	69
Elk Grove 32	301	212	89
Elk Grove 33	298	167	131
Elk Grove 34	787	507	280
Elk Grove 35	369	264	105
Elk Grove 36	293	234	59
Elk Grove 37	557	363	194
Elk Grove 38	304	241	63
Elk Grove 39	594	419	175
Elk Grove 40	416	283	133
Elk Grove 41	341	217	124
Elk Grove 42	386	294	92
Elk Grove 43	433	290	143
Elk Grove 44	376	225	151
Elk Grove 45	410	251	159
Elk Grove 46	341	190	151
Elk Grove 47	585	374	211
Elk Grove 48	318	228	90
Elk Grove 49	477	338	139
Elk Grove 50	237	183	54
Elk Grove 51	649	393	256
Elk Grove 52	237	169	68
Evanston Ward 1 Precinct 1	455	361	94
Evanston Ward 1 Precinct 2	673	568	105
Evanston Ward 1 Precinct 3	652	534	118
Evanston Ward 1 Precinct 4	946	819	127
Evanston Ward 2 Precinct 1	1171	998	173
Evanston Ward 2 Precinct 2	472	387	85
Evanston Ward 2 Precinct 3	587	525	62
Evanston Ward 2 Precinct 4	767	677	90
Evanston Ward 2 Precinct 5	543	465	78
Evanston Ward 3 Precinct 1	714	568	146
Evanston Ward 3 Precinct 2	809	654	155
Evanston Ward 3 Precinct 3	757	620	137
Evanston Ward 3 Precinct 4	370	297	73
Evanston Ward 3 Precinct 5	745	571	174
Evanston Ward 3 Precinct 6	637	519	118
Evanston Ward 3 Precinct 7	576	472	104
Evanston Ward 4 Precinct 1	397	317	80
Evanston Ward 4 Precinct 2	607	471	136
Evanston Ward 4 Precinct 3	480	387	93
Evanston Ward 4 Precinct 4	962	808	154
Evanston Ward 4 Precinct 5	362	287	75
Evanston Ward 4 Precinct 6	838	663	175
Evanston Ward 5 Precinct 1	550	503	47
Evanston Ward 5 Precinct 2	852	668	184
Evanston Ward 5 Precinct 3	616	554	62
Evanston Ward 5 Precinct 4	334	303	31
Evanston Ward 6 Precinct 1	1006	818	188
Evanston Ward 6 Precinct 2	513	441	72
Evanston Ward 6 Precinct 3	548	446	102
Evanston Ward 6 Precinct 4	694	564	130
Evanston Ward 6 Precinct 5	838	692	146
Evanston Ward 6 Precinct 6	467	381	86
Evanston Ward 6 Precinct 7	814	681	133
Evanston Ward 7 Precinct 1	1000	837	163
Evanston Ward 7 Precinct 2	1066	875	191
Evanston Ward 7 Precinct 3	391	329	62
Evanston Ward 7 Precinct 4	486	398	88
Evanston Ward 7 Precinct 5	862	698	164
Evanston Ward 7 Precinct 6	46	37	9
Evanston Ward 8 Precinct 1	735	643	92
Evanston Ward 8 Precinct 2	559	465	94
Evanston Ward 8 Precinct 3	481	400	81
Evanston Ward 8 Precinct 4	648	523	125
Evanston Ward 8 Precinct 5	780	663	117
Evanston Ward 9 Precinct 1	520	415	105
Evanston Ward 9 Precinct 2	598	517	81
Evanston Ward 9 Precinct 3	879	695	184
Evanston Ward 9 Precinct 4	768	624	144
Evanston Ward 9 Precinct 5	448	376	72
Evanston Ward 9 Precinct 6	590	486	104
Hanover 1	605	417	188
Hanover 2	474	320	154
Hanover 4	1	0	1
Hanover 5	459	332	127
Hanover 6	378	270	108
Hanover 7	498	335	163
Hanover 8	415	269	146
Hanover 9	487	307	180
Hanover 11	454	346	108
Hanover 12	295	211	84
Hanover 15	354	260	94
Hanover 16	624	414	210
Hanover 17	353	254	99
Hanover 18	438	317	121
Hanover 19	378	234	144
Hanover 20	687	464	223
Hanover 21	152	105	47
Hanover 22	426	296	130
Hanover 23	484	319	165
Hanover 24	457	359	98
Hanover 25	423	287	136
Hanover 26	664	446	218
Hanover 27	1324	932	392
Hanover 28	608	436	172
Hanover 31	374	214	160
Hanover 33	445	332	113
Hanover 34	557	390	167
Hanover 36	357	266	91
Hanover 37	639	458	181
Hanover 38	528	345	183
Hanover 40	563	377	186
Hanover 42	496	317	179
Hanover 43	523	370	153
Hanover 44	600	362	238
Lemont 1	472	231	241
Lemont 2	361	204	157
Lemont 3	581	310	271
Lemont 4	491	266	225
Lemont 5	507	301	206
Lemont 6	523	305	218
Lemont 7	435	272	163
Lemont 8	593	320	273
Lemont 9	319	144	175
Lemont 10	383	237	146
Lemont 11	656	350	306
Lemont 12	642	350	292
Lemont 13	588	327	261
Lemont 14	481	279	202
Leyden 1	282	230	52
Leyden 2	199	145	54
Leyden 3	479	359	120
Leyden 4	379	288	91
Leyden 5	396	300	96
Leyden 6	544	401	143
Leyden 7	227	162	65
Leyden 8	499	396	103
Leyden 9	528	367	161
Leyden 10	534	408	126
Leyden 11	439	299	140
Leyden 12	365	214	151
Leyden 13	481	377	104
Leyden 14	341	251	90
Leyden 15	492	365	127
Leyden 16	454	334	120
Leyden 17	367	246	121
Leyden 18	248	187	61
Leyden 19	444	300	144
Leyden 20	223	161	62
Leyden 21	286	243	43
Leyden 22	302	213	89
Leyden 23	787	490	297
Leyden 24	423	339	84
Leyden 25	262	182	80
Leyden 26	655	462	193
Leyden 27	92	63	29
Leyden 28	212	166	46
Leyden 29	297	224	73
Leyden 30	471	335	136
Leyden 31	451	329	122
Leyden 32	501	373	128
Leyden 33	442	319	123
Leyden 34	314	243	71
Leyden 35	209	148	61
Leyden 36	398	315	83
Leyden 37	287	192	95
Leyden 38	163	118	45
Leyden 39	300	230	70
Leyden 40	400	287	113
Leyden 41	226	183	43
Leyden 42	399	262	137
Leyden 43	322	249	73
Leyden 44	355	256	99
Leyden 45	316	212	104
Leyden 46	368	272	96
Leyden 47	355	249	106
Leyden 48	445	344	101
Leyden 49	625	448	177
Leyden 50	581	422	159
Lyons 1	53	38	15
Lyons 2	415	273	142
Lyons 3	391	272	119
Lyons 4	746	516	230
Lyons 5	499	354	145
Lyons 6	332	241	91
Lyons 7	467	393	74
Lyons 8	274	212	62
Lyons 9	603	441	162
Lyons 10	423	304	119
Lyons 11	385	289	96
Lyons 12	314	175	139
Lyons 13	201	185	16
Lyons 14	610	416	194
Lyons 15	530	378	152
Lyons 16	903	641	262
Lyons 17	306	185	121
Lyons 18	421	309	112
Lyons 19	422	311	111
Lyons 20	814	554	260
Lyons 21	798	564	234
Lyons 22	310	234	76
Lyons 23	533	298	235
Lyons 24	404	258	146
Lyons 25	452	283	169
Lyons 26	312	203	109
Lyons 27	430	238	192
Lyons 28	601	365	236
Lyons 29	335	230	105
Lyons 30	69	51	18
Lyons 31	463	291	172
Lyons 32	195	142	53
Lyons 33	165	115	50
Lyons 34	222	150	72
Lyons 35	358	218	140
Lyons 36	441	237	204
Lyons 37	313	226	87
Lyons 38	215	158	57
Lyons 39	498	349	149
Lyons 40	397	270	127
Lyons 41	297	165	132
Lyons 42	446	281	165
Lyons 43	431	289	142
Lyons 44	742	486	256
Lyons 45	684	444	240
Lyons 46	349	217	132
Lyons 47	470	325	145
Lyons 48	428	320	108
Lyons 49	305	174	131
Lyons 50	544	371	173
Lyons 51	334	230	104
Lyons 52	512	358	154
Lyons 53	474	297	177
Lyons 54	260	180	80
Lyons 55	540	340	200
Lyons 56	582	450	132
Lyons 57	475	384	91
Lyons 58	312	225	87
Lyons 59	363	260	103
Lyons 60	667	589	78
Lyons 61	449	318	131
Lyons 62	213	140	73
Lyons 63	633	375	258
Lyons 64	392	309	83
Lyons 65	565	390	175
Lyons 66	302	237	65
Lyons 67	475	336	139
Lyons 68	325	250	75
Lyons 69	621	435	186
Lyons 70	373	348	25
Lyons 71	180	142	38
Lyons 72	605	388	217
Lyons 73	439	311	128
Lyons 74	225	149	76
Lyons 75	289	211	78
Lyons 76	313	210	103
Lyons 77	313	202	111
Lyons 78	309	196	113
Maine 1	306	217	89
Maine 2	349	267	82
Maine 3	214	140	74
Maine 4	478	306	172
Maine 5	519	393	126
Maine 6	698	466	232
Maine 7	343	228	115
Maine 8	516	338	178
Maine 9	761	534	227
Maine 10	365	227	138
Maine 11	320	215	105
Maine 12	337	224	113
Maine 13	471	319	152
Maine 14	588	405	183
Maine 15	261	193	68
Maine 16	341	231	110
Maine 17	460	306	154
Maine 18	412	271	141
Maine 19	309	207	102
Maine 20	265	171	94
Maine 21	599	396	203
Maine 22	612	401	211
Maine 23	382	273	109
Maine 24	642	437	205
Maine 25	537	366	171
Maine 26	424	302	122
Maine 27	345	238	107
Maine 28	219	179	40
Maine 29	693	440	253
Maine 30	1098	706	392
Maine 31	437	296	141
Maine 32	276	188	88
Maine 33	304	252	52
Maine 34	565	390	175
Maine 35	434	313	121
Maine 36	455	266	189
Maine 37	484	284	200
Maine 38	341	222	119
Maine 39	404	243	161
Maine 40	375	272	103
Maine 41	345	232	113
Maine 42	691	425	266
Maine 43	369	226	143
Maine 44	312	204	108
Maine 45	198	160	38
Maine 46	438	291	147
Maine 47	459	347	112
Maine 48	575	386	189
Maine 49	443	310	133
Maine 50	465	299	166
Maine 51	393	293	100
Maine 52	424	320	104
Maine 53	399	285	114
Maine 54	478	300	178
Maine 55	346	226	120
Maine 56	548	350	198
Maine 57	266	220	46
Maine 58	447	284	163
Maine 59	431	274	157
Maine 60	766	459	307
Maine 61	283	194	89
Maine 62	212	156	56
Maine 63	315	231	84
Maine 64	334	207	127
Maine 65	302	173	129
Maine 66	183	124	59
Maine 67	620	382	238
Maine 68	326	219	107
Maine 69	396	267	129
Maine 70	467	365	102
Maine 71	213	169	44
Maine 72	344	223	121
Maine 73	137	99	38
Maine 74	385	262	123
Maine 75	348	238	110
Maine 76	250	158	92
Maine 77	691	466	225
Maine 78	374	297	77
Maine 79	395	304	91
Maine 80	421	280	141
Maine 81	244	174	70
Maine 82	426	301	125
Maine 83	297	198	99
Maine 84	209	157	52
Maine 85	260	178	82
Maine 86	374	274	100
Maine 87	303	209	94
Maine 88	285	159	126
Maine 89	295	214	81
Maine 90	234	152	82
Maine 91	629	426	203
Maine 92	291	203	88
New Trier 1	824	654	170
New Trier 2	877	710	167
New Trier 3	605	481	124
New Trier 4	730	578	152
New Trier 5	455	362	93
New Trier 6	403	323	80
New Trier 7	563	421	142
New Trier 8	445	293	152
New Trier 9	563	379	184
New Trier 10	530	403	127
New Trier 11	632	438	194
New Trier 12	587	408	179
New Trier 13	754	551	203
New Trier 14	625	423	202
New Trier 15	745	533	212
New Trier 16	704	469	235
New Trier 17	549	424	125
New Trier 18	427	319	108
New Trier 19	355	212	143
New Trier 20	745	508	237
New Trier 21	638	508	130
New Trier 22	501	334	167
New Trier 23	513	337	176
New Trier 24	713	561	152
New Trier 25	485	357	128
New Trier 26	444	355	89
New Trier 27	581	474	107
New Trier 28	447	336	111
New Trier 29	503	369	134
New Trier 30	665	497	168
New Trier 31	626	477	149
New Trier 32	531	414	117
New Trier 33	704	567	137
New Trier 34	459	325	134
New Trier 35	361	278	83
New Trier 36	757	555	202
New Trier 37	599	453	146
New Trier 38	620	467	153
New Trier 39	417	306	111
New Trier 40	337	243	94
New Trier 41	445	311	134
Niles 1	478	319	159
Niles 2	545	372	173
Niles 3	794	541	253
Niles 4	352	271	81
Niles 5	267	202	65
Niles 6	427	287	140
Niles 7	746	577	169
Niles 8	265	214	51
Niles 9	331	229	102
Niles 10	512	378	134
Niles 11	277	188	89
Niles 12	359	290	69
Niles 13	553	393	160
Niles 14	667	554	113
Niles 15	544	411	133
Niles 16	646	496	150
Niles 17	621	503	118
Niles 18	329	271	58
Niles 19	540	422	118
Niles 20	451	338	113
Niles 21	776	636	140
Niles 22	480	370	110
Niles 23	518	432	86
Niles 24	580	453	127
Niles 25	284	228	56
Niles 26	528	396	132
Niles 27	431	363	68
Niles 28	592	470	122
Niles 29	319	269	50
Niles 30	368	282	86
Niles 31	566	437	129
Niles 32	273	218	55
Niles 33	641	511	130
Niles 34	461	367	94
Niles 35	571	452	119
Niles 36	339	290	49
Niles 37	516	408	108
Niles 38	773	572	201
Niles 39	565	439	126
Niles 40	232	170	62
Niles 41	573	463	110
Niles 42	470	386	84
Niles 43	604	433	171
Niles 44	582	468	114
Niles 45	397	321	76
Niles 46	573	451	122
Niles 47	319	262	57
Niles 48	454	356	98
Niles 49	773	640	133
Niles 50	574	411	163
Niles 51	274	204	70
Niles 52	378	287	91
Niles 53	728	550	178
Niles 54	326	230	96
Niles 55	353	282	71
Niles 56	608	424	184
Niles 57	556	385	171
Niles 58	503	383	120
Niles 59	760	535	225
Niles 60	654	536	118
Niles 61	647	503	144
Niles 62	312	262	50
Niles 63	622	487	135
Niles 64	668	503	165
Northfield 1	549	402	147
Northfield 2	518	375	143
Northfield 3	397	301	96
Northfield 4	496	324	172
Northfield 5	352	241	111
Northfield 6	508	338	170
Northfield 7	712	534	178
Northfield 8	545	360	185
Northfield 9	387	273	114
Northfield 10	444	327	117
Northfield 11	292	220	72
Northfield 12	834	543	291
Northfield 13	433	298	135
Northfield 14	440	332	108
Northfield 15	452	329	123
Northfield 16	599	467	132
Northfield 17	454	356	98
Northfield 18	718	546	172
Northfield 19	565	388	177
Northfield 20	556	420	136
Northfield 21	800	526	274
Northfield 22	581	468	113
Northfield 23	400	254	146
Northfield 24	510	355	155
Northfield 25	472	320	152
Northfield 26	473	352	121
Northfield 27	518	396	122
Northfield 28	878	651	227
Northfield 29	425	330	95
Northfield 30	609	431	178
Northfield 31	644	431	213
Northfield 32	725	528	197
Northfield 33	279	202	77
Northfield 34	375	256	119
Northfield 35	529	368	161
Northfield 36	374	268	106
Northfield 37	588	389	199
Northfield 38	441	300	141
Northfield 39	275	180	95
Northfield 40	318	232	86
Northfield 41	483	367	116
Northfield 42	474	335	139
Northfield 43	585	465	120
Northfield 44	425	319	106
Northfield 45	664	475	189
Northfield 46	738	521	217
Northfield 47	703	554	149
Northfield 48	502	335	167
Northfield 49	417	336	81
Northfield 50	617	467	150
Northfield 51	1290	923	367
Northfield 52	506	382	124
Northfield 53	569	447	122
Northfield 54	450	368	82
Northfield 55	544	450	94
Northfield 56	697	467	230
Northfield 57	358	254	104
Northfield 58	284	212	72
Northfield 59	489	369	120
Northfield 60	691	564	127
Northfield 61	393	273	120
Northfield 62	578	421	157
Norwood Park 1	430	306	124
Norwood Park 2	457	298	159
Norwood Park 3	528	356	172
Norwood Park 4	516	338	178
Norwood Park 5	390	243	147
Norwood Park 6	561	360	201
Norwood Park 7	324	194	130
Norwood Park 8	259	170	89
Norwood Park 9	251	180	71
Norwood Park 10	284	168	116
Norwood Park 11	681	409	272
Norwood Park 12	371	261	110
Norwood Park 13	325	196	129
Norwood Park 14	390	259	131
Norwood Park 15	339	219	120
Norwood Park 16	287	199	88
Norwood Park 17	389	262	127
Oak Park 1	506	409	97
Oak Park 2	849	672	177
Oak Park 3	894	679	215
Oak Park 4	744	576	168
Oak Park 5	769	609	160
Oak Park 6	849	687	162
Oak Park 7	545	442	103
Oak Park 8	686	576	110
Oak Park 9	428	331	97
Oak Park 10	666	529	137
Oak Park 11	623	516	107
Oak Park 12	374	291	83
Oak Park 13	674	534	140
Oak Park 14	723	571	152
Oak Park 15	874	697	177
Oak Park 16	975	763	212
Oak Park 17	992	757	235
Oak Park 18	603	434	169
Oak Park 19	724	580	144
Oak Park 20	960	787	173
Oak Park 21	506	423	83
Oak Park 22	508	412	96
Oak Park 23	676	516	160
Oak Park 24	488	377	111
Oak Park 25	670	521	149
Oak Park 26	599	478	121
Oak Park 27	192	143	49
Oak Park 28	886	724	162
Oak Park 29	632	474	158
Oak Park 30	811	646	165
Oak Park 31	1067	837	230
Oak Park 32	463	366	97
Oak Park 33	626	493	133
Oak Park 34	561	436	125
Oak Park 35	822	637	185
Oak Park 36	833	642	191
Oak Park 37	435	344	91
Orland 1	654	457	197
Orland 2	508	307	201
Orland 3	255	188	67
Orland 4	308	177	131
Orland 5	327	195	132
Orland 6	290	207	83
Orland 7	256	166	90
Orland 8	347	242	105
Orland 9	481	343	138
Orland 10	458	289	169
Orland 11	309	206	103
Orland 12	204	125	79
Orland 13	617	444	173
Orland 14	458	304	154
Orland 15	580	356	224
Orland 16	406	242	164
Orland 17	319	230	89
Orland 18	542	368	174
Orland 19	301	188	113
Orland 20	249	141	108
Orland 21	518	334	184
Orland 22	408	271	137
Orland 23	354	247	107
Orland 24	376	230	146
Orland 25	713	479	234
Orland 26	367	242	125
Orland 27	295	201	94
Orland 28	279	177	102
Orland 29	619	401	218
Orland 30	275	185	90
Orland 31	313	216	97
Orland 32	268	171	97
Orland 33	351	228	123
Orland 34	475	320	155
Orland 35	445	291	154
Orland 36	531	360	171
Orland 37	468	319	149
Orland 38	254	181	73
Orland 39	357	232	125
Orland 40	491	307	184
Orland 41	378	244	134
Orland 42	506	348	158
Orland 43	419	282	137
Orland 44	389	240	149
Orland 45	429	276	153
Orland 46	348	221	127
Orland 47	631	406	225
Orland 48	425	279	146
Orland 49	322	200	122
Orland 50	362	228	134
Orland 51	516	329	187
Orland 52	433	277	156
Orland 53	346	228	118
Orland 54	608	372	236
Orland 55	335	213	122
Orland 56	339	178	161
Orland 57	441	280	161
Orland 58	467	308	159
Orland 59	436	271	165
Orland 60	331	212	119
Orland 61	378	240	138
Orland 62	467	310	157
Orland 63	497	309	188
Orland 64	557	335	222
Orland 65	398	236	162
Orland 66	400	263	137
Orland 67	288	205	83
Orland 68	364	234	130
Orland 69	259	199	60
Orland 70	605	391	214
Orland 71	388	231	157
Orland 72	360	228	132
Orland 73	586	385	201
Orland 74	296	212	84
Orland 75	523	298	225
Palatine 1	377	231	146
Palatine 2	678	453	225
Palatine 4	291	221	70
Palatine 5	641	416	225
Palatine 6	579	395	184
Palatine 7	542	338	204
Palatine 8	584	366	218
Palatine 9	441	259	182
Palatine 11	430	265	165
Palatine 12	305	188	117
Palatine 13	433	274	159
Palatine 14	477	319	158
Palatine 15	589	379	210
Palatine 16	331	241	90
Palatine 17	507	321	186
Palatine 18	370	233	137
Palatine 19	536	321	215
Palatine 20	448	325	123
Palatine 21	638	387	251
Palatine 22	476	314	162
Palatine 23	131	72	59
Palatine 24	625	385	240
Palatine 25	426	277	149
Palatine 26	648	417	231
Palatine 27	352	239	113
Palatine 28	349	225	124
Palatine 29	646	429	217
Palatine 30	398	265	133
Palatine 31	376	228	148
Palatine 32	462	286	176
Palatine 33	306	214	92
Palatine 34	596	363	233
Palatine 35	455	299	156
Palatine 36	429	288	141
Palatine 37	594	387	207
Palatine 38	463	264	199
Palatine 39	673	428	245
Palatine 40	732	475	257
Palatine 41	663	417	246
Palatine 42	649	432	217
Palatine 43	470	303	167
Palatine 45	405	260	145
Palatine 46	564	350	214
Palatine 47	507	325	182
Palatine 48	381	257	124
Palatine 49	3	1	2
Palatine 50	716	446	270
Palatine 51	290	181	109
Palatine 52	488	282	206
Palatine 53	380	269	111
Palatine 54	645	437	208
Palatine 55	355	222	133
Palatine 56	561	368	193
Palatine 57	707	447	260
Palatine 58	438	299	139
Palatine 59	646	435	211
Palatine 60	478	355	123
Palatine 61	300	215	85
Palatine 62	406	289	117
Palatine 63	491	313	178
Palatine 64	472	311	161
Palatine 65	445	281	164
Palatine 66	591	425	166
Palatine 68	426	262	164
Palatine 69	485	315	170
Palos 1	285	146	139
Palos 2	323	200	123
Palos 3	347	205	142
Palos 4	333	231	102
Palos 5	264	178	86
Palos 6	234	166	68
Palos 7	469	324	145
Palos 8	169	95	74
Palos 9	317	191	126
Palos 10	473	254	219
Palos 11	421	281	140
Palos 12	400	268	132
Palos 13	386	237	149
Palos 14	288	188	100
Palos 15	388	235	153
Palos 16	541	345	196
Palos 17	530	360	170
Palos 18	494	346	148
Palos 19	540	362	178
Palos 20	468	325	143
Palos 21	291	199	92
Palos 22	77	44	33
Palos 23	294	200	94
Palos 24	264	156	108
Palos 25	451	395	56
Palos 26	262	174	88
Palos 27	467	326	141
Palos 28	362	310	52
Palos 29	449	246	203
Palos 30	518	342	176
Palos 31	465	306	159
Palos 32	208	143	65
Palos 33	499	317	182
Palos 34	307	189	118
Palos 35	538	325	213
Palos 36	491	313	178
Palos 37	466	286	180
Palos 38	397	253	144
Palos 39	485	312	173
Proviso 1	384	325	59
Proviso 2	377	335	42
Proviso 3	545	459	86
Proviso 4	496	480	16
Proviso 5	494	468	26
Proviso 6	355	236	119
Proviso 7	104	82	22
Proviso 8	330	273	57
Proviso 9	441	416	25
Proviso 10	329	292	37
Proviso 11	323	269	54
Proviso 12	478	389	89
Proviso 13	458	367	91
Proviso 14	271	232	39
Proviso 15	372	336	36
Proviso 16	417	360	57
Proviso 17	319	297	22
Proviso 18	612	581	31
Proviso 19	487	465	22
Proviso 20	425	412	13
Proviso 21	413	295	118
Proviso 22	388	375	13
Proviso 23	207	161	46
Proviso 24	701	510	191
Proviso 25	602	397	205
Proviso 26	628	455	173
Proviso 27	554	367	187
Proviso 28	522	364	158
Proviso 29	667	437	230
Proviso 30	545	469	76
Proviso 31	319	310	9
Proviso 32	599	412	187
Proviso 33	556	530	26
Proviso 34	816	757	59
Proviso 35	551	374	177
Proviso 36	484	455	29
Proviso 37	327	317	10
Proviso 38	447	414	33
Proviso 39	560	491	69
Proviso 40	486	454	32
Proviso 41	419	396	23
Proviso 42	313	294	19
Proviso 43	312	298	14
Proviso 44	354	332	22
Proviso 45	439	415	24
Proviso 46	138	87	51
Proviso 47	261	248	13
Proviso 48	582	543	39
Proviso 49	355	320	35
Proviso 50	711	579	132
Proviso 51	535	428	107
Proviso 52	336	314	22
Proviso 53	488	471	17
Proviso 54	768	519	249
Proviso 55	460	336	124
Proviso 56	375	352	23
Proviso 57	426	342	84
Proviso 58	296	280	16
Proviso 59	419	344	75
Proviso 60	334	303	31
Proviso 61	594	504	90
Proviso 62	629	495	134
Proviso 63	586	370	216
Proviso 64	494	480	14
Proviso 65	411	348	63
Proviso 66	651	508	143
Proviso 67	782	607	175
Proviso 68	341	247	94
Proviso 69	367	355	12
Proviso 70	410	298	112
Proviso 71	815	685	130
Proviso 72	467	364	103
Proviso 73	494	382	112
Proviso 74	562	432	130
Proviso 75	557	383	174
Proviso 76	607	481	126
Proviso 77	311	214	97
Proviso 78	127	103	24
Proviso 79	398	374	24
Proviso 80	292	251	41
Proviso 81	403	342	61
Proviso 82	674	642	32
Proviso 83	578	556	22
Proviso 84	331	234	97
Proviso 85	553	412	141
Proviso 86	474	456	18
Proviso 87	429	351	78
Proviso 88	208	192	16
Proviso 89	399	276	123
Proviso 90	798	550	248
Proviso 91	407	342	65
Proviso 92	641	492	149
Proviso 93	373	286	87
Proviso 94	406	382	24
Proviso 95	367	292	75
Proviso 96	294	211	83
Proviso 97	662	454	208
Proviso 98	429	340	89
Proviso 99	496	468	28
Proviso 100	506	380	126
Proviso 101	444	325	119
Proviso 102	597	452	145
Rich 1	1807	1720	87
Rich 2	562	512	50
Rich 3	775	668	107
Rich 4	448	423	25
Rich 5	675	618	57
Rich 6	772	715	57
Rich 7	487	402	85
Rich 9	720	675	45
Rich 12	627	569	58
Rich 15	896	857	39
Rich 18	589	554	35
Rich 19	333	249	84
Rich 20	744	522	222
Rich 21	652	596	56
Rich 22	19	13	6
Rich 23	763	720	43
Rich 25	801	744	57
Rich 26	605	542	63
Rich 28	448	431	17
Rich 29	530	408	122
Rich 30	777	737	40
Rich 31	320	254	66
Rich 33	424	348	76
Rich 34	535	508	27
Rich 35	426	382	44
Rich 36	1189	1135	54
Rich 37	441	431	10
Rich 38	481	464	17
Rich 39	603	529	74
Rich 40	509	477	32
Rich 41	368	337	31
Rich 42	530	501	29
Rich 43	622	585	37
Rich 44	426	411	15
Rich 45	712	645	67
Rich 46	810	787	23
Rich 47	836	795	41
Rich 48	613	587	26
Rich 49	489	425	64
Rich 51	510	477	33
River Forest 1	771	598	173
River Forest 2	490	367	123
River Forest 3	566	428	138
River Forest 4	670	498	172
River Forest 5	435	325	110
River Forest 6	410	305	105
River Forest 7	572	435	137
River Forest 8	750	567	183
Riverside 1	595	387	208
Riverside 2	56	33	23
Riverside 3	356	236	120
Riverside 4	694	469	225
Riverside 5	374	273	101
Riverside 6	453	311	142
Riverside 7	365	259	106
Riverside 8	610	421	189
Riverside 9	441	272	169
Riverside 10	600	404	196
Riverside 11	714	450	264
Riverside 12	358	243	115
Riverside 13	535	366	169
Schaumburg 1	782	586	196
Schaumburg 2	693	491	202
Schaumburg 3	474	314	160
Schaumburg 4	307	246	61
Schaumburg 5	276	194	82
Schaumburg 6	403	275	128
Schaumburg 7	336	262	74
Schaumburg 8	398	279	119
Schaumburg 9	409	296	113
Schaumburg 10	318	223	95
Schaumburg 11	421	258	163
Schaumburg 12	478	351	127
Schaumburg 13	340	236	104
Schaumburg 14	525	338	187
Schaumburg 15	458	306	152
Schaumburg 16	549	397	152
Schaumburg 17	476	301	175
Schaumburg 18	412	309	103
Schaumburg 19	367	261	106
Schaumburg 20	357	248	109
Schaumburg 21	620	393	227
Schaumburg 22	540	415	125
Schaumburg 23	500	345	155
Schaumburg 24	556	347	209
Schaumburg 25	466	331	135
Schaumburg 26	528	366	162
Schaumburg 27	403	296	107
Schaumburg 28	558	398	160
Schaumburg 29	561	378	183
Schaumburg 30	433	293	140
Schaumburg 31	610	413	197
Schaumburg 32	609	409	200
Schaumburg 33	387	262	125
Schaumburg 34	547	440	107
Schaumburg 35	331	246	85
Schaumburg 36	335	205	130
Schaumburg 37	323	231	92
Schaumburg 38	447	318	129
Schaumburg 39	677	438	239
Schaumburg 40	420	273	147
Schaumburg 41	411	258	153
Schaumburg 42	539	394	145
Schaumburg 43	407	311	96
Schaumburg 44	558	445	113
Schaumburg 45	488	348	140
Schaumburg 46	345	236	109
Schaumburg 47	431	276	155
Schaumburg 48	362	248	114
Schaumburg 49	339	239	100
Schaumburg 50	354	213	141
Schaumburg 51	384	287	97
Schaumburg 52	614	397	217
Schaumburg 53	466	315	151
Schaumburg 54	537	357	180
Schaumburg 55	400	245	155
Schaumburg 56	526	330	196
Schaumburg 57	591	380	211
Schaumburg 58	288	190	98
Schaumburg 59	596	383	213
Schaumburg 60	348	254	94
Schaumburg 61	692	473	219
Schaumburg 62	553	414	139
Schaumburg 63	420	272	148
Schaumburg 64	419	267	152
Schaumburg 65	358	245	113
Schaumburg 66	423	258	165
Schaumburg 67	456	284	172
Schaumburg 68	434	277	157
Schaumburg 69	392	264	128
Schaumburg 70	383	231	152
Schaumburg 71	433	317	116
Schaumburg 72	397	269	128
Schaumburg 73	543	347	196
Schaumburg 74	377	242	135
Schaumburg 75	414	250	164
Schaumburg 76	439	266	173
Schaumburg 77	605	431	174
Schaumburg 78	373	293	80
Stickney 1	212	150	62
Stickney 2	329	257	72
Stickney 3	610	462	148
Stickney 4	466	346	120
Stickney 5	524	384	140
Stickney 6	582	424	158
Stickney 7	249	184	65
Stickney 8	400	284	116
Stickney 9	400	292	108
Stickney 10	510	385	125
Stickney 11	455	328	127
Stickney 12	435	320	115
Stickney 13	360	280	80
Stickney 14	514	348	166
Stickney 15	496	373	123
Stickney 16	519	391	128
Stickney 17	301	217	84
Stickney 18	227	172	55
Stickney 19	356	264	92
Stickney 20	354	284	70
Thornton 1	272	265	7
Thornton 2	211	199	12
Thornton 3	416	392	24
Thornton 4	550	528	22
Thornton 5	342	310	32
Thornton 6	586	572	14
Thornton 7	443	420	23
Thornton 8	449	433	16
Thornton 9	272	264	8
Thornton 10	425	383	42
Thornton 11	239	219	20
Thornton 12	361	325	36
Thornton 13	402	327	75
Thornton 14	468	404	64
Thornton 15	435	406	29
Thornton 16	422	340	82
Thornton 17	500	423	77
Thornton 18	625	478	147
Thornton 19	533	452	81
Thornton 20	295	205	90
Thornton 21	647	583	64
Thornton 22	421	397	24
Thornton 26	434	375	59
Thornton 27	590	554	36
Thornton 28	338	305	33
Thornton 29	263	251	12
Thornton 30	253	249	4
Thornton 31	124	113	11
Thornton 32	330	316	14
Thornton 33	423	403	20
Thornton 34	670	626	44
Thornton 35	657	621	36
Thornton 36	224	209	15
Thornton 37	508	411	97
Thornton 38	635	589	46
Thornton 39	351	340	11
Thornton 40	324	307	17
Thornton 41	311	286	25
Thornton 42	305	291	14
Thornton 43	367	279	88
Thornton 44	305	294	11
Thornton 45	405	396	9
Thornton 46	501	479	22
Thornton 47	339	270	69
Thornton 48	423	414	9
Thornton 49	230	224	6
Thornton 50	356	313	43
Thornton 51	364	272	92
Thornton 52	449	437	12
Thornton 53	303	287	16
Thornton 54	698	636	62
Thornton 55	325	305	20
Thornton 56	422	372	50
Thornton 57	313	220	93
Thornton 58	501	452	49
Thornton 59	325	298	27
Thornton 60	283	270	13
Thornton 61	296	278	18
Thornton 62	148	116	32
Thornton 63	237	209	28
Thornton 64	424	409	15
Thornton 65	550	427	123
Thornton 66	704	649	55
Thornton 68	453	364	89
Thornton 69	321	311	10
Thornton 70	224	206	18
Thornton 71	247	241	6
Thornton 72	444	426	18
Thornton 73	659	619	40
Thornton 74	479	459	20
Thornton 75	444	422	22
Thornton 76	501	459	42
Thornton 77	678	650	28
Thornton 78	496	480	16
Thornton 79	585	523	62
Thornton 80	421	380	41
Thornton 81	418	399	19
Thornton 82	359	234	125
Thornton 83	601	575	26
Thornton 84	619	597	22
Thornton 85	401	385	16
Thornton 86	407	394	13
Thornton 87	633	615	18
Thornton 88	440	419	21
Thornton 89	635	593	42
Thornton 90	489	458	31
Thornton 91	461	428	33
Thornton 92	492	452	40
Thornton 93	309	301	8
Thornton 94	529	500	29
Thornton 95	341	332	9
Thornton 96	348	335	13
Thornton 97	192	153	39
Thornton 98	158	151	7
Thornton 99	375	347	28
Thornton 100	272	265	7
Thornton 101	381	369	12
Thornton 102	238	227	11
Thornton 103	257	246	11
Thornton 104	175	163	12
Thornton 105	401	389	12
Thornton 106	316	302	14
Thornton 107	642	608	34
Thornton 108	252	233	19
Thornton 109	317	300	17
Thornton 110	289	271	18
Thornton 111	325	306	19
Thornton 112	234	212	22
Thornton 113	218	207	11
Thornton 114	448	371	77
Thornton 115	448	436	12
Thornton 116	488	444	44
Thornton 117	512	422	90
Thornton 119	426	403	23
Thornton 120	725	695	30
Thornton 121	360	337	23
Thornton 122	620	559	61
Thornton 123	321	298	23
Wheeling 1	430	301	129
Wheeling 2	355	224	131
Wheeling 3	497	323	174
Wheeling 4	335	231	104
Wheeling 5	465	330	135
Wheeling 6	309	215	94
Wheeling 7	703	482	221
Wheeling 8	352	216	136
Wheeling 9	361	271	90
Wheeling 10	610	385	225
Wheeling 11	624	416	208
Wheeling 12	651	412	239
Wheeling 13	412	242	170
Wheeling 14	397	255	142
Wheeling 15	427	299	128
Wheeling 16	188	132	56
Wheeling 17	417	310	107
Wheeling 18	438	288	150
Wheeling 19	658	451	207
Wheeling 20	550	373	177
Wheeling 21	336	207	129
Wheeling 22	551	383	168
Wheeling 23	435	272	163
Wheeling 24	369	248	121
Wheeling 25	626	430	196
Wheeling 26	721	469	252
Wheeling 27	716	491	225
Wheeling 28	644	416	228
Wheeling 29	282	193	89
Wheeling 30	654	409	245
Wheeling 31	350	212	138
Wheeling 32	326	204	122
Wheeling 33	244	181	63
Wheeling 34	606	383	223
Wheeling 35	452	322	130
Wheeling 36	763	494	269
Wheeling 37	547	409	138
Wheeling 38	540	374	166
Wheeling 39	540	365	175
Wheeling 40	516	325	191
Wheeling 41	777	506	271
Wheeling 42	623	410	213
Wheeling 43	452	328	124
Wheeling 44	569	358	211
Wheeling 45	403	259	144
Wheeling 46	763	473	290
Wheeling 47	378	269	109
Wheeling 48	410	285	125
Wheeling 49	567	434	133
Wheeling 50	383	301	82
Wheeling 51	546	354	192
Wheeling 52	417	296	121
Wheeling 53	552	344	208
Wheeling 54	555	347	208
Wheeling 55	482	357	125
Wheeling 56	426	309	117
Wheeling 57	555	366	189
Wheeling 58	362	232	130
Wheeling 59	530	355	175
Wheeling 60	378	278	100
Wheeling 61	576	321	255
Wheeling 62	564	390	174
Wheeling 63	358	267	91
Wheeling 64	689	504	185
Wheeling 65	650	415	235
Wheeling 66	593	417	176
Wheeling 67	312	263	49
Wheeling 68	288	178	110
Wheeling 69	496	308	188
Wheeling 70	657	467	190
Wheeling 71	772	494	278
Wheeling 72	471	341	130
Wheeling 73	485	335	150
Wheeling 74	341	247	94
Wheeling 75	485	327	158
Wheeling 76	571	414	157
Wheeling 77	200	154	46
Wheeling 78	768	496	272
Wheeling 79	442	319	123
Wheeling 80	375	273	102
Wheeling 81	389	284	105
Wheeling 82	666	463	203
Wheeling 83	751	516	235
Wheeling 84	632	451	181
Wheeling 85	394	256	138
Wheeling 86	562	388	174
Wheeling 87	464	320	144
Wheeling 88	543	407	136
Wheeling 89	292	218	74
Wheeling 90	484	317	167
Wheeling 91	607	456	151
Wheeling 92	730	497	233
Worth 1	250	183	67
Worth 2	508	355	153
Worth 3	456	315	141
Worth 4	654	550	104
Worth 5	473	320	153
Worth 6	471	310	161
Worth 7	397	245	152
Worth 8	523	437	86
Worth 9	518	392	126
Worth 10	582	452	130
Worth 11	480	348	132
Worth 12	296	214	82
Worth 13	512	386	126
Worth 14	435	350	85
Worth 15	630	478	152
Worth 16	564	354	210
Worth 17	513	401	112
Worth 18	317	179	138
Worth 19	463	331	132
Worth 20	344	271	73
Worth 21	639	432	207
Worth 22	368	263	105
Worth 23	456	300	156
Worth 24	240	200	40
Worth 25	530	371	159
Worth 26	347	240	107
Worth 27	367	260	107
Worth 28	297	229	68
Worth 29	421	358	63
Worth 30	492	359	133
Worth 31	615	475	140
Worth 32	314	233	81
Worth 33	411	296	115
Worth 34	442	343	99
Worth 35	472	329	143
Worth 36	518	403	115
Worth 37	391	319	72
Worth 38	568	455	113
Worth 39	425	308	117
Worth 40	488	379	109
Worth 41	249	182	67
Worth 42	356	257	99
Worth 43	309	298	11
Worth 44	295	197	98
Worth 45	363	263	100
Worth 46	554	395	159
Worth 47	242	181	61
Worth 48	341	245	96
Worth 49	272	190	82
Worth 50	489	327	162
Worth 51	311	191	120
Worth 52	272	180	92
Worth 53	466	328	138
Worth 54	488	383	105
Worth 55	250	183	67
Worth 56	432	309	123
Worth 57	504	372	132
Worth 58	488	339	149
Worth 59	643	566	77
Worth 60	267	185	82
Worth 61	383	257	126
Worth 62	248	160	88
Worth 63	446	352	94
Worth 64	590	385	205
Worth 65	616	360	256
Worth 66	320	202	118
Worth 67	269	169	100
Worth 68	403	333	70
Worth 69	582	461	121
Worth 70	539	380	159
Worth 71	364	242	122
Worth 72	508	393	115
Worth 73	301	229	72
Worth 74	241	176	65
Worth 75	513	410	103
Worth 76	225	163	62
Worth 77	438	335	103
Worth 78	576	375	201
Worth 79	267	172	95
Worth 80	559	455	104
Worth 81	328	203	125
Worth 82	438	296	142
Worth 83	212	175	37
Worth 84	444	318	126
Worth 85	460	318	142
Worth 86	436	302	134
Worth 87	401	256	145
Worth 88	266	194	72
Worth 89	547	329	218
Worth 90	489	374	115
Worth 91	254	185	69
Worth 92	470	340	130
Worth 93	255	181	74
Worth 94	496	329	167
Worth 95	450	267	183
Worth 96	584	473	111
Worth 97	409	350	59
Worth 98	500	378	122
Worth 99	270	173	97
Worth 100	445	341	104
