Precinct	total_votes	votes|Kimberly Neely Dubuclet	votes|Rachel Wales
01001	556	392	164
01002	448	317	131
01003	584	445	139
01004	575	420	155
01005	600	441	159
01006	493	347	146
01007	382	256	126
01008	435	342	93
01009	393	274	119
01010	654	485	169
01011	617	413	204
01012	599	407	192
01013	241	164	77
01014	474	374	100
01015	459	320	139
01016	626	462	164
01017	445	320	125
01018	498	354	144
01019	584	408	176
01020	412	284	128
01021	707	521	186
01022	334	249	85
01023	728	487	241
01024	445	325	120
01025	502	344	158
01026	333	251	82
01027	553	413	140
01028	120	111	9
01029	611	461	150
01030	549	385	164
01031	475	357	118
01032	492	340	152
01033	581	411	170
01034	424	293	131
01035	615	438	177
01036	528	387	141
01037	512	363	149
01038	470	329	141
01039	445	317	128
01040	489	361	128
01041	304	206	98
01042	164	112	52
01043	329	246	83
01044	471	323	148
02001	599	419	180
02002	387	300	87
02003	603	445	158
02004	465	340	125
02005	637	443	194
02006	505	365	140
02007	486	358	128
02008	625	454	171
02009	451	332	119
02010	398	313	85
02011	527	421	106
02012	479	405	74
02013	447	345	102
02014	544	356	188
02015	512	377	135
02016	466	338	128
02017	623	451	172
02018	490	367	123
02019	351	255	96
02020	561	406	155
02021	546	385	161
02022	531	405	126
02023	336	261	75
02024	457	360	97
02025	557	419	138
02026	444	360	84
02027	448	335	113
02028	554	428	126
02029	563	436	127
02030	432	298	134
02031	566	403	163
02032	395	294	101
02033	720	553	167
02034	399	305	94
02035	618	465	153
02036	553	436	117
02037	467	368	99
02038	441	344	97
02039	321	223	98
02040	687	534	153
02041	505	400	105
02042	578	453	125
02043	658	512	146
02044	300	238	62
02045	585	458	127
02046	272	187	85
03001	614	571	43
03002	577	540	37
03003	416	365	51
03004	517	479	38
03005	297	274	23
03006	654	477	177
03007	304	273	31
03008	390	361	29
03009	483	441	42
03010	223	209	14
03011	501	459	42
03012	480	438	42
03013	559	418	141
03014	558	442	116
03015	444	417	27
03016	417	389	28
03017	682	551	131
03018	703	615	88
03019	552	424	128
03020	503	465	38
03021	534	430	104
03022	671	499	172
03023	403	371	32
03024	398	369	29
03025	822	638	184
03026	559	430	129
03027	640	472	168
03028	310	290	20
03029	459	431	28
03030	414	378	36
03031	519	473	46
03032	596	468	128
03033	600	472	128
03034	632	511	121
03035	228	208	20
03036	250	237	13
03037	434	400	34
03038	390	357	33
03039	823	628	195
03040	515	447	68
03041	330	267	63
04001	757	553	204
04002	660	514	146
04003	396	369	27
04004	674	618	56
04005	499	444	55
04006	587	535	52
04007	598	545	53
04008	535	487	48
04009	572	513	59
04010	614	548	66
04011	526	483	43
04012	577	537	40
04013	632	475	157
04014	514	466	48
04015	620	569	51
04016	865	682	183
04017	663	492	171
04018	477	441	36
04019	375	359	16
04020	466	370	96
04021	724	552	172
04022	521	443	78
04023	692	523	169
04024	472	398	74
04025	575	435	140
04026	481	443	38
04027	663	514	149
04028	432	390	42
04029	427	396	31
04030	685	645	40
04031	521	473	48
04032	562	518	44
04033	512	419	93
04034	438	399	39
04035	586	547	39
04036	581	525	56
04037	933	751	182
04038	542	498	44
05001	387	367	20
05002	323	301	22
05003	547	401	146
05004	657	532	125
05005	421	379	42
05006	369	346	23
05007	503	440	63
05008	520	368	152
05009	601	504	97
05010	361	343	18
05011	515	397	118
05012	306	284	22
05013	396	363	33
05014	374	342	32
05015	452	370	82
05016	441	397	44
05017	400	375	25
05018	479	374	105
05019	465	340	125
05020	578	463	115
05021	535	380	155
05022	562	464	98
05023	844	668	176
05024	546	420	126
05025	433	403	30
05026	463	426	37
05027	564	398	166
05028	504	452	52
05029	481	431	50
05030	320	291	29
05031	359	341	18
05032	583	532	51
05033	513	484	29
05034	563	426	137
05035	589	445	144
05036	269	254	15
05037	530	422	108
05038	419	388	31
05039	391	317	74
05040	338	305	33
05041	272	244	28
06001	424	411	13
06002	400	377	23
06003	422	405	17
06004	306	293	13
06005	268	258	10
06006	404	373	31
06007	353	333	20
06008	380	358	22
06009	343	322	21
06010	227	211	16
06011	340	321	19
06012	280	266	14
06013	298	281	17
06014	354	338	16
06015	312	292	20
06016	396	363	33
06017	257	240	17
06018	278	262	16
06019	350	329	21
06020	220	206	14
06021	202	189	13
06022	227	214	13
06023	205	195	10
06024	199	187	12
06025	205	189	16
06026	283	262	21
06027	215	204	11
06028	183	172	11
06029	401	380	21
06030	305	277	28
06031	391	370	21
06032	354	329	25
06033	374	345	29
06034	385	367	18
06035	349	331	18
06036	450	424	26
06037	396	360	36
06038	402	378	24
06039	305	282	23
06040	341	317	24
06041	383	362	21
06042	382	359	23
06043	342	322	20
06044	370	349	21
06045	412	382	30
06046	261	247	14
06047	274	253	21
06048	400	376	24
07001	342	321	21
07002	350	335	15
07003	389	361	28
07004	372	348	24
07005	311	279	32
07006	474	432	42
07007	355	337	18
07008	304	272	32
07009	633	582	51
07010	413	392	21
07011	392	363	29
07012	347	329	18
07013	232	213	19
07014	388	360	28
07015	354	326	28
07016	283	263	20
07017	306	285	21
07018	325	289	36
07019	343	322	21
07020	278	259	19
07021	272	255	17
07022	313	288	25
07023	354	333	21
07024	300	278	22
07025	292	270	22
07026	295	282	13
07027	297	280	17
07028	268	247	21
07029	306	281	25
07030	257	232	25
07031	245	232	13
07032	486	457	29
07033	479	459	20
07034	436	408	28
07035	390	360	30
07036	426	399	27
07037	375	351	24
07038	311	292	19
07039	330	309	21
07040	305	298	7
07041	362	343	19
07042	303	290	13
07043	360	343	17
07044	309	295	14
07045	342	324	18
07046	152	145	7
08001	322	292	30
08002	353	329	24
08003	432	403	29
08004	425	405	20
08005	426	406	20
08006	393	370	23
08007	434	412	22
08008	369	348	21
08009	259	246	13
08010	482	442	40
08011	317	291	26
08012	337	321	16
08013	432	400	32
08014	279	266	13
08015	340	315	25
08016	120	118	2
08017	341	330	11
08018	362	341	21
08019	410	382	28
08020	432	399	33
08021	475	453	22
08022	355	335	20
08023	319	301	18
08024	232	209	23
08025	363	337	26
08026	356	332	24
08027	415	397	18
08028	392	366	26
08029	433	405	28
08030	399	365	34
08031	285	265	20
08032	316	306	10
08033	359	335	24
08034	358	339	19
08035	415	390	25
08036	407	391	16
08037	322	298	24
08038	255	244	11
08039	383	368	15
08040	297	282	15
08041	437	414	23
08042	465	433	32
08043	214	196	18
08044	265	251	14
08045	372	349	23
08046	310	295	15
08047	308	294	14
08048	346	328	18
08049	359	344	15
08050	378	344	34
08051	413	397	16
08052	466	448	18
08053	216	202	14
08054	304	295	9
08055	304	285	19
08056	380	367	13
09001	363	348	15
09002	328	316	12
09003	280	268	12
09004	276	264	12
09005	350	329	21
09006	333	319	14
09007	302	281	21
09008	357	336	21
09009	377	359	18
09010	293	282	11
09011	241	227	14
09012	409	375	34
09013	409	390	19
09014	432	420	12
09015	398	386	12
09016	317	304	13
09017	245	229	16
09018	267	264	3
09019	341	331	10
09020	353	340	13
09021	314	292	22
09022	366	341	25
09023	409	390	19
09024	377	352	25
09025	365	345	20
09026	392	376	16
09027	312	299	13
09028	222	201	21
09029	314	302	12
09030	287	275	12
09031	270	260	10
09032	361	340	21
09033	274	260	14
09034	265	251	14
09035	365	351	14
09036	292	270	22
09037	493	396	97
09038	386	368	18
09039	386	364	22
09040	390	367	23
09041	298	277	21
09042	367	348	19
09043	321	307	14
09044	323	306	17
09045	280	268	12
09046	361	332	29
09047	374	351	23
09048	412	382	30
09049	389	372	17
09050	469	445	24
09051	351	338	13
10001	329	304	25
10002	340	243	97
10003	331	253	78
10004	267	235	32
10005	263	196	67
10006	268	239	29
10007	255	214	41
10008	224	205	19
10009	293	223	70
10010	341	275	66
10011	387	332	55
10012	220	179	41
10013	309	287	22
10014	415	349	66
10015	658	626	32
10016	250	187	63
10017	434	318	116
10018	219	201	18
10019	327	247	80
10020	357	291	66
10021	341	290	51
10022	202	172	30
10023	304	263	41
10024	314	240	74
10025	102	96	6
10026	247	213	34
10027	334	294	40
10028	366	312	54
10029	307	259	48
10030	286	242	44
10031	252	223	29
10032	330	268	62
10033	237	201	36
10034	238	211	27
10035	362	283	79
10036	91	78	13
11001	392	271	121
11002	30	23	7
11003	421	284	137
11004	332	261	71
11005	526	357	169
11006	661	486	175
11007	634	527	107
11008	400	314	86
11009	321	226	95
11010	360	265	95
11011	439	324	115
11012	497	387	110
11013	444	338	106
11014	196	152	44
11015	163	126	37
11016	247	174	73
11017	494	331	163
11018	295	239	56
11019	510	372	138
11020	268	219	49
11021	502	382	120
11022	452	323	129
11023	236	186	50
11024	465	375	90
11025	510	387	123
11026	457	321	136
11027	137	114	23
11028	172	131	41
11029	425	335	90
11030	196	143	53
11031	376	286	90
11032	183	139	44
11033	508	374	134
11034	133	109	24
11035	106	90	16
11036	163	128	35
11037	106	79	27
11038	225	160	65
12001	344	249	95
12002	310	255	55
12003	458	332	126
12004	388	281	107
12005	299	223	76
12006	352	280	72
12007	327	236	91
12008	375	289	86
12009	297	241	56
12010	422	323	99
12011	355	307	48
12012	356	297	59
12013	351	286	65
12014	325	278	47
12015	270	228	42
12016	315	268	47
12017	354	286	68
12018	309	242	67
12019	352	278	74
12020	416	337	79
12021	336	268	68
12022	291	231	60
12023	354	268	86
13001	266	200	66
13002	271	220	51
13003	271	233	38
13004	306	233	73
13005	384	327	57
13006	310	217	93
13007	250	220	30
13008	255	195	60
13009	335	283	52
13010	290	207	83
13011	343	273	70
13012	284	230	54
13013	334	289	45
13014	331	263	68
13015	449	390	59
13016	215	183	32
13017	270	201	69
13018	238	186	52
13019	360	320	40
13020	180	131	49
13021	342	254	88
13022	347	264	83
13023	236	202	34
13024	325	258	67
13025	321	264	57
13026	299	231	68
13027	296	236	60
13028	256	220	36
13029	250	209	41
13030	262	231	31
13031	338	248	90
13032	251	180	71
13033	325	246	79
13034	396	351	45
13035	302	266	36
13036	205	172	33
13037	363	330	33
13038	268	207	61
13039	328	287	41
13040	328	286	42
13041	359	331	28
13042	298	224	74
13043	331	268	63
13044	340	303	37
13045	358	280	78
13046	367	324	43
13047	348	310	38
13048	281	214	67
14001	366	262	104
14002	438	365	73
14003	350	308	42
14004	340	245	95
14005	478	428	50
14006	167	149	18
14007	396	331	65
14008	372	303	69
14009	411	303	108
14010	237	193	44
14011	218	191	27
14012	373	312	61
14013	307	274	33
14014	317	273	44
14015	377	326	51
14016	233	203	30
14017	282	254	28
14018	141	117	24
14019	306	265	41
14020	251	210	41
14021	334	288	46
14022	441	349	92
14023	274	217	57
14024	407	317	90
14025	202	171	31
14026	260	228	32
14027	317	272	45
14028	265	220	45
14029	274	242	32
14030	187	163	24
14031	200	179	21
15001	306	256	50
15002	209	198	11
15003	223	206	17
15004	320	271	49
15005	294	251	43
15006	299	238	61
15007	229	212	17
15008	265	222	43
15009	387	329	58
15010	431	370	61
15011	350	302	48
15012	373	314	59
15013	289	240	49
15014	271	230	41
15015	248	203	45
15016	346	311	35
15017	254	241	13
15018	200	194	6
15019	269	221	48
15020	243	231	12
15021	203	194	9
15022	268	251	17
15023	257	246	11
15024	193	177	16
16001	363	309	54
16002	265	245	20
16003	231	220	11
16004	273	249	24
16005	190	180	10
16006	278	266	12
16007	244	225	19
16008	183	170	13
16009	276	251	25
16010	256	244	12
16011	266	251	15
16012	230	212	18
16013	258	238	20
16014	199	182	17
16015	283	265	18
16016	261	250	11
16017	328	290	38
16018	300	270	30
16019	237	225	12
16020	223	210	13
16021	235	222	13
16022	217	208	9
16023	306	271	35
16024	145	138	7
16025	309	287	22
16026	205	194	11
16027	228	218	10
16028	242	228	14
16029	260	249	11
16030	222	214	8
16031	280	261	19
16032	295	258	37
16033	257	242	15
16034	241	227	14
16035	332	302	30
16036	212	195	17
17001	334	295	39
17002	335	314	21
17003	341	320	21
17004	403	385	18
17005	245	230	15
17006	286	266	20
17007	273	246	27
17008	278	261	17
17009	262	248	14
17010	437	403	34
17011	257	246	11
17012	428	388	40
17013	290	277	13
17014	378	342	36
17015	357	328	29
17016	326	297	29
17017	305	280	25
17018	364	345	19
17019	202	190	12
17020	423	401	22
17021	436	402	34
17022	281	265	16
17023	214	205	9
17024	348	320	28
17025	251	238	13
17026	344	332	12
17027	307	292	15
17028	260	244	16
17029	333	315	18
17030	250	220	30
17031	207	200	7
17032	270	257	13
17033	213	199	14
17034	247	235	12
17035	234	224	10
17036	310	296	14
17037	283	271	12
17038	315	302	13
17039	320	299	21
17040	334	324	10
17041	408	395	13
18001	333	312	21
18002	327	276	51
18003	318	261	57
18004	381	362	19
18005	224	215	9
18006	294	235	59
18007	344	311	33
18008	371	342	29
18009	355	331	24
18010	475	444	31
18011	300	274	26
18012	362	333	29
18013	377	354	23
18014	387	366	21
18015	400	330	70
18016	346	324	22
18017	353	321	32
18018	306	287	19
18019	341	324	17
18020	295	281	14
18021	440	407	33
18022	439	419	20
18023	361	320	41
18024	349	294	55
18025	344	290	54
18026	448	423	25
18027	294	271	23
18028	333	252	81
18029	394	354	40
18030	410	334	76
18031	391	365	26
18032	375	345	30
18033	289	276	13
18034	429	402	27
18035	434	406	28
18036	382	348	34
18037	427	395	32
18038	348	329	19
18039	277	252	25
18040	391	338	53
18041	425	399	26
18042	313	294	19
18043	262	212	50
18044	291	231	60
18045	321	287	34
18046	386	324	62
18047	279	261	18
18048	297	281	16
18049	220	208	12
18050	275	259	16
19001	326	244	82
19002	559	482	77
19003	267	170	97
19004	410	273	137
19005	439	364	75
19006	384	251	133
19007	362	267	95
19008	386	242	144
19009	262	198	64
19010	488	381	107
19011	306	214	92
19012	281	177	104
19013	497	447	50
19014	478	401	77
19015	448	258	190
19016	380	265	115
19017	322	222	100
19018	365	287	78
19019	521	417	104
19020	346	294	52
19021	321	213	108
19022	427	339	88
19023	376	270	106
19024	236	156	80
19025	376	269	107
19026	386	290	96
19027	420	344	76
19028	477	417	60
19029	363	217	146
19030	340	226	114
19031	342	246	96
19032	349	250	99
19033	373	241	132
19034	373	271	102
19035	361	271	90
19036	568	479	89
19037	390	315	75
19038	367	296	71
19039	165	149	16
19040	414	308	106
19041	319	214	105
19042	345	268	77
19043	557	507	50
19044	396	253	143
19045	365	265	100
19046	388	293	95
19047	567	495	72
19048	470	450	20
19049	501	412	89
19050	311	222	89
19051	411	310	101
19052	391	235	156
19053	341	247	94
19054	296	168	128
19055	280	189	91
19056	431	349	82
19057	346	273	73
20001	354	331	23
20002	151	144	7
20003	312	286	26
20004	167	158	9
20005	418	373	45
20006	164	150	14
20007	381	362	19
20008	336	315	21
20009	514	466	48
20010	237	226	11
20011	494	459	35
20012	286	275	11
20013	389	369	20
20014	177	162	15
20015	286	256	30
20016	411	343	68
20017	206	185	21
20018	248	241	7
20019	373	338	35
20020	241	202	39
20021	255	229	26
20022	455	395	60
20023	397	378	19
20024	414	349	65
20025	260	235	25
20026	380	324	56
20027	182	167	15
20028	224	206	18
20029	409	385	24
20030	166	161	5
20031	435	392	43
20032	348	332	16
20033	210	190	20
20034	593	485	108
20035	258	243	15
20036	120	110	10
20037	110	106	4
20038	119	108	11
20039	24	21	3
21001	402	380	22
21002	280	265	15
21003	411	393	18
21004	346	322	24
21005	403	381	22
21006	305	296	9
21007	372	358	14
21008	386	365	21
21009	413	390	23
21010	328	298	30
21011	336	322	14
21012	345	321	24
21013	358	336	22
21014	385	367	18
21015	322	307	15
21016	340	317	23
21017	330	308	22
21018	420	402	18
21019	381	367	14
21020	312	288	24
21021	313	297	16
21022	317	297	20
21023	318	304	14
21024	361	350	11
21025	315	297	18
21026	360	340	20
21027	360	334	26
21028	456	432	24
21029	423	403	20
21030	296	275	21
21031	264	245	19
21032	337	326	11
21033	321	305	16
21034	331	313	18
21035	422	391	31
21036	346	324	22
21037	269	254	15
21038	348	335	13
21039	317	303	14
21040	331	314	17
21041	366	345	21
21042	399	371	28
21043	352	339	13
21044	362	345	17
21045	343	328	15
21046	395	385	10
21047	340	318	22
21048	367	346	21
21049	411	387	24
21050	300	288	12
21051	340	319	21
21052	337	319	18
21053	307	288	19
21054	315	298	17
22001	202	193	9
22002	376	298	78
22003	428	370	58
22004	240	209	31
22005	306	260	46
22006	298	258	40
22007	230	193	37
22008	433	363	70
22009	256	221	35
22010	417	354	63
22011	252	211	41
22012	287	236	51
22013	307	256	51
22014	232	190	42
22015	265	227	38
22016	267	235	32
22017	320	262	58
22018	281	246	35
22019	172	158	14
22020	286	244	42
22021	354	341	13
22022	289	247	42
22023	447	422	25
22024	319	277	42
22025	322	281	41
23001	283	202	81
23002	323	239	84
23003	317	218	99
23004	359	257	102
23005	339	295	44
23006	355	286	69
23007	269	228	41
23008	378	307	71
23009	275	233	42
23010	376	315	61
23011	342	291	51
23012	317	231	86
23013	291	245	46
23014	292	213	79
23015	283	236	47
23016	300	222	78
23017	216	196	20
23018	250	189	61
23019	271	227	44
23020	190	154	36
23021	295	210	85
23022	338	260	78
23023	290	226	64
23024	278	232	46
23025	268	230	38
23026	337	275	62
23027	256	167	89
23028	326	235	91
23029	272	216	56
23030	364	299	65
23031	262	221	41
23032	315	278	37
23033	337	282	55
23034	306	260	46
23035	215	151	64
23036	287	201	86
23037	319	213	106
23038	280	220	60
23039	343	301	42
24001	275	263	12
24002	287	276	11
24003	322	301	21
24004	243	228	15
24005	162	156	6
24006	313	295	18
24007	206	149	57
24008	149	138	11
24009	285	266	19
24010	136	124	12
24011	339	316	23
24012	183	166	17
24013	164	156	8
24014	279	259	20
24015	154	145	9
24016	418	311	107
24017	243	232	11
24018	345	325	20
24019	361	351	10
24020	257	247	10
24021	149	141	8
24022	369	350	19
24023	244	225	19
24024	315	302	13
24025	251	242	9
24026	415	400	15
24027	324	308	16
24028	202	194	8
24029	239	227	12
24030	182	180	2
24031	341	315	26
24032	158	149	9
24033	181	172	9
24034	287	277	10
24035	282	269	13
24036	369	340	29
24037	179	173	6
24038	251	224	27
24039	311	283	28
24040	348	339	9
24041	207	196	11
25001	331	249	82
25002	500	340	160
25003	701	516	185
25004	362	325	37
25005	438	318	120
25006	130	99	31
25007	453	306	147
25008	472	362	110
25009	418	304	114
25010	663	502	161
25011	455	327	128
25012	421	298	123
25013	487	366	121
25014	256	187	69
25015	376	264	112
25016	672	486	186
25017	486	367	119
25018	230	169	61
25019	457	309	148
25020	284	268	16
25021	811	626	185
25022	413	307	106
25023	493	357	136
25024	430	306	124
25025	432	328	104
25026	382	295	87
25027	566	416	150
25028	451	303	148
25029	348	299	49
25030	412	298	114
25031	789	600	189
25032	329	255	74
26001	381	268	113
26002	299	218	81
26003	411	267	144
26004	222	191	31
26005	321	226	95
26006	309	243	66
26007	364	244	120
26008	175	128	47
26009	239	187	52
26010	300	224	76
26011	303	225	78
26012	381	257	124
26013	175	154	21
26014	264	221	43
26015	192	170	22
26016	177	149	28
26017	284	181	103
26018	250	196	54
26019	211	186	25
26020	291	211	80
26021	400	291	109
26022	157	137	20
26023	221	175	46
26024	271	207	64
26025	312	223	89
26026	245	175	70
26027	416	281	135
26028	506	358	148
26029	209	142	67
26030	277	205	72
26031	145	116	29
26032	411	296	115
26033	385	257	128
26034	437	320	117
26035	286	206	80
26036	358	246	112
26037	370	279	91
26038	144	129	15
26039	375	264	111
26040	238	180	58
26041	404	312	92
26042	290	218	72
26043	183	151	32
26044	191	165	26
26045	162	128	34
26046	239	161	78
26047	216	176	40
26048	332	219	113
26049	189	160	29
27001	839	626	213
27002	419	338	81
27003	237	218	19
27004	218	177	41
27005	304	256	48
27006	455	380	75
27007	572	396	176
27008	301	280	21
27009	202	150	52
27010	411	372	39
27011	529	387	142
27012	305	223	82
27013	541	478	63
27014	192	180	12
27015	195	185	10
27016	448	342	106
27017	383	333	50
27018	280	256	24
27019	185	170	15
27020	308	295	13
27021	420	336	84
27022	187	177	10
27023	280	267	13
27024	273	244	29
27025	348	281	67
27026	299	270	29
27027	483	418	65
27028	389	309	80
27029	259	225	34
27030	176	161	15
27031	304	264	40
27032	352	303	49
27033	427	332	95
27034	276	257	19
27035	470	321	149
27036	322	263	59
27037	462	387	75
27038	588	480	108
27039	282	253	29
27040	563	419	144
27041	315	298	17
27042	274	222	52
27043	259	219	40
27044	265	249	16
27045	869	652	217
27046	330	247	83
27047	262	227	35
27048	753	631	122
27049	279	258	21
27050	359	343	16
28001	214	205	9
28002	295	259	36
28003	262	240	22
28004	301	216	85
28005	207	179	28
28006	179	143	36
28007	293	282	11
28008	397	306	91
28009	303	286	17
28010	415	328	87
28011	650	540	110
28012	311	297	14
28013	353	326	27
28014	236	228	8
28015	65	61	4
28016	196	187	9
28017	270	257	13
28018	277	264	13
28019	284	207	77
28020	288	258	30
28021	255	240	15
28022	276	229	47
28023	357	332	25
28024	250	232	18
28025	419	394	25
28026	302	291	11
28027	329	232	97
28028	404	308	96
28029	162	151	11
28030	50	45	5
28031	413	394	19
28032	288	268	20
28033	326	311	15
28034	542	489	53
28035	368	359	9
28036	177	171	6
28037	388	376	12
28038	145	139	6
28039	227	214	13
28040	419	406	13
28041	231	222	9
28042	308	294	14
28043	381	366	15
28044	216	206	10
28045	412	294	118
28046	616	456	160
29001	502	400	102
29002	512	495	17
29003	420	392	28
29004	401	382	19
29005	320	296	24
29006	328	310	18
29007	395	336	59
29008	342	320	22
29009	420	341	79
29010	513	409	104
29011	227	215	12
29012	473	438	35
29013	407	385	22
29014	351	336	15
29015	446	419	27
29016	375	361	14
29017	350	331	19
29018	376	348	28
29019	396	375	21
29020	459	429	30
29021	484	464	20
29022	262	227	35
29023	418	330	88
29024	349	327	22
29025	464	449	15
29026	382	331	51
29027	350	340	10
29028	463	446	17
29029	350	251	99
29030	507	437	70
29031	368	267	101
29032	360	249	111
29033	284	264	20
29034	272	249	23
29035	298	281	17
29036	338	319	19
29037	381	357	24
29038	394	309	85
29039	356	287	69
29040	437	416	21
29041	300	287	13
29042	440	418	22
29043	477	421	56
29044	479	439	40
30001	451	331	120
30002	391	313	78
30003	332	236	96
30004	367	288	79
30005	268	228	40
30006	327	280	47
30007	414	295	119
30008	496	336	160
30009	307	243	64
30010	399	351	48
30011	357	321	36
30012	334	278	56
30013	378	310	68
30014	252	217	35
30015	385	267	118
30016	172	137	35
30017	368	292	76
30018	489	365	124
30019	355	304	51
30020	411	317	94
30021	294	228	66
30022	550	406	144
30023	428	329	99
30024	514	353	161
30025	556	397	159
30026	230	183	47
30027	252	197	55
30028	404	293	111
30029	212	177	35
30030	173	143	30
30031	251	200	51
30032	308	225	83
31001	236	190	46
31002	220	190	30
31003	207	159	48
31004	376	266	110
31005	280	231	49
31006	179	155	24
31007	421	301	120
31008	205	172	33
31009	243	194	49
31010	230	186	44
31011	198	169	29
31012	238	179	59
31013	262	224	38
31014	219	176	43
31015	225	178	47
31016	317	213	104
31017	231	191	40
31018	241	202	39
31019	235	197	38
31020	222	181	41
31021	239	197	42
31022	226	190	36
31023	260	188	72
31024	243	194	49
31025	242	207	35
31026	292	225	67
31027	279	228	51
31028	216	179	37
31029	271	220	51
31030	197	164	33
31031	211	168	43
31032	205	168	37
31033	208	165	43
31034	234	182	52
31035	282	235	47
31036	283	235	48
31037	244	209	35
31038	201	169	32
31039	298	221	77
31040	292	205	87
31041	218	187	31
32001	573	417	156
32002	529	410	119
32003	587	411	176
32004	483	388	95
32005	537	402	135
32006	616	468	148
32007	546	427	119
32008	637	456	181
32009	493	373	120
32010	533	399	134
32011	488	335	153
32012	398	260	138
32013	531	391	140
32014	547	341	206
32015	519	376	143
32016	543	393	150
32017	537	359	178
32018	460	356	104
32019	530	383	147
32020	515	359	156
32021	557	404	153
32022	692	474	218
32023	578	422	156
32024	396	281	115
32025	529	371	158
32026	608	403	205
32027	483	354	129
32028	553	368	185
32029	585	419	166
32030	515	397	118
32031	545	405	140
32032	584	442	142
32033	529	396	133
32034	589	455	134
32035	560	408	152
32036	574	425	149
32037	514	388	126
32038	472	357	115
32039	560	407	153
32040	571	441	130
32041	543	397	146
32042	457	332	125
32043	513	362	151
33001	505	371	134
33002	640	469	171
33003	735	499	236
33004	685	495	190
33005	473	334	139
33006	444	361	83
33007	588	427	161
33008	697	494	203
33009	571	423	148
33010	492	370	122
33011	566	412	154
33012	509	380	129
33013	506	360	146
33014	268	175	93
33015	515	385	130
33016	673	497	176
33017	580	416	164
33018	708	500	208
33019	585	435	150
33020	612	426	186
33021	546	397	149
33022	477	348	129
33023	557	414	143
33024	687	479	208
33025	642	475	167
33026	430	290	140
33027	576	405	171
33028	516	361	155
34001	398	382	16
34002	296	285	11
34003	381	366	15
34004	279	267	12
34005	321	309	12
34006	427	398	29
34007	421	397	24
34008	307	294	13
34009	255	237	18
34010	362	341	21
34011	318	297	21
34012	405	385	20
34013	361	341	20
34014	283	276	7
34015	322	309	13
34016	305	290	15
34017	459	443	16
34018	285	267	18
34019	400	377	23
34020	418	398	20
34021	441	415	26
34022	372	344	28
34023	299	279	20
34024	335	320	15
34025	554	530	24
34026	398	382	16
34027	314	301	13
34028	243	237	6
34029	291	277	14
34030	363	340	23
34031	307	286	21
34032	367	348	19
34033	300	277	23
34034	386	369	17
34035	404	381	23
34036	329	307	22
34037	226	215	11
34038	176	167	9
34039	264	248	16
34040	398	382	16
34041	229	220	9
34042	364	332	32
34043	336	318	18
34044	372	354	18
34045	392	378	14
34046	251	240	11
34047	356	345	11
34048	387	365	22
34049	347	328	19
34050	300	286	14
34051	381	356	25
34052	279	264	15
34053	232	220	12
35001	457	341	116
35002	504	343	161
35003	417	292	125
35004	427	305	122
35005	412	294	118
35006	424	290	134
35007	481	329	152
35008	489	334	155
35009	377	302	75
35010	600	393	207
35011	503	344	159
35012	294	240	54
35013	296	249	47
35014	307	251	56
35015	546	375	171
35016	251	220	31
35017	501	352	149
35018	285	237	48
35019	241	203	38
35020	405	294	111
35021	397	296	101
35022	559	393	166
35023	451	342	109
35024	404	274	130
35025	522	354	168
35026	391	280	111
35027	378	287	91
35028	435	309	126
35029	374	284	90
35030	415	332	83
35031	463	331	132
36001	331	281	50
36002	326	270	56
36003	317	273	44
36004	327	283	44
36005	327	286	41
36006	295	252	43
36007	412	289	123
36008	250	211	39
36009	315	273	42
36010	419	336	83
36011	235	195	40
36012	221	185	36
36013	241	214	27
36014	361	275	86
36015	363	283	80
36016	357	288	69
36017	401	306	95
36018	364	279	85
36019	400	344	56
36020	380	297	83
36021	273	236	37
36022	262	238	24
36023	285	238	47
36024	353	280	73
36025	342	294	48
36026	331	250	81
36027	348	281	67
36028	300	219	81
36029	370	283	87
36030	348	280	68
37001	233	215	18
37002	278	254	24
37003	252	232	20
37004	264	241	23
37005	369	353	16
37006	387	367	20
37007	251	237	14
37008	241	226	15
37009	359	344	15
37010	402	374	28
37011	230	218	12
37012	254	235	19
37013	244	222	22
37014	350	330	20
37015	349	337	12
37016	378	358	20
37017	280	265	15
37018	302	288	14
37019	237	221	16
37020	281	268	13
37021	316	286	30
37022	299	269	30
37023	320	304	16
37024	373	353	20
37025	303	285	18
37026	440	414	26
37027	308	297	11
37028	288	269	19
37029	302	281	21
37030	333	319	14
37031	343	323	20
37032	303	280	23
37033	349	327	22
37034	319	303	16
37035	356	340	16
37036	327	312	15
37037	372	347	25
37038	335	314	21
37039	321	300	21
37040	350	334	16
37041	342	325	17
38001	376	282	94
38002	349	222	127
38003	364	245	119
38004	334	230	104
38005	371	254	117
38006	360	244	116
38007	323	226	97
38008	328	236	92
38009	413	279	134
38010	296	215	81
38011	333	228	105
38012	321	221	100
38013	377	256	121
38014	408	290	118
38015	342	254	88
38016	341	265	76
38017	449	293	156
38018	410	264	146
38019	446	308	138
38020	356	236	120
38021	329	234	95
38022	373	263	110
38023	384	284	100
38024	377	257	120
38025	329	259	70
38026	386	283	103
38027	374	263	111
38028	434	279	155
38029	372	287	85
38030	357	260	97
38031	384	278	106
38032	371	259	112
38033	373	273	100
38034	389	299	90
38035	391	293	98
38036	346	243	103
38037	362	265	97
38038	355	253	102
38039	419	318	101
38040	387	285	102
38041	364	268	96
39001	413	274	139
39002	380	286	94
39003	450	313	137
39004	368	249	119
39005	416	306	110
39006	394	299	95
39007	378	275	103
39008	416	333	83
39009	385	288	97
39010	213	153	60
39011	366	267	99
39012	546	388	158
39013	317	233	84
39014	449	323	126
39015	428	301	127
39016	328	245	83
39017	446	300	146
39018	397	288	109
39019	429	299	130
39020	477	325	152
39021	371	255	116
39022	349	254	95
39023	417	274	143
39024	493	316	177
39025	360	267	93
39026	370	248	122
39027	69	52	17
39028	530	368	162
39029	246	188	58
39030	517	361	156
39031	362	283	79
39032	332	238	94
39033	453	311	142
39034	452	311	141
39035	425	292	133
39036	117	99	18
39037	396	270	126
39038	235	181	54
39039	268	191	77
39040	366	263	103
39041	417	288	129
39042	424	282	142
39043	415	266	149
39044	299	202	97
39045	371	264	107
40001	372	275	97
40002	393	300	93
40003	610	432	178
40004	249	189	60
40005	494	364	130
40006	610	411	199
40007	485	353	132
40008	639	445	194
40009	377	316	61
40010	424	335	89
40011	518	341	177
40012	420	300	120
40013	797	546	251
40014	375	290	85
40015	413	310	103
40016	669	463	206
40017	389	283	106
40018	358	292	66
40019	520	386	134
40020	476	361	115
40021	537	407	130
40022	551	418	133
40023	584	440	144
40024	385	293	92
40025	604	418	186
40026	537	396	141
40027	652	473	179
40028	539	368	171
40029	444	332	112
40030	374	289	85
40031	563	373	190
40032	554	416	138
40033	508	354	154
40034	390	281	109
40035	311	238	73
40036	453	356	97
40037	444	342	102
40038	624	429	195
40039	178	154	24
41001	353	220	133
41002	346	228	118
41003	380	258	122
41004	404	283	121
41005	462	303	159
41006	472	314	158
41007	429	279	150
41008	387	241	146
41009	387	269	118
41010	424	287	137
41011	421	273	148
41012	411	287	124
41013	460	295	165
41014	448	299	149
41015	505	346	159
41016	359	230	129
41017	390	250	140
41018	355	244	111
41019	466	304	162
41020	292	175	117
41021	437	309	128
41022	434	280	154
41023	367	224	143
41024	351	222	129
41025	296	185	111
41026	398	266	132
41027	317	222	95
41028	403	304	99
41029	280	191	89
41030	413	267	146
41031	447	300	147
41032	332	213	119
41033	377	257	120
41034	344	241	103
41035	458	288	170
41036	402	277	125
41037	460	322	138
41038	390	252	138
41039	418	278	140
41040	395	246	149
41041	388	248	140
41042	372	238	134
41043	408	301	107
41044	381	220	161
41045	376	256	120
41046	429	282	147
41047	409	266	143
42001	438	346	92
42002	582	457	125
42003	565	435	130
42004	1051	799	252
42005	449	344	105
42006	512	381	131
42007	644	489	155
42008	451	355	96
42009	653	475	178
42010	723	538	185
42011	339	252	87
42012	449	344	105
42013	446	338	108
42014	684	539	145
42015	577	443	134
42016	557	396	161
42017	716	543	173
42018	596	453	143
42019	663	520	143
42020	591	448	143
42021	588	457	131
42022	271	199	72
42023	554	424	130
42024	530	420	110
42025	510	375	135
42026	711	526	185
42027	390	270	120
42028	582	434	148
42029	572	427	145
42030	439	310	129
42031	616	469	147
42032	553	415	138
42033	624	480	144
42034	433	338	95
42035	703	542	161
42036	902	700	202
42037	394	307	87
42038	499	384	115
42039	749	577	172
42040	757	584	173
42041	565	412	153
42042	912	685	227
43001	283	210	73
43002	562	421	141
43003	508	386	122
43004	608	465	143
43005	451	359	92
43006	407	307	100
43007	340	265	75
43008	386	293	93
43009	519	406	113
43010	615	469	146
43011	480	367	113
43012	364	269	95
43013	503	391	112
43014	523	364	159
43015	511	382	129
43016	632	474	158
43017	402	302	100
43018	596	445	151
43019	577	456	121
43020	602	445	157
43021	591	420	171
43022	384	276	108
43023	381	276	105
43024	396	306	90
43025	428	340	88
43026	344	259	85
43027	509	380	129
43028	657	520	137
43029	504	385	119
43030	571	445	126
43031	523	424	99
43032	547	405	142
43033	523	385	138
43034	386	303	83
43035	548	433	115
43036	306	242	64
43037	580	443	137
43038	392	301	91
43039	495	365	130
43040	400	283	117
43041	692	518	174
43042	500	406	94
43043	459	349	110
43044	492	372	120
43045	313	242	71
43046	304	232	72
44001	873	681	192
44002	544	409	135
44003	349	283	66
44004	500	388	112
44005	657	520	137
44006	729	551	178
44007	386	312	74
44008	797	624	173
44009	567	416	151
44010	567	433	134
44011	620	452	168
44012	600	464	136
44013	460	346	114
44014	526	393	133
44015	515	404	111
44016	638	473	165
44017	776	603	173
44018	620	493	127
44019	694	547	147
44020	627	471	156
44021	730	568	162
44022	602	482	120
44023	584	444	140
44024	426	320	106
44025	562	419	143
44026	701	556	145
44027	683	518	165
44028	548	412	136
44029	588	454	134
44030	683	520	163
44031	489	363	126
44032	637	466	171
44033	635	501	134
44034	626	505	121
44035	674	516	158
44036	605	468	137
44037	645	505	140
44038	556	424	132
44039	604	458	146
44040	539	399	140
44041	730	563	167
45001	368	249	119
45002	437	305	132
45003	394	284	110
45004	529	361	168
45005	440	281	159
45006	589	403	186
45007	608	454	154
45008	440	333	107
45009	412	300	112
45010	411	294	117
45011	305	220	85
45012	399	275	124
45013	368	247	121
45014	533	394	139
45015	531	385	146
45016	371	261	110
45017	491	344	147
45018	441	315	126
45019	223	166	57
45020	308	217	91
45021	365	254	111
45022	376	280	96
45023	360	254	106
45024	304	215	89
45025	249	170	79
45026	212	137	75
45027	378	252	126
45028	323	208	115
45029	264	186	78
45030	362	276	86
45031	343	263	80
45032	357	247	110
45033	305	211	94
45034	415	292	123
45035	429	298	131
45036	426	282	144
45037	413	281	132
45038	372	261	111
45039	404	281	123
45040	390	245	145
45041	371	241	130
45042	369	247	122
45043	378	247	131
45044	375	257	118
45045	273	167	106
45046	279	194	85
45047	267	200	67
45048	321	203	118
46001	401	304	97
46002	505	373	132
46003	631	488	143
46004	513	383	130
46005	716	542	174
46006	464	384	80
46007	568	449	119
46008	358	281	77
46009	604	437	167
46010	849	660	189
46011	500	391	109
46012	600	418	182
46013	527	412	115
46014	500	428	72
46015	530	410	120
46016	647	491	156
46017	606	475	131
46018	598	465	133
46019	392	318	74
46020	439	349	90
46021	354	262	92
46022	413	290	123
46023	441	342	99
46024	635	498	137
46025	523	398	125
46026	626	453	173
46027	699	524	175
46028	527	445	82
46029	450	348	102
46030	577	469	108
46031	561	444	117
46032	543	439	104
46033	627	491	136
46034	631	469	162
46035	615	511	104
46036	521	402	119
46037	485	394	91
46038	581	478	103
46039	536	422	114
46040	457	319	138
47001	384	285	99
47002	552	407	145
47003	507	403	104
47004	588	442	146
47005	599	438	161
47006	669	499	170
47007	487	360	127
47008	542	404	138
47009	519	378	141
47010	713	502	211
47011	540	413	127
47012	598	433	165
47013	539	397	142
47014	495	377	118
47015	696	478	218
47016	543	415	128
47017	556	398	158
47018	530	386	144
47019	724	506	218
47020	546	386	160
47021	540	384	156
47022	567	402	165
47023	633	455	178
47024	576	402	174
47025	657	482	175
47026	728	565	163
47027	526	390	136
47028	521	384	137
47029	609	468	141
47030	698	514	184
47031	568	409	159
47032	689	498	191
47033	517	387	130
47034	576	444	132
47035	566	421	145
47036	637	476	161
47037	548	409	139
47038	547	433	114
47039	557	419	138
47040	563	372	191
47041	632	473	159
47042	587	407	180
47043	518	402	116
47044	525	424	101
47045	547	394	153
47046	532	376	156
47047	640	471	169
47048	43	39	4
48001	505	387	118
48002	253	194	59
48003	586	439	147
48004	513	369	144
48005	325	245	80
48006	628	508	120
48007	545	403	142
48008	278	202	76
48009	326	231	95
48010	786	560	226
48011	480	346	134
48012	652	499	153
48013	651	499	152
48014	253	198	55
48015	356	277	79
48016	557	424	133
48017	481	374	107
48018	356	287	69
48019	365	276	89
48020	622	431	191
48021	655	529	126
48022	451	376	75
48023	557	458	99
48024	569	425	144
48025	492	338	154
48026	261	200	61
48027	763	590	173
48028	543	413	130
48029	260	225	35
48030	475	328	147
48031	654	507	147
48032	548	423	125
48033	274	225	49
48034	466	330	136
48035	345	266	79
48036	308	251	57
48037	560	407	153
48038	537	400	137
48039	411	335	76
48040	483	348	135
48041	671	498	173
48042	618	454	164
48043	583	435	148
48044	678	503	175
48045	412	294	118
48046	352	270	82
49001	333	285	48
49002	373	276	97
49003	584	439	145
49004	651	451	200
49005	531	409	122
49006	494	376	118
49007	571	429	142
49008	426	341	85
49009	576	438	138
49010	525	387	138
49011	622	476	146
49012	732	537	195
49013	612	450	162
49014	457	317	140
49015	387	303	84
49016	518	371	147
49017	366	257	109
49018	720	503	217
49019	488	387	101
49020	790	583	207
49021	311	265	46
49022	512	406	106
49023	710	531	179
49024	444	356	88
49025	703	506	197
49026	591	424	167
49027	603	475	128
49028	725	508	217
49029	663	445	218
49030	608	443	165
49031	419	342	77
49032	518	424	94
49033	436	347	89
50001	302	220	82
50002	221	176	45
50003	298	228	70
50004	391	322	69
50005	225	144	81
50006	418	312	106
50007	440	344	96
50008	393	329	64
50009	320	253	67
50010	295	245	50
50011	180	129	51
50012	152	123	29
50013	436	327	109
50014	110	86	24
50015	443	332	111
50016	124	87	37
50017	332	266	66
50018	81	66	15
50019	235	189	46
50020	361	263	98
50021	327	252	75
50022	265	210	55
50023	229	189	40
50024	229	169	60
50025	296	220	76
50026	336	271	65
50027	97	74	23
50028	393	337	56
50029	329	262	67
50030	253	212	41
50031	482	384	98
50032	416	348	68
50033	253	187	66
50034	497	378	119
50035	503	389	114
50036	349	276	73
50037	413	318	95
50038	156	122	34
50039	197	157	40
50040	270	192	78
Barrington 4	294	179	115
Barrington 8	47	30	17
Barrington 10	684	434	250
Barrington 11	0	0	0
Berwyn Ward 1 Precinct 1	340	242	98
Berwyn Ward 1 Precinct 2	371	278	93
Berwyn Ward 1 Precinct 3	596	450	146
Berwyn Ward 1 Precinct 4	349	259	90
Berwyn Ward 1 Precinct 5	361	242	119
Berwyn Ward 2 Precinct 1	277	210	67
Berwyn Ward 2 Precinct 2	360	276	84
Berwyn Ward 2 Precinct 3	508	374	134
Berwyn Ward 2 Precinct 4	629	448	181
Berwyn Ward 3 Precinct 1	422	330	92
Berwyn Ward 3 Precinct 2	329	224	105
Berwyn Ward 3 Precinct 3	325	262	63
Berwyn Ward 3 Precinct 4	421	322	99
Berwyn Ward 3 Precinct 5	580	383	197
Berwyn Ward 4 Precinct 1	280	214	66
Berwyn Ward 4 Precinct 2	442	356	86
Berwyn Ward 4 Precinct 3	510	406	104
Berwyn Ward 4 Precinct 4	286	213	73
Berwyn Ward 5 Precinct 1	638	533	105
Berwyn Ward 5 Precinct 2	400	309	91
Berwyn Ward 5 Precinct 3	361	296	65
Berwyn Ward 6 Precinct 1	225	173	52
Berwyn Ward 6 Precinct 2	303	244	59
Berwyn Ward 6 Precinct 3	413	348	65
Berwyn Ward 6 Precinct 4	480	382	98
Berwyn Ward 7 Precinct 1	379	302	77
Berwyn Ward 7 Precinct 2	394	327	67
Berwyn Ward 7 Precinct 3	464	370	94
Berwyn Ward 7 Precinct 4	546	454	92
Berwyn Ward 8 Precinct 1	692	533	159
Berwyn Ward 8 Precinct 2	403	293	110
Berwyn Ward 8 Precinct 3	270	195	75
Bloom 1	562	406	156
Bloom 3	8	7	1
Bloom 5	329	242	87
Bloom 7	153	136	17
Bloom 9	9	4	5
Bloom 10	191	182	9
Bloom 14	679	526	153
Bloom 16	454	390	64
Bloom 18	417	316	101
Bloom 21	124	117	7
Bloom 22	386	320	66
Bloom 23	447	418	29
Bloom 24	772	650	122
Bloom 26	297	236	61
Bloom 27	442	375	67
Bloom 28	6	5	1
Bloom 29	174	167	7
Bloom 32	342	312	30
Bloom 33	422	382	40
Bloom 36	621	585	36
Bloom 37	302	285	17
Bloom 38	1,080	1,017	63
Bloom 41	613	567	46
Bloom 42	314	292	22
Bloom 43	473	443	30
Bloom 44	515	400	115
Bloom 45	685	602	83
Bloom 49	530	504	26
Bloom 50	439	362	77
Bloom 53	234	186	48
Bloom 55	371	338	33
Bloom 60	412	386	26
Bremen 1	414	396	18
Bremen 2	461	291	170
Bremen 3	369	239	130
Bremen 4	405	272	133
Bremen 5	284	194	90
Bremen 6	321	222	99
Bremen 7	275	242	33
Bremen 8	360	339	21
Bremen 9	337	195	142
Bremen 10	489	278	211
Bremen 11	471	321	150
Bremen 12	358	326	32
Bremen 13	430	302	128
Bremen 14	332	258	74
Bremen 15	302	232	70
Bremen 16	403	240	163
Bremen 17	404	372	32
Bremen 18	546	347	199
Bremen 19	179	165	14
Bremen 20	314	207	107
Bremen 21	511	411	100
Bremen 22	332	194	138
Bremen 23	157	147	10
Bremen 24	361	205	156
Bremen 25	516	336	180
Bremen 27	455	327	128
Bremen 28	304	195	109
Bremen 29	661	629	32
Bremen 30	413	254	159
Bremen 31	433	396	37
Bremen 32	424	397	27
Bremen 33	368	215	153
Bremen 34	509	269	240
Bremen 35	298	282	16
Bremen 36	277	158	119
Bremen 37	229	190	39
Bremen 38	363	343	20
Bremen 39	292	268	24
Bremen 40	691	622	69
Bremen 41	260	168	92
Bremen 42	518	292	226
Bremen 43	305	249	56
Bremen 44	378	345	33
Bremen 45	211	185	26
Bremen 46	397	228	169
Bremen 47	404	375	29
Bremen 48	365	337	28
Bremen 49	409	381	28
Bremen 50	426	246	180
Bremen 51	582	547	35
Bremen 52	324	217	107
Bremen 53	256	166	90
Bremen 54	297	191	106
Bremen 55	360	307	53
Bremen 56	501	468	33
Bremen 57	428	238	190
Bremen 58	491	313	178
Bremen 59	405	274	131
Bremen 60	332	212	120
Bremen 61	397	237	160
Bremen 62	444	305	139
Bremen 63	611	569	42
Bremen 64	514	335	179
Bremen 65	209	197	12
Bremen 66	385	364	21
Bremen 67	543	289	254
Bremen 68	239	138	101
Bremen 69	469	352	117
Bremen 70	297	277	20
Bremen 71	347	327	20
Bremen 72	276	190	86
Bremen 73	419	283	136
Bremen 74	464	309	155
Bremen 76	333	207	126
Bremen 77	623	403	220
Bremen 78	413	394	19
Bremen 79	410	245	165
Bremen 80	423	400	23
Calumet 1	425	381	44
Calumet 2	391	318	73
Calumet 3	447	424	23
Calumet 4	391	366	25
Calumet 5	388	350	38
Calumet 6	655	564	91
Calumet 7	512	453	59
Calumet 8	296	260	36
Calumet 9	352	330	22
Calumet 10	484	457	27
Calumet 11	651	624	27
Calumet 12	342	321	21
Cicero 1	479	418	61
Cicero 2	241	212	29
Cicero 3	316	252	64
Cicero 4	337	289	48
Cicero 5	485	393	92
Cicero 6	407	334	73
Cicero 7	280	244	36
Cicero 8	230	197	33
Cicero 9	403	351	52
Cicero 10	484	408	76
Cicero 11	438	366	72
Cicero 12	352	292	60
Cicero 13	382	314	68
Cicero 14	368	311	57
Cicero 15	436	345	91
Cicero 16	311	261	50
Cicero 17	446	363	83
Cicero 18	253	217	36
Cicero 19	563	464	99
Cicero 20	290	244	46
Cicero 21	402	345	57
Cicero 22	331	288	43
Cicero 23	521	431	90
Cicero 24	458	399	59
Cicero 25	371	314	57
Cicero 26	287	245	42
Cicero 27	424	349	75
Cicero 28	395	339	56
Cicero 29	369	299	70
Cicero 30	365	320	45
Cicero 31	301	256	45
Cicero 32	344	300	44
Elk Grove 1	426	292	134
Elk Grove 2	402	281	121
Elk Grove 3	534	341	193
Elk Grove 4	459	314	145
Elk Grove 5	671	425	246
Elk Grove 6	335	210	125
Elk Grove 7	572	366	206
Elk Grove 8	413	243	170
Elk Grove 9	439	285	154
Elk Grove 10	705	421	284
Elk Grove 11	525	335	190
Elk Grove 12	319	174	145
Elk Grove 13	435	276	159
Elk Grove 14	520	333	187
Elk Grove 15	361	218	143
Elk Grove 16	525	301	224
Elk Grove 17	422	293	129
Elk Grove 18	663	402	261
Elk Grove 19	566	350	216
Elk Grove 20	479	294	185
Elk Grove 21	410	256	154
Elk Grove 22	448	318	130
Elk Grove 23	722	466	256
Elk Grove 24	389	235	154
Elk Grove 25	397	247	150
Elk Grove 26	366	216	150
Elk Grove 27	562	335	227
Elk Grove 28	405	274	131
Elk Grove 29	447	257	190
Elk Grove 30	435	245	190
Elk Grove 31	282	200	82
Elk Grove 32	296	205	91
Elk Grove 33	300	173	127
Elk Grove 34	796	513	283
Elk Grove 35	382	263	119
Elk Grove 36	289	224	65
Elk Grove 37	559	347	212
Elk Grove 38	303	239	64
Elk Grove 39	607	421	186
Elk Grove 40	418	283	135
Elk Grove 41	345	218	127
Elk Grove 42	390	291	99
Elk Grove 43	446	292	154
Elk Grove 44	377	217	160
Elk Grove 45	422	251	171
Elk Grove 46	354	190	164
Elk Grove 47	593	371	222
Elk Grove 48	323	231	92
Elk Grove 49	484	335	149
Elk Grove 50	238	171	67
Elk Grove 51	654	372	282
Elk Grove 52	243	161	82
Evanston Ward 1 Precinct 1	455	355	100
Evanston Ward 1 Precinct 2	670	548	122
Evanston Ward 1 Precinct 3	642	501	141
Evanston Ward 1 Precinct 4	942	802	140
Evanston Ward 2 Precinct 1	1,163	938	225
Evanston Ward 2 Precinct 2	475	370	105
Evanston Ward 2 Precinct 3	589	519	70
Evanston Ward 2 Precinct 4	770	658	112
Evanston Ward 2 Precinct 5	548	458	90
Evanston Ward 3 Precinct 1	700	541	159
Evanston Ward 3 Precinct 2	805	629	176
Evanston Ward 3 Precinct 3	755	597	158
Evanston Ward 3 Precinct 4	366	283	83
Evanston Ward 3 Precinct 5	744	524	220
Evanston Ward 3 Precinct 6	627	489	138
Evanston Ward 3 Precinct 7	570	447	123
Evanston Ward 4 Precinct 1	395	292	103
Evanston Ward 4 Precinct 2	608	457	151
Evanston Ward 4 Precinct 3	486	380	106
Evanston Ward 4 Precinct 4	950	753	197
Evanston Ward 4 Precinct 5	369	271	98
Evanston Ward 4 Precinct 6	835	649	186
Evanston Ward 5 Precinct 1	545	483	62
Evanston Ward 5 Precinct 2	850	663	187
Evanston Ward 5 Precinct 3	603	537	66
Evanston Ward 5 Precinct 4	337	298	39
Evanston Ward 6 Precinct 1	997	792	205
Evanston Ward 6 Precinct 2	513	422	91
Evanston Ward 6 Precinct 3	548	422	126
Evanston Ward 6 Precinct 4	687	544	143
Evanston Ward 6 Precinct 5	830	655	175
Evanston Ward 6 Precinct 6	462	354	108
Evanston Ward 6 Precinct 7	814	658	156
Evanston Ward 7 Precinct 1	987	805	182
Evanston Ward 7 Precinct 2	1,060	825	235
Evanston Ward 7 Precinct 3	393	315	78
Evanston Ward 7 Precinct 4	483	388	95
Evanston Ward 7 Precinct 5	862	670	192
Evanston Ward 7 Precinct 6	45	36	9
Evanston Ward 8 Precinct 1	725	604	121
Evanston Ward 8 Precinct 2	559	455	104
Evanston Ward 8 Precinct 3	476	385	91
Evanston Ward 8 Precinct 4	639	494	145
Evanston Ward 8 Precinct 5	771	640	131
Evanston Ward 9 Precinct 1	515	394	121
Evanston Ward 9 Precinct 2	589	488	101
Evanston Ward 9 Precinct 3	876	665	211
Evanston Ward 9 Precinct 4	763	590	173
Evanston Ward 9 Precinct 5	445	350	95
Evanston Ward 9 Precinct 6	591	458	133
Hanover 1	615	419	196
Hanover 2	481	312	169
Hanover 4	1	0	1
Hanover 5	459	311	148
Hanover 6	383	271	112
Hanover 7	502	328	174
Hanover 8	415	262	153
Hanover 9	492	307	185
Hanover 11	459	335	124
Hanover 12	295	202	93
Hanover 15	360	255	105
Hanover 16	631	414	217
Hanover 17	351	235	116
Hanover 18	444	315	129
Hanover 19	382	233	149
Hanover 20	696	454	242
Hanover 21	149	102	47
Hanover 22	429	291	138
Hanover 23	488	311	177
Hanover 24	459	346	113
Hanover 25	428	280	148
Hanover 26	672	434	238
Hanover 27	1,334	910	424
Hanover 28	617	437	180
Hanover 31	377	220	157
Hanover 33	446	317	129
Hanover 34	559	385	174
Hanover 36	355	256	99
Hanover 37	654	465	189
Hanover 38	529	342	187
Hanover 40	567	361	206
Hanover 42	506	298	208
Hanover 43	527	360	167
Hanover 44	612	357	255
Lemont 1	482	222	260
Lemont 2	364	201	163
Lemont 3	589	328	261
Lemont 4	511	261	250
Lemont 5	519	297	222
Lemont 6	530	280	250
Lemont 7	438	268	170
Lemont 8	603	313	290
Lemont 9	333	140	193
Lemont 10	378	226	152
Lemont 11	680	341	339
Lemont 12	652	321	331
Lemont 13	603	306	297
Lemont 14	488	272	216
Leyden 1	285	222	63
Leyden 2	202	149	53
Leyden 3	479	345	134
Leyden 4	384	278	106
Leyden 5	398	281	117
Leyden 6	538	396	142
Leyden 7	233	161	72
Leyden 8	497	378	119
Leyden 9	527	352	175
Leyden 10	538	390	148
Leyden 11	442	297	145
Leyden 12	377	207	170
Leyden 13	488	369	119
Leyden 14	341	250	91
Leyden 15	496	359	137
Leyden 16	453	326	127
Leyden 17	366	246	120
Leyden 18	249	183	66
Leyden 19	447	297	150
Leyden 20	224	160	64
Leyden 21	288	247	41
Leyden 22	308	205	103
Leyden 23	796	495	301
Leyden 24	432	330	102
Leyden 25	266	180	86
Leyden 26	659	453	206
Leyden 27	93	59	34
Leyden 28	215	168	47
Leyden 29	296	222	74
Leyden 30	481	327	154
Leyden 31	456	323	133
Leyden 32	505	382	123
Leyden 33	447	314	133
Leyden 34	315	233	82
Leyden 35	211	154	57
Leyden 36	399	315	84
Leyden 37	285	188	97
Leyden 38	164	117	47
Leyden 39	306	221	85
Leyden 40	404	290	114
Leyden 41	230	183	47
Leyden 42	400	259	141
Leyden 43	327	252	75
Leyden 44	355	253	102
Leyden 45	319	216	103
Leyden 46	369	262	107
Leyden 47	356	254	102
Leyden 48	447	335	112
Leyden 49	636	437	199
Leyden 50	579	400	179
Lyons 1	53	39	14
Lyons 2	412	250	162
Lyons 3	396	269	127
Lyons 4	749	504	245
Lyons 5	505	347	158
Lyons 6	334	226	108
Lyons 7	473	380	93
Lyons 8	268	206	62
Lyons 9	603	428	175
Lyons 10	425	301	124
Lyons 11	380	267	113
Lyons 12	326	176	150
Lyons 13	202	189	13
Lyons 14	620	411	209
Lyons 15	543	379	164
Lyons 16	896	612	284
Lyons 17	309	179	130
Lyons 18	425	299	126
Lyons 19	422	300	122
Lyons 20	818	540	278
Lyons 21	811	538	273
Lyons 22	311	231	80
Lyons 23	544	303	241
Lyons 24	412	252	160
Lyons 25	459	268	191
Lyons 26	310	187	123
Lyons 27	446	231	215
Lyons 28	610	363	247
Lyons 29	343	227	116
Lyons 30	69	48	21
Lyons 31	470	272	198
Lyons 32	200	134	66
Lyons 33	168	112	56
Lyons 34	220	147	73
Lyons 35	367	219	148
Lyons 36	443	234	209
Lyons 37	319	221	98
Lyons 38	216	149	67
Lyons 39	500	334	166
Lyons 40	400	262	138
Lyons 41	295	164	131
Lyons 42	454	278	176
Lyons 43	434	273	161
Lyons 44	752	467	285
Lyons 45	687	439	248
Lyons 46	354	214	140
Lyons 47	478	326	152
Lyons 48	431	321	110
Lyons 49	313	168	145
Lyons 50	550	360	190
Lyons 51	342	239	103
Lyons 52	522	342	180
Lyons 53	481	300	181
Lyons 54	267	176	91
Lyons 55	553	332	221
Lyons 56	589	451	138
Lyons 57	483	383	100
Lyons 58	311	204	107
Lyons 59	365	257	108
Lyons 60	669	574	95
Lyons 61	457	306	151
Lyons 62	214	136	78
Lyons 63	649	370	279
Lyons 64	398	307	91
Lyons 65	569	397	172
Lyons 66	308	239	69
Lyons 67	484	334	150
Lyons 68	331	243	88
Lyons 69	632	421	211
Lyons 70	375	344	31
Lyons 71	185	141	44
Lyons 72	622	383	239
Lyons 73	442	300	142
Lyons 74	226	144	82
Lyons 75	289	199	90
Lyons 76	322	209	113
Lyons 77	328	216	112
Lyons 78	315	190	125
Maine 1	311	221	90
Maine 2	352	259	93
Maine 3	217	134	83
Maine 4	486	301	185
Maine 5	515	377	138
Maine 6	705	448	257
Maine 7	337	213	124
Maine 8	524	328	196
Maine 9	757	515	242
Maine 10	371	229	142
Maine 11	324	224	100
Maine 12	337	219	118
Maine 13	470	310	160
Maine 14	587	395	192
Maine 15	264	189	75
Maine 16	353	233	120
Maine 17	471	300	171
Maine 18	414	262	152
Maine 19	315	198	117
Maine 20	266	163	103
Maine 21	609	378	231
Maine 22	611	390	221
Maine 23	383	264	119
Maine 24	648	427	221
Maine 25	543	357	186
Maine 26	425	291	134
Maine 27	346	239	107
Maine 28	224	174	50
Maine 29	698	423	275
Maine 30	1,102	707	395
Maine 31	441	300	141
Maine 32	281	178	103
Maine 33	307	241	66
Maine 34	578	401	177
Maine 35	433	309	124
Maine 36	453	260	193
Maine 37	494	275	219
Maine 38	341	213	128
Maine 39	409	241	168
Maine 40	382	271	111
Maine 41	354	228	126
Maine 42	693	422	271
Maine 43	373	224	149
Maine 44	313	203	110
Maine 45	197	158	39
Maine 46	440	287	153
Maine 47	456	331	125
Maine 48	579	367	212
Maine 49	443	300	143
Maine 50	465	294	171
Maine 51	394	282	112
Maine 52	428	310	118
Maine 53	406	279	127
Maine 54	497	301	196
Maine 55	352	229	123
Maine 56	552	342	210
Maine 57	275	226	49
Maine 58	457	281	176
Maine 59	433	273	160
Maine 60	779	460	319
Maine 61	282	192	90
Maine 62	208	146	62
Maine 63	317	220	97
Maine 64	328	201	127
Maine 65	306	173	133
Maine 66	185	120	65
Maine 67	640	377	263
Maine 68	332	215	117
Maine 69	398	274	124
Maine 70	464	358	106
Maine 71	214	160	54
Maine 72	350	223	127
Maine 73	135	94	41
Maine 74	386	253	133
Maine 75	353	235	118
Maine 76	256	162	94
Maine 77	691	456	235
Maine 78	376	289	87
Maine 79	394	296	98
Maine 80	436	274	162
Maine 81	246	178	68
Maine 82	428	287	141
Maine 83	310	203	107
Maine 84	214	152	62
Maine 85	265	170	95
Maine 86	379	286	93
Maine 87	311	205	106
Maine 88	292	151	141
Maine 89	301	211	90
Maine 90	238	151	87
Maine 91	638	425	213
Maine 92	290	198	92
New Trier 1	840	641	199
New Trier 2	886	695	191
New Trier 3	607	453	154
New Trier 4	732	558	174
New Trier 5	459	358	101
New Trier 6	410	311	99
New Trier 7	569	420	149
New Trier 8	454	294	160
New Trier 9	569	364	205
New Trier 10	533	380	153
New Trier 11	651	432	219
New Trier 12	592	398	194
New Trier 13	742	529	213
New Trier 14	623	412	211
New Trier 15	744	516	228
New Trier 16	725	475	250
New Trier 17	549	415	134
New Trier 18	427	299	128
New Trier 19	365	213	152
New Trier 20	756	505	251
New Trier 21	644	488	156
New Trier 22	501	319	182
New Trier 23	523	335	188
New Trier 24	715	564	151
New Trier 25	488	337	151
New Trier 26	447	337	110
New Trier 27	577	459	118
New Trier 28	444	313	131
New Trier 29	504	366	138
New Trier 30	664	465	199
New Trier 31	634	473	161
New Trier 32	541	393	148
New Trier 33	705	543	162
New Trier 34	462	326	136
New Trier 35	363	279	84
New Trier 36	755	523	232
New Trier 37	606	426	180
New Trier 38	618	447	171
New Trier 39	416	294	122
New Trier 40	343	238	105
New Trier 41	453	296	157
Niles 1	483	321	162
Niles 2	555	364	191
Niles 3	802	524	278
Niles 4	358	267	91
Niles 5	272	199	73
Niles 6	431	283	148
Niles 7	751	569	182
Niles 8	270	210	60
Niles 9	332	224	108
Niles 10	520	376	144
Niles 11	282	180	102
Niles 12	358	281	77
Niles 13	561	385	176
Niles 14	674	529	145
Niles 15	543	411	132
Niles 16	646	485	161
Niles 17	623	491	132
Niles 18	333	268	65
Niles 19	543	416	127
Niles 20	449	329	120
Niles 21	783	633	150
Niles 22	480	364	116
Niles 23	526	424	102
Niles 24	585	455	130
Niles 25	288	223	65
Niles 26	529	385	144
Niles 27	425	356	69
Niles 28	602	461	141
Niles 29	321	272	49
Niles 30	368	278	90
Niles 31	571	429	142
Niles 32	265	201	64
Niles 33	645	497	148
Niles 34	456	359	97
Niles 35	582	444	138
Niles 36	337	278	59
Niles 37	517	405	112
Niles 38	775	559	216
Niles 39	574	429	145
Niles 40	235	160	75
Niles 41	588	461	127
Niles 42	473	370	103
Niles 43	613	403	210
Niles 44	595	464	131
Niles 45	397	310	87
Niles 46	581	440	141
Niles 47	321	258	63
Niles 48	452	352	100
Niles 49	768	620	148
Niles 50	585	398	187
Niles 51	271	196	75
Niles 52	383	281	102
Niles 53	724	533	191
Niles 54	331	232	99
Niles 55	355	274	81
Niles 56	620	430	190
Niles 57	563	377	186
Niles 58	507	382	125
Niles 59	768	519	249
Niles 60	658	524	134
Niles 61	651	496	155
Niles 62	316	241	75
Niles 63	621	461	160
Niles 64	662	482	180
Northfield 1	559	405	154
Northfield 2	519	363	156
Northfield 3	401	295	106
Northfield 4	506	314	192
Northfield 5	352	237	115
Northfield 6	510	324	186
Northfield 7	731	527	204
Northfield 8	552	348	204
Northfield 9	394	262	132
Northfield 10	454	314	140
Northfield 11	299	220	79
Northfield 12	841	529	312
Northfield 13	433	289	144
Northfield 14	440	320	120
Northfield 15	449	319	130
Northfield 16	598	457	141
Northfield 17	463	355	108
Northfield 18	731	532	199
Northfield 19	565	376	189
Northfield 20	556	406	150
Northfield 21	798	511	287
Northfield 22	579	460	119
Northfield 23	409	248	161
Northfield 24	516	351	165
Northfield 25	484	318	166
Northfield 26	476	341	135
Northfield 27	525	391	134
Northfield 28	887	635	252
Northfield 29	428	304	124
Northfield 30	616	415	201
Northfield 31	651	416	235
Northfield 32	733	513	220
Northfield 33	280	191	89
Northfield 34	387	255	132
Northfield 35	530	357	173
Northfield 36	375	254	121
Northfield 37	590	376	214
Northfield 38	442	289	153
Northfield 39	277	171	106
Northfield 40	330	232	98
Northfield 41	495	367	128
Northfield 42	487	342	145
Northfield 43	590	454	136
Northfield 44	424	312	112
Northfield 45	676	461	215
Northfield 46	738	507	231
Northfield 47	707	543	164
Northfield 48	505	329	176
Northfield 49	418	325	93
Northfield 50	621	452	169
Northfield 51	1,297	918	379
Northfield 52	513	365	148
Northfield 53	570	439	131
Northfield 54	450	364	86
Northfield 55	535	436	99
Northfield 56	716	468	248
Northfield 57	360	242	118
Northfield 58	286	205	81
Northfield 59	486	354	132
Northfield 60	689	557	132
Northfield 61	392	263	129
Northfield 62	576	403	173
Norwood Park 1	436	304	132
Norwood Park 2	466	307	159
Norwood Park 3	532	351	181
Norwood Park 4	522	335	187
Norwood Park 5	394	238	156
Norwood Park 6	576	363	213
Norwood Park 7	325	189	136
Norwood Park 8	264	164	100
Norwood Park 9	255	187	68
Norwood Park 10	286	168	118
Norwood Park 11	687	411	276
Norwood Park 12	376	247	129
Norwood Park 13	328	198	130
Norwood Park 14	397	251	146
Norwood Park 15	344	217	127
Norwood Park 16	289	186	103
Norwood Park 17	392	257	135
Oak Park 1	507	394	113
Oak Park 2	850	657	193
Oak Park 3	896	652	244
Oak Park 4	747	548	199
Oak Park 5	764	586	178
Oak Park 6	850	660	190
Oak Park 7	552	438	114
Oak Park 8	682	538	144
Oak Park 9	425	316	109
Oak Park 10	670	513	157
Oak Park 11	630	509	121
Oak Park 12	379	288	91
Oak Park 13	674	511	163
Oak Park 14	731	557	174
Oak Park 15	873	675	198
Oak Park 16	972	726	246
Oak Park 17	993	728	265
Oak Park 18	602	413	189
Oak Park 19	725	565	160
Oak Park 20	961	766	195
Oak Park 21	507	409	98
Oak Park 22	504	394	110
Oak Park 23	679	510	169
Oak Park 24	489	342	147
Oak Park 25	675	505	170
Oak Park 26	603	459	144
Oak Park 27	188	130	58
Oak Park 28	882	697	185
Oak Park 29	633	460	173
Oak Park 30	816	629	187
Oak Park 31	1,071	818	253
Oak Park 32	462	359	103
Oak Park 33	623	472	151
Oak Park 34	565	421	144
Oak Park 35	830	609	221
Oak Park 36	826	626	200
Oak Park 37	434	347	87
Orland 1	660	462	198
Orland 2	514	309	205
Orland 3	259	188	71
Orland 4	314	174	140
Orland 5	337	205	132
Orland 6	294	202	92
Orland 7	261	163	98
Orland 8	344	233	111
Orland 9	498	336	162
Orland 10	466	293	173
Orland 11	313	207	106
Orland 12	210	129	81
Orland 13	633	436	197
Orland 14	470	302	168
Orland 15	594	351	243
Orland 16	408	233	175
Orland 17	328	225	103
Orland 18	556	351	205
Orland 19	301	178	123
Orland 20	246	139	107
Orland 21	527	326	201
Orland 22	413	271	142
Orland 23	359	244	115
Orland 24	386	233	153
Orland 25	721	468	253
Orland 26	370	235	135
Orland 27	295	206	89
Orland 28	282	174	108
Orland 29	628	391	237
Orland 30	282	182	100
Orland 31	317	209	108
Orland 32	269	161	108
Orland 33	352	219	133
Orland 34	486	305	181
Orland 35	450	278	172
Orland 36	544	359	185
Orland 37	485	311	174
Orland 38	252	179	73
Orland 39	369	226	143
Orland 40	494	291	203
Orland 41	384	245	139
Orland 42	513	348	165
Orland 43	427	285	142
Orland 44	395	240	155
Orland 45	437	271	166
Orland 46	350	222	128
Orland 47	652	403	249
Orland 48	431	280	151
Orland 49	327	202	125
Orland 50	370	228	142
Orland 51	518	311	207
Orland 52	446	283	163
Orland 53	347	223	124
Orland 54	619	368	251
Orland 55	339	198	141
Orland 56	355	177	178
Orland 57	457	271	186
Orland 58	472	303	169
Orland 59	448	275	173
Orland 60	332	206	126
Orland 61	388	241	147
Orland 62	476	299	177
Orland 63	501	303	198
Orland 64	573	326	247
Orland 65	415	233	182
Orland 66	412	263	149
Orland 67	297	212	85
Orland 68	366	228	138
Orland 69	256	194	62
Orland 70	623	391	232
Orland 71	398	235	163
Orland 72	365	228	137
Orland 73	599	385	214
Orland 74	302	209	93
Orland 75	532	301	231
Palatine 1	380	217	163
Palatine 2	686	436	250
Palatine 4	284	208	76
Palatine 5	642	416	226
Palatine 6	585	380	205
Palatine 7	546	320	226
Palatine 8	597	356	241
Palatine 9	452	257	195
Palatine 11	435	266	169
Palatine 12	308	188	120
Palatine 13	440	270	170
Palatine 14	484	305	179
Palatine 15	593	348	245
Palatine 16	331	240	91
Palatine 17	509	313	196
Palatine 18	377	222	155
Palatine 19	549	313	236
Palatine 20	450	308	142
Palatine 21	645	372	273
Palatine 22	482	311	171
Palatine 23	137	74	63
Palatine 24	627	379	248
Palatine 25	423	259	164
Palatine 26	659	405	254
Palatine 27	355	235	120
Palatine 28	354	217	137
Palatine 29	651	412	239
Palatine 30	404	268	136
Palatine 31	382	225	157
Palatine 32	471	278	193
Palatine 33	307	206	101
Palatine 34	611	352	259
Palatine 35	463	299	164
Palatine 36	441	283	158
Palatine 37	595	375	220
Palatine 38	475	268	207
Palatine 39	670	423	247
Palatine 40	743	460	283
Palatine 41	670	412	258
Palatine 42	649	413	236
Palatine 43	472	297	175
Palatine 45	407	255	152
Palatine 46	567	332	235
Palatine 47	514	328	186
Palatine 48	390	248	142
Palatine 49	3	1	2
Palatine 50	724	447	277
Palatine 51	290	165	125
Palatine 52	497	275	222
Palatine 53	388	262	126
Palatine 54	650	407	243
Palatine 55	359	216	143
Palatine 56	561	356	205
Palatine 57	713	430	283
Palatine 58	441	282	159
Palatine 59	655	429	226
Palatine 60	486	358	128
Palatine 61	299	196	103
Palatine 62	412	288	124
Palatine 63	494	309	185
Palatine 64	474	306	168
Palatine 65	442	259	183
Palatine 66	597	427	170
Palatine 68	436	255	181
Palatine 69	486	310	176
Palos 1	289	144	145
Palos 2	334	193	141
Palos 3	348	200	148
Palos 4	338	230	108
Palos 5	276	180	96
Palos 6	233	165	68
Palos 7	479	326	153
Palos 8	172	96	76
Palos 9	322	193	129
Palos 10	492	254	238
Palos 11	430	272	158
Palos 12	413	273	140
Palos 13	392	227	165
Palos 14	295	186	109
Palos 15	396	235	161
Palos 16	544	334	210
Palos 17	531	352	179
Palos 18	516	342	174
Palos 19	544	352	192
Palos 20	464	308	156
Palos 21	295	188	107
Palos 22	78	41	37
Palos 23	295	203	92
Palos 24	266	147	119
Palos 25	451	394	57
Palos 26	266	173	93
Palos 27	480	323	157
Palos 28	362	304	58
Palos 29	455	253	202
Palos 30	524	338	186
Palos 31	469	304	165
Palos 32	213	145	68
Palos 33	506	301	205
Palos 34	303	182	121
Palos 35	540	331	209
Palos 36	503	317	186
Palos 37	476	284	192
Palos 38	407	263	144
Palos 39	492	305	187
Proviso 1	382	329	53
Proviso 2	380	334	46
Proviso 3	544	454	90
Proviso 4	496	478	18
Proviso 5	496	469	27
Proviso 6	364	238	126
Proviso 7	102	80	22
Proviso 8	328	261	67
Proviso 9	444	421	23
Proviso 10	330	283	47
Proviso 11	328	265	63
Proviso 12	483	385	98
Proviso 13	459	362	97
Proviso 14	269	227	42
Proviso 15	377	339	38
Proviso 16	422	349	73
Proviso 17	323	298	25
Proviso 18	615	579	36
Proviso 19	498	462	36
Proviso 20	431	418	13
Proviso 21	411	272	139
Proviso 22	392	372	20
Proviso 23	215	159	56
Proviso 24	711	475	236
Proviso 25	601	387	214
Proviso 26	627	441	186
Proviso 27	557	364	193
Proviso 28	528	356	172
Proviso 29	672	440	232
Proviso 30	542	456	86
Proviso 31	317	299	18
Proviso 32	607	412	195
Proviso 33	560	532	28
Proviso 34	812	750	62
Proviso 35	559	375	184
Proviso 36	487	452	35
Proviso 37	332	320	12
Proviso 38	454	416	38
Proviso 39	557	493	64
Proviso 40	493	459	34
Proviso 41	419	394	25
Proviso 42	317	303	14
Proviso 43	319	297	22
Proviso 44	359	332	27
Proviso 45	445	417	28
Proviso 46	140	86	54
Proviso 47	265	252	13
Proviso 48	589	535	54
Proviso 49	360	307	53
Proviso 50	723	574	149
Proviso 51	535	407	128
Proviso 52	333	308	25
Proviso 53	499	473	26
Proviso 54	770	503	267
Proviso 55	472	323	149
Proviso 56	372	345	27
Proviso 57	427	325	102
Proviso 58	304	283	21
Proviso 59	424	340	84
Proviso 60	333	293	40
Proviso 61	590	501	89
Proviso 62	629	474	155
Proviso 63	599	365	234
Proviso 64	495	470	25
Proviso 65	407	339	68
Proviso 66	650	482	168
Proviso 67	784	589	195
Proviso 68	343	235	108
Proviso 69	372	350	22
Proviso 70	415	285	130
Proviso 71	820	678	142
Proviso 72	461	345	116
Proviso 73	494	363	131
Proviso 74	568	419	149
Proviso 75	562	377	185
Proviso 76	601	473	128
Proviso 77	312	224	88
Proviso 78	127	101	26
Proviso 79	401	368	33
Proviso 80	291	246	45
Proviso 81	399	329	70
Proviso 82	679	639	40
Proviso 83	591	567	24
Proviso 84	335	233	102
Proviso 85	553	403	150
Proviso 86	472	449	23
Proviso 87	437	347	90
Proviso 88	209	190	19
Proviso 89	401	262	139
Proviso 90	813	541	272
Proviso 91	409	341	68
Proviso 92	635	484	151
Proviso 93	376	286	90
Proviso 94	408	382	26
Proviso 95	378	290	88
Proviso 96	296	210	86
Proviso 97	670	443	227
Proviso 98	438	337	101
Proviso 99	496	461	35
Proviso 100	520	370	150
Proviso 101	441	309	132
Proviso 102	603	447	156
Rich 1	1,816	1,722	94
Rich 2	562	504	58
Rich 3	774	658	116
Rich 4	448	421	27
Rich 5	672	608	64
Rich 6	772	713	59
Rich 7	491	402	89
Rich 9	714	670	44
Rich 12	628	566	62
Rich 15	888	844	44
Rich 18	589	543	46
Rich 19	338	236	102
Rich 20	739	502	237
Rich 21	658	590	68
Rich 22	19	12	7
Rich 23	768	724	44
Rich 25	802	728	74
Rich 26	601	520	81
Rich 28	449	434	15
Rich 29	535	407	128
Rich 30	777	727	50
Rich 31	324	255	69
Rich 33	430	339	91
Rich 34	538	502	36
Rich 35	422	367	55
Rich 36	1,194	1,132	62
Rich 37	450	433	17
Rich 38	486	465	21
Rich 39	611	530	81
Rich 40	508	465	43
Rich 41	367	328	39
Rich 42	535	498	37
Rich 43	624	588	36
Rich 44	424	402	22
Rich 45	719	643	76
Rich 46	813	783	30
Rich 47	839	790	49
Rich 48	605	579	26
Rich 49	486	417	69
Rich 51	511	476	35
River Forest 1	776	580	196
River Forest 2	496	352	144
River Forest 3	564	424	140
River Forest 4	670	464	206
River Forest 5	430	309	121
River Forest 6	407	288	119
River Forest 7	581	434	147
River Forest 8	763	538	225
Riverside 1	606	376	230
Riverside 2	55	35	20
Riverside 3	363	231	132
Riverside 4	707	438	269
Riverside 5	374	268	106
Riverside 6	450	302	148
Riverside 7	366	254	112
Riverside 8	612	403	209
Riverside 9	440	248	192
Riverside 10	603	377	226
Riverside 11	718	443	275
Riverside 12	361	240	121
Riverside 13	541	366	175
Schaumburg 1	780	576	204
Schaumburg 2	693	487	206
Schaumburg 3	480	306	174
Schaumburg 4	308	237	71
Schaumburg 5	283	193	90
Schaumburg 6	405	275	130
Schaumburg 7	337	255	82
Schaumburg 8	394	276	118
Schaumburg 9	413	295	118
Schaumburg 10	319	218	101
Schaumburg 11	422	251	171
Schaumburg 12	481	347	134
Schaumburg 13	345	232	113
Schaumburg 14	533	339	194
Schaumburg 15	467	301	166
Schaumburg 16	553	389	164
Schaumburg 17	484	299	185
Schaumburg 18	413	306	107
Schaumburg 19	364	251	113
Schaumburg 20	362	240	122
Schaumburg 21	628	398	230
Schaumburg 22	538	420	118
Schaumburg 23	504	344	160
Schaumburg 24	564	345	219
Schaumburg 25	470	331	139
Schaumburg 26	535	353	182
Schaumburg 27	405	299	106
Schaumburg 28	567	401	166
Schaumburg 29	570	371	199
Schaumburg 30	435	290	145
Schaumburg 31	613	407	206
Schaumburg 32	614	390	224
Schaumburg 33	388	255	133
Schaumburg 34	544	427	117
Schaumburg 35	335	248	87
Schaumburg 36	340	201	139
Schaumburg 37	328	226	102
Schaumburg 38	448	314	134
Schaumburg 39	680	442	238
Schaumburg 40	426	277	149
Schaumburg 41	414	268	146
Schaumburg 42	543	374	169
Schaumburg 43	406	307	99
Schaumburg 44	565	438	127
Schaumburg 45	489	342	147
Schaumburg 46	345	232	113
Schaumburg 47	436	274	162
Schaumburg 48	371	248	123
Schaumburg 49	343	238	105
Schaumburg 50	360	212	148
Schaumburg 51	384	282	102
Schaumburg 52	625	392	233
Schaumburg 53	466	309	157
Schaumburg 54	545	369	176
Schaumburg 55	403	251	152
Schaumburg 56	523	323	200
Schaumburg 57	601	376	225
Schaumburg 58	293	191	102
Schaumburg 59	603	369	234
Schaumburg 60	347	252	95
Schaumburg 61	695	463	232
Schaumburg 62	563	407	156
Schaumburg 63	423	264	159
Schaumburg 64	419	260	159
Schaumburg 65	355	243	112
Schaumburg 66	430	265	165
Schaumburg 67	454	283	171
Schaumburg 68	433	269	164
Schaumburg 69	400	264	136
Schaumburg 70	389	221	168
Schaumburg 71	434	309	125
Schaumburg 72	402	270	132
Schaumburg 73	549	341	208
Schaumburg 74	378	233	145
Schaumburg 75	426	254	172
Schaumburg 76	449	280	169
Schaumburg 77	616	428	188
Schaumburg 78	376	281	95
Stickney 1	211	139	72
Stickney 2	325	258	67
Stickney 3	625	456	169
Stickney 4	482	359	123
Stickney 5	519	373	146
Stickney 6	599	436	163
Stickney 7	257	188	69
Stickney 8	399	274	125
Stickney 9	403	292	111
Stickney 10	505	369	136
Stickney 11	458	324	134
Stickney 12	443	318	125
Stickney 13	360	283	77
Stickney 14	519	353	166
Stickney 15	497	368	129
Stickney 16	523	378	145
Stickney 17	298	211	87
Stickney 18	225	169	56
Stickney 19	359	254	105
Stickney 20	362	280	82
Thornton 1	273	262	11
Thornton 2	213	195	18
Thornton 3	419	379	40
Thornton 4	551	523	28
Thornton 5	342	303	39
Thornton 6	584	559	25
Thornton 7	446	420	26
Thornton 8	448	427	21
Thornton 9	267	257	10
Thornton 10	427	388	39
Thornton 11	239	218	21
Thornton 12	365	330	35
Thornton 13	406	324	82
Thornton 14	467	384	83
Thornton 15	436	395	41
Thornton 16	420	324	96
Thornton 17	500	411	89
Thornton 18	632	472	160
Thornton 19	534	454	80
Thornton 20	296	199	97
Thornton 21	651	580	71
Thornton 22	424	396	28
Thornton 26	433	365	68
Thornton 27	592	551	41
Thornton 28	338	302	36
Thornton 29	262	252	10
Thornton 30	258	248	10
Thornton 31	121	104	17
Thornton 32	334	313	21
Thornton 33	427	395	32
Thornton 34	672	629	43
Thornton 35	655	612	43
Thornton 36	220	203	17
Thornton 37	516	419	97
Thornton 38	637	589	48
Thornton 39	349	327	22
Thornton 40	324	298	26
Thornton 41	318	289	29
Thornton 42	307	291	16
Thornton 43	370	277	93
Thornton 44	306	287	19
Thornton 45	403	391	12
Thornton 46	511	482	29
Thornton 47	340	266	74
Thornton 48	417	408	9
Thornton 49	230	220	10
Thornton 50	359	315	44
Thornton 51	369	272	97
Thornton 52	449	427	22
Thornton 53	310	290	20
Thornton 54	703	642	61
Thornton 55	325	294	31
Thornton 56	422	365	57
Thornton 57	319	219	100
Thornton 58	504	444	60
Thornton 59	326	288	38
Thornton 60	285	259	26
Thornton 61	291	261	30
Thornton 62	149	113	36
Thornton 63	232	200	32
Thornton 64	420	391	29
Thornton 65	550	414	136
Thornton 66	707	640	67
Thornton 68	454	358	96
Thornton 69	326	310	16
Thornton 70	225	197	28
Thornton 71	250	240	10
Thornton 72	445	423	22
Thornton 73	661	608	53
Thornton 74	478	452	26
Thornton 75	443	419	24
Thornton 76	495	451	44
Thornton 77	677	642	35
Thornton 78	499	481	18
Thornton 79	589	518	71
Thornton 80	423	380	43
Thornton 81	420	392	28
Thornton 82	365	239	126
Thornton 83	598	570	28
Thornton 84	621	588	33
Thornton 85	398	377	21
Thornton 86	409	382	27
Thornton 87	637	609	28
Thornton 88	452	430	22
Thornton 89	632	583	49
Thornton 90	491	442	49
Thornton 91	464	418	46
Thornton 92	499	443	56
Thornton 93	311	294	17
Thornton 94	533	500	33
Thornton 95	340	323	17
Thornton 96	347	326	21
Thornton 97	192	151	41
Thornton 98	160	148	12
Thornton 99	376	344	32
Thornton 100	273	259	14
Thornton 101	381	365	16
Thornton 102	245	228	17
Thornton 103	257	242	15
Thornton 104	167	153	14
Thornton 105	397	383	14
Thornton 106	317	300	17
Thornton 107	646	601	45
Thornton 108	253	229	24
Thornton 109	317	288	29
Thornton 110	292	270	22
Thornton 111	320	290	30
Thornton 112	234	213	21
Thornton 113	222	202	20
Thornton 114	452	371	81
Thornton 115	450	422	28
Thornton 116	481	433	48
Thornton 117	512	426	86
Thornton 119	428	397	31
Thornton 120	722	679	43
Thornton 121	363	331	32
Thornton 122	617	545	72
Thornton 123	323	295	28
Wheeling 1	431	301	130
Wheeling 2	352	217	135
Wheeling 3	504	319	185
Wheeling 4	346	232	114
Wheeling 5	469	316	153
Wheeling 6	314	217	97
Wheeling 7	709	455	254
Wheeling 8	355	216	139
Wheeling 9	365	267	98
Wheeling 10	617	366	251
Wheeling 11	625	398	227
Wheeling 12	663	412	251
Wheeling 13	429	236	193
Wheeling 14	401	246	155
Wheeling 15	438	305	133
Wheeling 16	190	134	56
Wheeling 17	421	300	121
Wheeling 18	439	274	165
Wheeling 19	660	435	225
Wheeling 20	552	363	189
Wheeling 21	341	200	141
Wheeling 22	563	378	185
Wheeling 23	441	258	183
Wheeling 24	376	232	144
Wheeling 25	635	419	216
Wheeling 26	731	459	272
Wheeling 27	719	489	230
Wheeling 28	654	398	256
Wheeling 29	287	188	99
Wheeling 30	658	398	260
Wheeling 31	353	203	150
Wheeling 32	331	202	129
Wheeling 33	249	175	74
Wheeling 34	624	393	231
Wheeling 35	461	311	150
Wheeling 36	770	483	287
Wheeling 37	543	393	150
Wheeling 38	539	360	179
Wheeling 39	551	356	195
Wheeling 40	526	320	206
Wheeling 41	788	493	295
Wheeling 42	632	410	222
Wheeling 43	449	317	132
Wheeling 44	567	352	215
Wheeling 45	415	256	159
Wheeling 46	781	453	328
Wheeling 47	376	260	116
Wheeling 48	414	265	149
Wheeling 49	571	425	146
Wheeling 50	385	296	89
Wheeling 51	547	350	197
Wheeling 52	420	290	130
Wheeling 53	557	322	235
Wheeling 54	559	339	220
Wheeling 55	489	352	137
Wheeling 56	436	307	129
Wheeling 57	557	344	213
Wheeling 58	371	233	138
Wheeling 59	539	341	198
Wheeling 60	373	280	93
Wheeling 61	592	320	272
Wheeling 62	569	378	191
Wheeling 63	361	261	100
Wheeling 64	697	485	212
Wheeling 65	663	413	250
Wheeling 66	601	409	192
Wheeling 67	318	264	54
Wheeling 68	285	174	111
Wheeling 69	498	299	199
Wheeling 70	659	460	199
Wheeling 71	774	495	279
Wheeling 72	479	317	162
Wheeling 73	494	327	167
Wheeling 74	338	241	97
Wheeling 75	488	327	161
Wheeling 76	576	406	170
Wheeling 77	202	144	58
Wheeling 78	771	484	287
Wheeling 79	448	301	147
Wheeling 80	382	276	106
Wheeling 81	393	291	102
Wheeling 82	672	441	231
Wheeling 83	759	510	249
Wheeling 84	639	448	191
Wheeling 85	395	240	155
Wheeling 86	576	378	198
Wheeling 87	473	304	169
Wheeling 88	552	393	159
Wheeling 89	293	209	84
Wheeling 90	484	304	180
Wheeling 91	609	444	165
Wheeling 92	742	501	241
Worth 1	250	181	69
Worth 2	516	350	166
Worth 3	460	311	149
Worth 4	661	556	105
Worth 5	486	315	171
Worth 6	470	300	170
Worth 7	404	243	161
Worth 8	527	420	107
Worth 9	526	381	145
Worth 10	590	449	141
Worth 11	482	338	144
Worth 12	295	196	99
Worth 13	520	387	133
Worth 14	442	349	93
Worth 15	639	467	172
Worth 16	568	358	210
Worth 17	529	404	125
Worth 18	324	176	148
Worth 19	475	334	141
Worth 20	346	262	84
Worth 21	640	428	212
Worth 22	374	261	113
Worth 23	465	293	172
Worth 24	239	199	40
Worth 25	538	362	176
Worth 26	353	243	110
Worth 27	374	257	117
Worth 28	310	236	74
Worth 29	424	361	63
Worth 30	491	341	150
Worth 31	622	475	147
Worth 32	317	219	98
Worth 33	412	294	118
Worth 34	451	344	107
Worth 35	489	326	163
Worth 36	519	396	123
Worth 37	385	304	81
Worth 38	563	449	114
Worth 39	435	301	134
Worth 40	500	378	122
Worth 41	254	179	75
Worth 42	364	255	109
Worth 43	304	289	15
Worth 44	303	196	107
Worth 45	369	258	111
Worth 46	559	383	176
Worth 47	242	180	62
Worth 48	340	239	101
Worth 49	273	196	77
Worth 50	501	334	167
Worth 51	323	201	122
Worth 52	287	189	98
Worth 53	467	330	137
Worth 54	485	373	112
Worth 55	251	178	73
Worth 56	438	292	146
Worth 57	515	365	150
Worth 58	489	340	149
Worth 59	651	565	86
Worth 60	273	172	101
Worth 61	389	247	142
Worth 62	255	166	89
Worth 63	445	339	106
Worth 64	599	369	230
Worth 65	635	375	260
Worth 66	328	203	125
Worth 67	280	168	112
Worth 68	414	335	79
Worth 69	589	459	130
Worth 70	548	376	172
Worth 71	365	234	131
Worth 72	517	387	130
Worth 73	296	217	79
Worth 74	239	175	64
Worth 75	515	402	113
Worth 76	223	155	68
Worth 77	450	333	117
Worth 78	580	369	211
Worth 79	266	171	95
Worth 80	572	452	120
Worth 81	338	206	132
Worth 82	441	290	151
Worth 83	215	172	43
Worth 84	448	318	130
Worth 85	462	320	142
Worth 86	438	289	149
Worth 87	407	256	151
Worth 88	274	203	71
Worth 89	559	340	219
Worth 90	504	369	135
Worth 91	256	171	85
Worth 92	482	337	145
Worth 93	259	186	73
Worth 94	502	322	180
Worth 95	449	261	188
Worth 96	587	468	119
Worth 97	401	341	60
Worth 98	506	370	136
Worth 99	271	175	96
Worth 100	449	336	113
