Precinct	total_votes	votes|Yes	votes|No
01001	552	504	48
01002	436	412	24
01003	582	522	60
01004	555	490	65
01005	604	553	51
01006	518	442	76
01007	382	353	29
01008	426	373	53
01009	375	334	41
01010	695	602	93
01011	634	545	89
01012	619	566	53
01013	239	215	24
01014	494	447	47
01015	461	419	42
01016	624	571	53
01017	442	418	24
01018	494	457	37
01019	536	485	51
01020	424	400	24
01021	711	631	80
01022	336	306	30
01023	751	690	61
01024	434	410	24
01025	525	490	35
01026	310	297	13
01027	536	469	67
01028	106	96	10
01029	642	576	66
01030	552	516	36
01031	487	435	52
01032	501	442	59
01033	607	532	75
01034	416	377	39
01035	647	568	79
01036	552	472	80
01037	538	462	76
01038	502	442	60
01039	467	420	47
01040	499	433	66
01041	303	276	27
01042	174	156	18
01043	325	287	38
01044	486	446	40
02001	595	499	96
02002	428	364	64
02003	606	517	89
02004	482	423	59
02005	654	574	80
02006	530	462	68
02007	494	419	75
02008	624	546	78
02009	506	402	104
02010	434	330	104
02011	567	461	106
02012	461	406	55
02013	453	374	79
02014	582	521	61
02015	522	459	63
02016	478	428	50
02017	644	581	63
02018	499	421	78
02019	389	300	89
02020	616	490	126
02021	541	488	53
02022	555	440	115
02023	370	287	83
02024	476	393	83
02025	587	507	80
02026	485	393	92
02027	479	372	107
02028	599	464	135
02029	601	501	100
02030	449	357	92
02031	618	509	109
02032	433	359	74
02033	793	637	156
02034	424	322	102
02035	711	579	132
02036	585	469	116
02037	469	392	77
02038	484	383	101
02039	353	291	62
02040	720	603	117
02041	547	449	98
02042	578	494	84
02043	706	565	141
02044	328	268	60
02045	607	520	87
02046	306	227	79
03001	585	561	24
03002	538	511	27
03003	361	339	22
03004	514	493	21
03005	270	257	13
03006	681	558	123
03007	276	263	13
03008	363	343	20
03009	460	438	22
03010	174	169	5
03011	460	441	19
03012	470	450	20
03013	585	508	77
03014	551	496	55
03015	344	325	19
03016	362	350	12
03017	692	625	67
03018	670	638	32
03019	598	488	110
03020	495	478	17
03021	553	468	85
03022	697	611	86
03023	399	375	24
03024	388	375	13
03025	902	740	162
03026	577	471	106
03027	664	555	109
03028	297	283	14
03029	436	407	29
03030	372	360	12
03031	500	481	19
03032	612	538	74
03033	623	533	90
03034	645	551	94
03035	232	217	15
03036	241	227	14
03037	423	406	17
03038	370	355	15
03039	828	702	126
03040	491	439	52
03041	337	302	35
04001	756	703	53
04002	683	594	89
04003	396	376	20
04004	649	613	36
04005	474	451	23
04006	506	479	27
04007	574	550	24
04008	512	495	17
04009	530	511	19
04010	619	578	41
04011	505	470	35
04012	574	546	28
04013	648	568	80
04014	506	487	19
04015	611	586	25
04016	879	771	108
04017	656	580	76
04018	469	448	21
04019	341	330	11
04020	474	424	50
04021	709	636	73
04022	523	492	31
04023	686	645	41
04024	444	412	32
04025	590	500	90
04026	448	430	18
04027	662	630	32
04028	420	404	16
04029	428	409	19
04030	655	627	28
04031	496	472	24
04032	567	540	27
04033	501	476	25
04034	420	407	13
04035	584	562	22
04036	550	520	30
04037	960	844	116
04038	540	520	20
05001	378	360	18
05002	315	307	8
05003	549	517	32
05004	642	604	38
05005	403	386	17
05006	356	337	19
05007	487	462	25
05008	501	465	36
05009	562	537	25
05010	350	332	18
05011	518	493	25
05012	303	290	13
05013	381	357	24
05014	360	347	13
05015	443	408	35
05016	419	404	15
05017	340	325	15
05018	460	438	22
05019	459	431	28
05020	547	523	24
05021	541	506	35
05022	539	506	33
05023	825	772	53
05024	547	516	31
05025	424	408	16
05026	447	426	21
05027	580	519	61
05028	489	460	29
05029	479	455	24
05030	273	258	15
05031	342	326	16
05032	573	550	23
05033	466	452	14
05034	561	507	54
05035	599	564	35
05036	254	248	6
05037	526	499	27
05038	398	383	15
05039	393	350	43
05040	324	310	14
05041	268	257	11
06001	396	386	10
06002	365	354	11
06003	381	368	13
06004	283	272	11
06005	225	216	9
06006	403	396	7
06007	340	324	16
06008	376	362	14
06009	319	306	13
06010	216	205	11
06011	320	309	11
06012	265	257	8
06013	283	276	7
06014	274	269	5
06015	279	268	11
06016	374	363	11
06017	232	223	9
06018	227	216	11
06019	332	320	12
06020	211	202	9
06021	200	190	10
06022	224	213	11
06023	187	181	6
06024	178	168	10
06025	178	166	12
06026	252	242	10
06027	203	193	10
06028	165	156	9
06029	378	362	16
06030	289	276	13
06031	371	355	16
06032	344	328	16
06033	355	331	24
06034	373	363	10
06035	328	309	19
06036	423	409	14
06037	373	356	17
06038	390	369	21
06039	301	278	23
06040	315	307	8
06041	361	344	17
06042	369	353	16
06043	312	296	16
06044	344	333	11
06045	396	383	13
06046	251	240	11
06047	252	247	5
06048	386	367	19
07001	305	296	9
07002	337	320	17
07003	377	360	17
07004	360	344	16
07005	279	263	16
07006	434	411	23
07007	326	316	10
07008	279	271	8
07009	616	591	25
07010	387	369	18
07011	365	351	14
07012	307	296	11
07013	206	195	11
07014	361	349	12
07015	338	323	15
07016	277	260	17
07017	292	279	13
07018	285	266	19
07019	329	319	10
07020	259	249	10
07021	250	234	16
07022	289	272	17
07023	338	329	9
07024	266	249	17
07025	275	255	20
07026	279	267	12
07027	265	252	13
07028	251	240	11
07029	283	268	15
07030	244	227	17
07031	228	218	10
07032	463	443	20
07033	464	446	18
07034	419	405	14
07035	374	362	12
07036	410	401	9
07037	363	343	20
07038	292	280	12
07039	312	301	11
07040	291	283	8
07041	349	333	16
07042	290	281	9
07043	307	291	16
07044	301	286	15
07045	324	313	11
07046	125	118	7
08001	314	299	15
08002	334	321	13
08003	424	408	16
08004	427	413	14
08005	399	383	16
08006	377	362	15
08007	414	403	11
08008	369	358	11
08009	243	237	6
08010	463	444	19
08011	288	272	16
08012	301	283	18
08013	400	383	17
08014	266	251	15
08015	307	297	10
08016	113	110	3
08017	319	308	11
08018	340	325	15
08019	390	371	19
08020	414	398	16
08021	452	439	13
08022	339	322	17
08023	298	289	9
08024	228	221	7
08025	375	353	22
08026	322	309	13
08027	401	386	15
08028	376	359	17
08029	408	388	20
08030	362	346	16
08031	255	249	6
08032	278	274	4
08033	336	312	24
08034	350	339	11
08035	390	376	14
08036	377	362	15
08037	304	290	14
08038	238	226	12
08039	351	339	12
08040	289	280	9
08041	408	395	13
08042	431	421	10
08043	206	200	6
08044	237	227	10
08045	340	332	8
08046	292	287	5
08047	292	273	19
08048	339	330	9
08049	345	328	17
08050	357	345	12
08051	380	373	7
08052	451	434	17
08053	220	212	8
08054	292	284	8
08055	250	244	6
08056	373	366	7
09001	344	325	19
09002	299	286	13
09003	273	255	18
09004	262	249	13
09005	343	333	10
09006	294	285	9
09007	278	269	9
09008	330	314	16
09009	367	349	18
09010	268	260	8
09011	221	214	7
09012	404	389	15
09013	398	386	12
09014	415	396	19
09015	378	356	22
09016	307	298	9
09017	220	215	5
09018	249	234	15
09019	327	313	14
09020	329	323	6
09021	293	284	9
09022	348	344	4
09023	410	395	15
09024	321	305	16
09025	362	349	13
09026	373	366	7
09027	272	264	8
09028	212	198	14
09029	292	280	12
09030	271	262	9
09031	261	238	23
09032	360	342	18
09033	262	255	7
09034	248	238	10
09035	347	338	9
09036	284	269	15
09037	494	446	48
09038	369	359	10
09039	374	361	13
09040	379	366	13
09041	279	269	10
09042	356	341	15
09043	289	272	17
09044	301	293	8
09045	268	261	7
09046	338	319	19
09047	363	346	17
09048	382	372	10
09049	357	345	12
09050	467	453	14
09051	337	329	8
10001	286	269	17
10002	345	277	68
10003	347	285	62
10004	249	230	19
10005	267	222	45
10006	260	229	31
10007	247	223	24
10008	202	191	11
10009	337	282	55
10010	350	311	39
10011	393	356	37
10012	209	184	25
10013	298	278	20
10014	444	392	52
10015	630	611	19
10016	253	203	50
10017	444	378	66
10018	215	202	13
10019	355	304	51
10020	378	315	63
10021	323	289	34
10022	199	189	10
10023	284	270	14
10024	339	276	63
10025	90	87	3
10026	248	224	24
10027	325	304	21
10028	375	330	45
10029	311	278	33
10030	279	264	15
10031	248	231	17
10032	335	291	44
10033	227	203	24
10034	230	216	14
10035	401	332	69
10036	83	79	4
11001	401	343	58
11002	30	26	4
11003	413	386	27
11004	331	285	46
11005	522	464	58
11006	703	607	96
11007	634	576	58
11008	368	313	55
11009	319	277	42
11010	362	330	32
11011	441	381	60
11012	534	467	67
11013	472	377	95
11014	190	155	35
11015	156	139	17
11016	273	228	45
11017	508	434	74
11018	295	258	37
11019	523	464	59
11020	265	226	39
11021	514	429	85
11022	450	391	59
11023	250	210	40
11024	466	406	60
11025	528	442	86
11026	456	401	55
11027	139	122	17
11028	184	166	18
11029	447	360	87
11030	204	165	39
11031	392	327	65
11032	192	159	33
11033	512	429	83
11034	122	108	14
11035	78	70	8
11036	166	147	19
11037	110	92	18
11038	225	199	26
12001	348	302	46
12002	241	224	17
12003	457	408	49
12004	388	343	45
12005	294	265	29
12006	345	309	36
12007	312	277	35
12008	392	342	50
12009	296	261	35
12010	400	379	21
12011	336	308	28
12012	349	314	35
12013	328	293	35
12014	320	298	22
12015	251	230	21
12016	297	281	16
12017	341	308	33
12018	271	251	20
12019	330	284	46
12020	409	361	48
12021	353	316	37
12022	276	253	23
12023	352	310	42
13001	293	243	50
13002	289	241	48
13003	260	227	33
13004	347	276	71
13005	365	325	40
13006	336	269	67
13007	240	216	24
13008	255	218	37
13009	337	298	39
13010	303	227	76
13011	342	288	54
13012	288	257	31
13013	316	289	27
13014	322	283	39
13015	430	379	51
13016	213	196	17
13017	268	224	44
13018	256	197	59
13019	333	313	20
13020	192	147	45
13021	374	293	81
13022	350	284	66
13023	237	207	30
13024	312	261	51
13025	309	275	34
13026	286	251	35
13027	299	257	42
13028	239	211	28
13029	241	211	30
13030	240	222	18
13031	349	285	64
13032	267	203	64
13033	323	261	62
13034	362	335	27
13035	290	253	37
13036	194	174	20
13037	354	325	29
13038	285	227	58
13039	301	263	38
13040	326	275	51
13041	353	318	35
13042	303	245	58
13043	317	276	41
13044	313	284	29
13045	358	299	59
13046	354	318	36
13047	323	295	28
13048	292	234	58
14001	403	308	95
14002	415	367	48
14003	335	290	45
14004	354	280	74
14005	450	417	33
14006	154	138	16
14007	383	336	47
14008	369	325	44
14009	421	344	77
14010	237	211	26
14011	209	191	18
14012	364	317	47
14013	296	269	27
14014	291	258	33
14015	336	296	40
14016	228	205	23
14017	259	237	22
14018	144	122	22
14019	297	274	23
14020	226	211	15
14021	299	269	30
14022	435	390	45
14023	265	231	34
14024	421	339	82
14025	186	164	22
14026	240	221	19
14027	317	279	38
14028	255	223	32
14029	248	230	18
14030	178	161	17
14031	193	180	13
15001	276	246	30
15002	200	195	5
15003	219	205	14
15004	310	277	33
15005	259	234	25
15006	287	257	30
15007	205	194	11
15008	269	237	32
15009	367	336	31
15010	393	343	50
15011	336	293	43
15012	348	315	33
15013	272	250	22
15014	265	241	24
15015	220	197	23
15016	313	283	30
15017	231	223	8
15018	197	190	7
15019	255	237	18
15020	210	197	13
15021	191	183	8
15022	251	238	13
15023	246	233	13
15024	186	175	11
16001	330	315	15
16002	259	243	16
16003	224	218	6
16004	255	242	13
16005	182	169	13
16006	264	250	14
16007	247	233	14
16008	174	170	4
16009	263	255	8
16010	244	233	11
16011	255	244	11
16012	222	213	9
16013	190	177	13
16014	169	162	7
16015	274	261	13
16016	231	224	7
16017	252	241	11
16018	282	269	13
16019	220	208	12
16020	189	185	4
16021	218	211	7
16022	210	201	9
16023	296	276	20
16024	143	139	4
16025	310	298	12
16026	188	180	8
16027	209	199	10
16028	236	224	12
16029	246	238	8
16030	210	202	8
16031	253	245	8
16032	282	257	25
16033	219	211	8
16034	223	210	13
16035	319	303	16
16036	164	155	9
17001	297	283	14
17002	317	297	20
17003	315	298	17
17004	372	359	13
17005	228	211	17
17006	263	255	8
17007	246	226	20
17008	246	230	16
17009	243	235	8
17010	409	392	17
17011	229	213	16
17012	394	372	22
17013	261	248	13
17014	361	338	23
17015	344	328	16
17016	303	283	20
17017	292	280	12
17018	355	341	14
17019	183	179	4
17020	404	390	14
17021	429	415	14
17022	263	256	7
17023	204	195	9
17024	330	313	17
17025	231	224	7
17026	327	318	9
17027	291	281	10
17028	243	232	11
17029	299	286	13
17030	243	227	16
17031	191	181	10
17032	230	215	15
17033	203	190	13
17034	235	227	8
17035	233	228	5
17036	277	261	16
17037	253	244	9
17038	288	275	13
17039	310	294	16
17040	330	313	17
17041	386	374	12
18001	295	277	18
18002	303	268	35
18003	330	274	56
18004	366	349	17
18005	225	220	5
18006	303	251	52
18007	344	318	26
18008	335	318	17
18009	343	318	25
18010	467	447	20
18011	286	266	20
18012	343	326	17
18013	372	354	18
18014	373	364	9
18015	383	352	31
18016	331	315	16
18017	326	299	27
18018	291	276	15
18019	344	326	18
18020	293	286	7
18021	435	410	25
18022	407	395	12
18023	347	326	21
18024	338	293	45
18025	336	294	42
18026	443	426	17
18027	289	271	18
18028	333	281	52
18029	341	318	23
18030	386	349	37
18031	370	351	19
18032	353	345	8
18033	268	252	16
18034	419	396	23
18035	420	399	21
18036	377	345	32
18037	411	389	22
18038	337	324	13
18039	243	236	7
18040	371	338	33
18041	426	406	20
18042	311	297	14
18043	223	198	25
18044	316	266	50
18045	311	289	22
18046	365	320	45
18047	270	255	15
18048	283	265	18
18049	216	207	9
18050	259	244	15
19001	360	260	100
19002	585	523	62
19003	318	196	122
19004	453	309	144
19005	439	381	58
19006	427	295	132
19007	368	284	84
19008	464	313	151
19009	300	218	82
19010	494	408	86
19011	393	249	144
19012	332	213	119
19013	484	462	22
19014	492	442	50
19015	503	341	162
19016	428	295	133
19017	366	249	117
19018	400	309	91
19019	534	444	90
19020	342	318	24
19021	376	255	121
19022	437	344	93
19023	428	311	117
19024	284	191	93
19025	407	305	102
19026	409	306	103
19027	440	396	44
19028	465	445	20
19029	426	287	139
19030	378	254	124
19031	382	308	74
19032	389	297	92
19033	433	304	129
19034	383	301	82
19035	378	304	74
19036	570	519	51
19037	407	365	42
19038	368	336	32
19039	138	123	15
19040	457	389	68
19041	370	249	121
19042	361	312	49
19043	543	522	21
19044	433	292	141
19045	389	269	120
19046	417	300	117
19047	589	534	55
19048	470	450	20
19049	509	471	38
19050	345	276	69
19051	470	354	116
19052	438	297	141
19053	389	298	91
19054	357	220	137
19055	353	233	120
19056	447	363	84
19057	333	288	45
20001	341	327	14
20002	136	130	6
20003	297	282	15
20004	155	145	10
20005	408	392	16
20006	86	84	2
20007	362	343	19
20008	325	312	13
20009	509	487	22
20010	240	235	5
20011	434	420	14
20012	281	269	12
20013	360	349	11
20014	169	158	11
20015	279	262	17
20016	399	379	20
20017	195	181	14
20018	176	173	3
20019	348	332	16
20020	216	199	17
20021	230	222	8
20022	465	448	17
20023	353	331	22
20024	415	390	25
20025	243	234	9
20026	360	342	18
20027	164	158	6
20028	216	207	9
20029	389	371	18
20030	146	139	7
20031	400	387	13
20032	315	309	6
20033	202	195	7
20034	585	558	27
20035	241	230	11
20036	114	107	7
20037	107	100	7
20038	115	106	9
20039	24	23	1
21001	401	380	21
21002	259	248	11
21003	344	329	15
21004	347	333	14
21005	375	356	19
21006	290	280	10
21007	348	331	17
21008	363	346	17
21009	377	363	14
21010	318	309	9
21011	326	312	14
21012	308	296	12
21013	348	334	14
21014	372	359	13
21015	303	285	18
21016	319	312	7
21017	307	297	10
21018	390	374	16
21019	368	355	13
21020	282	270	12
21021	298	284	14
21022	261	249	12
21023	322	314	8
21024	351	343	8
21025	296	286	10
21026	345	330	15
21027	365	353	12
21028	367	357	10
21029	398	383	15
21030	283	259	24
21031	250	242	8
21032	315	308	7
21033	308	292	16
21034	301	290	11
21035	407	397	10
21036	327	315	12
21037	250	243	7
21038	322	307	15
21039	297	279	18
21040	325	314	11
21041	348	331	17
21042	352	341	11
21043	319	311	8
21044	341	332	9
21045	310	301	9
21046	379	368	11
21047	325	310	15
21048	346	333	13
21049	396	384	12
21050	273	265	8
21051	315	298	17
21052	326	311	15
21053	283	263	20
21054	296	286	10
22001	191	179	12
22002	380	321	59
22003	420	392	28
22004	238	215	23
22005	306	275	31
22006	284	262	22
22007	215	193	22
22008	413	369	44
22009	170	160	10
22010	373	336	37
22011	235	216	19
22012	271	228	43
22013	285	257	28
22014	221	203	18
22015	245	223	22
22016	248	227	21
22017	294	269	25
22018	266	255	11
22019	153	150	3
22020	260	239	21
22021	306	287	19
22022	272	251	21
22023	397	387	10
22024	309	282	27
22025	288	262	26
23001	323	244	79
23002	343	280	63
23003	337	245	92
23004	386	313	73
23005	315	274	41
23006	284	255	29
23007	269	250	19
23008	383	344	39
23009	273	244	29
23010	332	297	35
23011	325	305	20
23012	342	249	93
23013	267	235	32
23014	316	251	65
23015	265	238	27
23016	317	247	70
23017	188	174	14
23018	281	220	61
23019	253	226	27
23020	192	170	22
23021	351	263	88
23022	339	289	50
23023	332	274	58
23024	270	236	34
23025	266	234	32
23026	330	298	32
23027	284	205	79
23028	354	290	64
23029	280	229	51
23030	344	297	47
23031	255	224	31
23032	300	265	35
23033	326	291	35
23034	297	269	28
23035	233	170	63
23036	303	227	76
23037	351	272	79
23038	311	255	56
23039	333	298	35
24001	247	238	9
24002	277	268	9
24003	285	277	8
24004	223	213	10
24005	141	137	4
24006	290	279	11
24007	202	190	12
24008	137	131	6
24009	269	249	20
24010	126	120	6
24011	323	223	100
24012	171	160	11
24013	154	143	11
24014	237	224	13
24015	144	138	6
24016	389	367	22
24017	223	210	13
24018	316	308	8
24019	333	310	23
24020	244	235	9
24021	123	115	8
24022	336	316	20
24023	210	200	10
24024	316	307	9
24025	253	241	12
24026	403	391	12
24027	296	287	9
24028	188	184	4
24029	170	163	7
24030	156	151	5
24031	314	296	18
24032	140	132	8
24033	174	167	7
24034	257	255	2
24035	260	256	4
24036	329	313	16
24037	167	158	9
24038	230	212	18
24039	289	279	10
24040	331	317	14
24041	197	183	14
25001	328	301	27
25002	478	443	35
25003	722	611	111
25004	347	316	31
25005	440	406	34
25006	139	110	29
25007	436	407	29
25008	450	417	33
25009	396	363	33
25010	692	565	127
25011	446	406	40
25012	410	374	36
25013	458	429	29
25014	235	204	31
25015	367	339	28
25016	693	569	124
25017	450	416	34
25018	225	189	36
25019	445	407	38
25020	253	239	14
25021	818	712	106
25022	403	378	25
25023	476	431	45
25024	430	396	34
25025	437	364	73
25026	373	327	46
25027	567	465	102
25028	435	396	39
25029	306	282	24
25030	400	375	25
25031	842	691	151
25032	341	304	37
26001	379	348	31
26002	292	275	17
26003	420	375	45
26004	208	202	6
26005	321	301	20
26006	288	268	20
26007	366	335	31
26008	171	153	18
26009	241	229	12
26010	288	271	17
26011	296	274	22
26012	382	359	23
26013	172	157	15
26014	246	233	13
26015	182	161	21
26016	174	159	15
26017	283	238	45
26018	239	228	11
26019	190	179	11
26020	286	271	15
26021	400	368	32
26022	164	152	12
26023	212	199	13
26024	266	247	19
26025	306	285	21
26026	232	206	26
26027	415	385	30
26028	502	444	58
26029	212	197	15
26030	276	258	18
26031	150	138	12
26032	424	382	42
26033	387	364	23
26034	429	408	21
26035	278	258	20
26036	338	310	28
26037	363	349	14
26038	138	131	7
26039	369	331	38
26040	232	212	20
26041	389	365	24
26042	288	268	20
26043	168	157	11
26044	193	180	13
26045	143	128	15
26046	245	213	32
26047	214	197	17
26048	343	326	17
26049	180	171	9
27001	878	725	153
27002	423	356	67
27003	211	202	9
27004	206	188	18
27005	284	270	14
27006	458	393	65
27007	591	534	57
27008	201	192	9
27009	217	174	43
27010	321	303	18
27011	561	473	88
27012	316	265	51
27013	513	479	34
27014	169	162	7
27015	176	170	6
27016	468	391	77
27017	375	344	31
27018	255	241	14
27019	173	167	6
27020	287	277	10
27021	438	371	67
27022	175	167	8
27023	222	212	10
27024	255	250	5
27025	362	339	23
27026	289	281	8
27027	452	420	32
27028	401	332	69
27029	222	213	9
27030	158	155	3
27031	275	258	17
27032	313	290	23
27033	431	374	57
27034	266	255	11
27035	478	406	72
27036	302	286	16
27037	483	430	53
27038	610	546	64
27039	264	251	13
27040	579	490	89
27041	269	258	11
27042	289	255	34
27043	241	225	16
27044	248	235	13
27045	911	778	133
27046	350	278	72
27047	223	201	22
27048	747	649	98
27049	264	254	10
27050	323	309	14
28001	186	178	8
28002	265	256	9
28003	244	236	8
28004	309	270	39
28005	198	182	16
28006	190	167	23
28007	277	269	8
28008	405	343	62
28009	298	292	6
28010	395	353	42
28011	643	593	50
28012	274	267	7
28013	356	346	10
28014	223	219	4
28015	59	56	3
28016	173	168	5
28017	262	250	12
28018	256	249	7
28019	274	244	30
28020	280	267	13
28021	245	238	7
28022	274	259	15
28023	322	307	15
28024	237	224	13
28025	410	393	17
28026	277	267	10
28027	346	279	67
28028	414	351	63
28029	158	150	8
28030	46	45	1
28031	381	366	15
28032	278	256	22
28033	311	299	12
28034	519	505	14
28035	330	315	15
28036	153	143	10
28037	373	363	10
28038	124	117	7
28039	219	211	8
28040	386	374	12
28041	224	220	4
28042	261	250	11
28043	346	330	16
28044	200	189	11
28045	415	364	51
28046	636	552	84
29001	500	457	43
29002	496	473	23
29003	378	362	16
29004	381	362	19
29005	301	288	13
29006	297	285	12
29007	389	356	33
29008	324	310	14
29009	443	382	61
29010	522	462	60
29011	215	208	7
29012	453	433	20
29013	406	393	13
29014	323	313	10
29015	430	412	18
29016	349	334	15
29017	324	311	13
29018	338	326	12
29019	376	363	13
29020	433	421	12
29021	474	452	22
29022	255	241	14
29023	427	364	63
29024	330	317	13
29025	431	411	20
29026	362	342	20
29027	335	318	17
29028	451	436	15
29029	361	295	66
29030	495	462	33
29031	348	291	57
29032	362	292	70
29033	260	245	15
29034	256	245	11
29035	281	272	9
29036	314	300	14
29037	364	347	17
29038	401	365	36
29039	337	303	34
29040	413	402	11
29041	292	285	7
29042	401	385	16
29043	474	454	20
29044	454	436	18
30001	450	404	46
30002	380	348	32
30003	337	301	36
30004	346	312	34
30005	276	253	23
30006	296	267	29
30007	419	372	47
30008	497	443	54
30009	296	257	39
30010	368	327	41
30011	352	325	27
30012	325	287	38
30013	369	330	39
30014	245	215	30
30015	383	326	57
30016	172	156	16
30017	362	337	25
30018	484	450	34
30019	340	312	28
30020	420	375	45
30021	293	259	34
30022	548	488	60
30023	421	388	33
30024	518	487	31
30025	555	516	39
30026	242	219	23
30027	265	237	28
30028	407	383	24
30029	211	187	24
30030	165	145	20
30031	257	230	27
30032	319	295	24
31001	226	211	15
31002	202	191	11
31003	210	196	14
31004	369	344	25
31005	261	239	22
31006	184	169	15
31007	421	395	26
31008	193	169	24
31009	235	206	29
31010	231	206	25
31011	207	186	21
31012	233	218	15
31013	262	244	18
31014	229	207	22
31015	210	186	24
31016	313	292	21
31017	244	225	19
31018	244	215	29
31019	235	219	16
31020	226	203	23
31021	235	218	17
31022	224	204	20
31023	264	234	30
31024	246	222	24
31025	238	206	32
31026	273	249	24
31027	272	244	28
31028	210	183	27
31029	266	235	31
31030	195	182	13
31031	197	182	15
31032	203	188	15
31033	213	194	19
31034	245	221	24
31035	280	249	31
31036	281	254	27
31037	241	212	29
31038	192	177	15
31039	283	272	11
31040	296	278	18
31041	213	200	13
32001	604	530	74
32002	572	480	92
32003	601	567	34
32004	513	442	71
32005	556	489	67
32006	636	565	71
32007	574	493	81
32008	663	548	115
32009	484	427	57
32010	551	460	91
32011	495	474	21
32012	407	373	34
32013	569	451	118
32014	569	521	48
32015	544	453	91
32016	576	505	71
32017	559	518	41
32018	504	408	96
32019	552	486	66
32020	529	499	30
32021	579	482	97
32022	653	600	53
32023	610	499	111
32024	423	327	96
32025	542	462	80
32026	606	556	50
32027	501	398	103
32028	548	508	40
32029	602	547	55
32030	539	439	100
32031	583	479	104
32032	613	528	85
32033	570	485	85
32034	612	534	78
32035	570	476	94
32036	591	499	92
32037	532	455	77
32038	498	421	77
32039	599	465	134
32040	592	516	76
32041	595	496	99
32042	498	395	103
32043	515	476	39
33001	496	454	42
33002	618	571	47
33003	736	688	48
33004	694	624	70
33005	473	425	48
33006	442	400	42
33007	547	520	27
33008	715	647	68
33009	596	520	76
33010	491	455	36
33011	580	523	57
33012	497	447	50
33013	524	483	41
33014	278	251	27
33015	513	482	31
33016	677	609	68
33017	576	519	57
33018	710	661	49
33019	583	520	63
33020	614	558	56
33021	537	488	49
33022	494	424	70
33023	552	492	60
33024	705	625	80
33025	640	574	66
33026	437	406	31
33027	602	550	52
33028	504	474	30
34001	391	377	14
34002	285	277	8
34003	372	357	15
34004	260	249	11
34005	311	301	10
34006	405	387	18
34007	408	386	22
34008	288	276	12
34009	245	237	8
34010	351	342	9
34011	304	293	11
34012	383	369	14
34013	352	341	11
34014	277	261	16
34015	324	305	19
34016	305	292	13
34017	455	435	20
34018	274	261	13
34019	380	364	16
34020	402	378	24
34021	416	399	17
34022	362	350	12
34023	272	265	7
34024	313	299	14
34025	524	498	26
34026	391	376	15
34027	289	273	16
34028	231	222	9
34029	278	268	10
34030	327	315	12
34031	305	296	9
34032	359	347	12
34033	289	274	15
34034	377	367	10
34035	402	387	15
34036	324	312	12
34037	213	205	8
34038	168	161	7
34039	240	237	3
34040	389	373	16
34041	222	213	9
34042	340	327	13
34043	332	314	18
34044	356	341	15
34045	379	368	11
34046	251	245	6
34047	345	328	17
34048	385	372	13
34049	346	330	16
34050	283	269	14
34051	430	418	12
34052	210	202	8
34053	215	209	6
35001	476	435	41
35002	506	466	40
35003	420	402	18
35004	430	389	41
35005	421	392	29
35006	427	398	29
35007	473	451	22
35008	496	457	39
35009	393	364	29
35010	614	567	47
35011	505	473	32
35012	285	256	29
35013	282	253	29
35014	270	247	23
35015	553	519	34
35016	233	226	7
35017	511	470	41
35018	282	263	19
35019	228	201	27
35020	390	355	35
35021	393	358	35
35022	542	507	35
35023	445	408	37
35024	414	372	42
35025	533	489	44
35026	398	353	45
35027	368	332	36
35028	434	393	41
35029	370	330	40
35030	413	376	37
35031	474	423	51
36001	332	298	34
36002	318	287	31
36003	307	267	40
36004	309	274	35
36005	304	278	26
36006	297	271	26
36007	436	359	77
36008	248	227	21
36009	290	263	27
36010	436	398	38
36011	220	198	22
36012	202	182	20
36013	230	215	15
36014	346	298	48
36015	359	316	43
36016	384	336	48
36017	398	346	52
36018	374	324	50
36019	371	330	41
36020	362	330	32
36021	258	238	20
36022	268	235	33
36023	296	260	36
36024	345	308	37
36025	328	292	36
36026	358	308	50
36027	338	296	42
36028	319	273	46
36029	377	335	42
36030	339	308	31
37001	225	213	12
37002	264	241	23
37003	235	218	17
37004	251	237	14
37005	342	332	10
37006	347	330	17
37007	225	211	14
37008	240	229	11
37009	335	324	11
37010	385	358	27
37011	208	197	11
37012	239	234	5
37013	239	227	12
37014	342	326	16
37015	319	302	17
37016	338	318	20
37017	253	242	11
37018	261	247	14
37019	211	199	12
37020	253	246	7
37021	268	252	16
37022	270	250	20
37023	265	258	7
37024	333	313	20
37025	284	270	14
37026	409	375	34
37027	290	273	17
37028	273	255	18
37029	278	263	15
37030	284	275	9
37031	329	312	17
37032	276	263	13
37033	302	287	15
37034	310	295	15
37035	342	326	16
37036	302	287	15
37037	337	326	11
37038	289	272	17
37039	260	252	8
37040	314	299	15
37041	318	301	17
38001	381	337	44
38002	432	319	113
38003	362	292	70
38004	366	308	58
38005	402	323	79
38006	362	300	62
38007	354	290	64
38008	341	296	45
38009	438	355	83
38010	303	250	53
38011	342	289	53
38012	366	286	80
38013	412	329	83
38014	426	380	46
38015	342	295	47
38016	369	301	68
38017	489	376	113
38018	434	354	80
38019	451	385	66
38020	386	312	74
38021	317	277	40
38022	395	338	57
38023	396	333	63
38024	415	320	95
38025	343	285	58
38026	412	352	60
38027	389	329	60
38028	473	387	86
38029	379	320	59
38030	376	307	69
38031	400	337	63
38032	398	334	64
38033	368	319	49
38034	381	337	44
38035	401	353	48
38036	355	304	51
38037	383	323	60
38038	373	310	63
38039	407	341	66
38040	403	347	56
38041	373	329	44
39001	426	323	103
39002	361	324	37
39003	481	412	69
39004	395	290	105
39005	402	346	56
39006	388	333	55
39007	382	343	39
39008	412	377	35
39009	372	334	38
39010	212	198	14
39011	378	331	47
39012	536	501	35
39013	338	284	54
39014	473	403	70
39015	468	350	118
39016	334	300	34
39017	471	412	59
39018	422	372	50
39019	432	369	63
39020	519	407	112
39021	392	310	82
39022	335	311	24
39023	448	341	107
39024	537	432	105
39025	361	338	23
39026	408	334	74
39027	82	54	28
39028	526	463	63
39029	228	218	10
39030	505	454	51
39031	352	317	35
39032	348	293	55
39033	449	391	58
39034	455	400	55
39035	417	377	40
39036	113	103	10
39037	424	342	82
39038	265	221	44
39039	278	235	43
39040	397	323	74
39041	456	347	109
39042	450	330	120
39043	463	358	105
39044	350	255	95
39045	433	341	92
40001	370	327	43
40002	394	356	38
40003	605	563	42
40004	259	231	28
40005	498	447	51
40006	594	545	49
40007	486	442	44
40008	663	613	50
40009	357	335	22
40010	424	383	41
40011	528	477	51
40012	439	383	56
40013	795	734	61
40014	361	316	45
40015	412	381	31
40016	670	608	62
40017	386	348	38
40018	321	298	23
40019	533	485	48
40020	449	409	40
40021	557	499	58
40022	559	517	42
40023	611	561	50
40024	369	332	37
40025	598	556	42
40026	537	502	35
40027	687	622	65
40028	523	483	40
40029	448	391	57
40030	402	336	66
40031	560	522	38
40032	564	518	46
40033	509	479	30
40034	396	352	44
40035	309	283	26
40036	461	423	38
40037	421	382	39
40038	643	594	49
40039	169	162	7
41001	410	301	109
41002	424	295	129
41003	424	343	81
41004	434	336	98
41005	511	390	121
41006	507	366	141
41007	497	351	146
41008	446	332	114
41009	409	334	75
41010	491	364	127
41011	512	370	142
41012	422	333	89
41013	518	390	128
41014	496	377	119
41015	558	439	119
41016	401	286	115
41017	447	329	118
41018	401	301	100
41019	477	346	131
41020	334	254	80
41021	466	372	94
41022	512	378	134
41023	422	320	102
41024	370	277	93
41025	302	243	59
41026	442	314	128
41027	317	253	64
41028	406	341	65
41029	278	237	41
41030	418	328	90
41031	457	374	83
41032	361	292	69
41033	407	309	98
41034	391	289	102
41035	556	398	158
41036	454	338	116
41037	502	383	119
41038	416	334	82
41039	476	351	125
41040	481	344	137
41041	462	329	133
41042	420	307	113
41043	475	368	107
41044	465	316	149
41045	414	325	89
41046	456	337	119
41047	472	365	107
42001	478	395	83
42002	615	521	94
42003	592	489	103
42004	1127	926	201
42005	498	405	93
42006	534	437	97
42007	700	534	166
42008	493	415	78
42009	684	556	128
42010	772	634	138
42011	370	276	94
42012	505	381	124
42013	470	368	102
42014	719	566	153
42015	642	497	145
42016	589	487	102
42017	789	609	180
42018	631	511	120
42019	672	521	151
42020	669	508	161
42021	616	495	121
42022	294	233	61
42023	638	500	138
42024	571	450	121
42025	576	439	137
42026	789	606	183
42027	417	338	79
42028	612	511	101
42029	635	517	118
42030	483	349	134
42031	682	529	153
42032	636	478	158
42033	650	542	108
42034	481	376	105
42035	723	611	112
42036	930	759	171
42037	430	338	92
42038	553	457	96
42039	803	631	172
42040	771	641	130
42041	592	481	111
42042	986	795	191
43001	305	247	58
43002	614	471	143
43003	538	408	130
43004	662	524	138
43005	483	382	101
43006	462	369	93
43007	348	281	67
43008	419	346	73
43009	552	449	103
43010	672	515	157
43011	545	424	121
43012	404	323	81
43013	518	462	56
43014	563	449	114
43015	544	429	115
43016	664	522	142
43017	449	344	105
43018	674	536	138
43019	618	509	109
43020	619	517	102
43021	641	516	125
43022	395	332	63
43023	391	313	78
43024	414	335	79
43025	439	365	74
43026	353	299	54
43027	577	465	112
43028	687	574	113
43029	520	421	99
43030	619	504	115
43031	528	443	85
43032	559	450	109
43033	568	429	139
43034	399	331	68
43035	591	468	123
43036	313	277	36
43037	615	520	95
43038	441	325	116
43039	528	440	88
43040	418	350	68
43041	729	609	120
43042	529	447	82
43043	517	397	120
43044	555	442	113
43045	342	287	55
43046	331	266	65
44001	913	822	91
44002	588	485	103
44003	382	330	52
44004	501	435	66
44005	677	606	71
44006	755	650	105
44007	429	347	82
44008	847	740	107
44009	573	484	89
44010	615	493	122
44011	620	503	117
44012	612	533	79
44013	494	405	89
44014	548	457	91
44015	511	453	58
44016	700	591	109
44017	805	696	109
44018	653	570	83
44019	735	647	88
44020	641	547	94
44021	768	676	92
44022	638	549	89
44023	594	516	78
44024	439	377	62
44025	594	494	100
44026	721	624	97
44027	727	606	121
44028	557	499	58
44029	650	542	108
44030	726	593	133
44031	509	416	93
44032	662	563	99
44033	622	575	47
44034	638	580	58
44035	722	624	98
44036	643	555	88
44037	641	582	59
44038	603	484	119
44039	647	523	124
44040	574	466	108
44041	742	662	80
45001	373	321	52
45002	435	400	35
45003	413	360	53
45004	540	472	68
45005	448	382	66
45006	606	523	83
45007	645	547	98
45008	449	396	53
45009	406	363	43
45010	424	365	59
45011	310	267	43
45012	412	347	65
45013	386	335	51
45014	510	441	69
45015	537	471	66
45016	367	326	41
45017	506	427	79
45018	453	371	82
45019	221	190	31
45020	310	257	53
45021	390	323	67
45022	373	314	59
45023	362	292	70
45024	310	261	49
45025	270	206	64
45026	232	178	54
45027	397	312	85
45028	334	269	65
45029	292	250	42
45030	373	328	45
45031	338	304	34
45032	354	306	48
45033	312	277	35
45034	420	364	56
45035	478	395	83
45036	459	378	81
45037	419	347	72
45038	386	331	55
45039	404	349	55
45040	406	338	68
45041	388	307	81
45042	395	318	77
45043	419	316	103
45044	412	329	83
45045	291	205	86
45046	307	237	70
45047	295	237	58
45048	345	267	78
46001	410	370	40
46002	515	477	38
46003	686	598	88
46004	511	478	33
46005	740	633	107
46006	434	408	26
46007	565	495	70
46008	351	333	18
46009	620	563	57
46010	903	804	99
46011	509	459	50
46012	609	552	57
46013	531	476	55
46014	483	458	25
46015	560	495	65
46016	632	586	46
46017	626	555	71
46018	595	512	83
46019	381	328	53
46020	444	410	34
46021	342	317	25
46022	423	396	27
46023	430	406	24
46024	652	578	74
46025	518	472	46
46026	629	576	53
46027	730	647	83
46028	545	466	79
46029	422	388	34
46030	562	511	51
46031	548	497	51
46032	525	482	43
46033	677	599	78
46034	652	588	64
46035	530	472	58
46036	539	459	80
46037	471	441	30
46038	556	505	51
46039	536	462	74
46040	452	414	38
47001	380	330	50
47002	581	516	65
47003	548	483	65
47004	596	522	74
47005	599	526	73
47006	679	608	71
47007	502	444	58
47008	544	468	76
47009	538	464	74
47010	727	673	54
47011	562	478	84
47012	619	541	78
47013	553	491	62
47014	512	461	51
47015	684	642	42
47016	560	477	83
47017	557	495	62
47018	545	472	73
47019	712	657	55
47020	552	492	60
47021	516	471	45
47022	578	523	55
47023	641	595	46
47024	597	511	86
47025	675	587	88
47026	742	689	53
47027	528	453	75
47028	525	466	59
47029	624	546	78
47030	682	634	48
47031	557	512	45
47032	698	635	63
47033	539	457	82
47034	575	510	65
47035	601	494	107
47036	644	595	49
47037	547	486	61
47038	556	491	65
47039	584	533	51
47040	570	514	56
47041	648	596	52
47042	605	558	47
47043	535	449	86
47044	528	468	60
47045	563	501	62
47046	546	455	91
47047	656	560	96
47048	48	41	7
48001	503	479	24
48002	251	211	40
48003	584	538	46
48004	515	481	34
48005	312	292	20
48006	628	588	40
48007	547	510	37
48008	295	262	33
48009	330	287	43
48010	783	738	45
48011	477	438	39
48012	651	600	51
48013	646	585	61
48014	255	231	24
48015	357	334	23
48016	535	491	44
48017	469	437	32
48018	334	310	24
48019	361	333	28
48020	617	571	46
48021	662	628	34
48022	446	399	47
48023	516	470	46
48024	589	527	62
48025	496	455	41
48026	257	238	19
48027	756	696	60
48028	521	478	43
48029	246	232	14
48030	485	442	43
48031	641	592	49
48032	493	463	30
48033	294	260	34
48034	468	430	38
48035	329	306	23
48036	299	270	29
48037	558	520	38
48038	542	490	52
48039	417	370	47
48040	485	444	41
48041	670	620	50
48042	629	600	29
48043	548	507	41
48044	669	637	32
48045	413	382	31
48046	336	310	26
49001	321	304	17
49002	366	343	23
49003	575	544	31
49004	665	619	46
49005	520	491	29
49006	501	470	31
49007	573	519	54
49008	401	373	28
49009	569	534	35
49010	502	466	36
49011	610	577	33
49012	740	694	46
49013	589	538	51
49014	433	402	31
49015	377	359	18
49016	513	473	40
49017	335	298	37
49018	707	666	41
49019	478	455	23
49020	780	736	44
49021	283	263	20
49022	499	465	34
49023	709	669	40
49024	421	397	24
49025	706	652	54
49026	587	546	41
49027	596	555	41
49028	720	674	46
49029	653	616	37
49030	586	543	43
49031	416	383	33
49032	502	483	19
49033	425	398	27
50001	353	271	82
50002	253	203	50
50003	347	281	66
50004	400	350	50
50005	257	190	67
50006	428	381	47
50007	459	423	36
50008	363	333	30
50009	331	287	44
50010	325	257	68
50011	233	145	88
50012	146	123	23
50013	410	379	31
50014	134	108	26
50015	460	408	52
50016	109	87	22
50017	327	277	50
50018	83	68	15
50019	241	219	22
50020	383	352	31
50021	346	303	43
50022	294	246	48
50023	236	203	33
50024	274	182	92
50025	316	233	83
50026	308	279	29
50027	112	86	26
50028	368	338	30
50029	314	280	34
50030	238	217	21
50031	435	410	25
50032	370	349	21
50033	306	211	95
50034	536	458	78
50035	489	446	43
50036	355	313	42
50037	426	387	39
50038	174	149	25
50039	212	173	39
50040	356	216	140
Barrington 1	652	432	220
Barrington 2	599	458	141
Barrington 3	711	438	273
Barrington 4	893	547	346
Barrington 5	708	395	313
Barrington 6	811	576	235
Barrington 7	224	135	89
Barrington 8	920	576	344
Barrington 9	498	330	168
Barrington 10	826	601	225
Barrington 11	473	276	197
Berwyn Ward 1 Precinct 1	359	303	56
Berwyn Ward 1 Precinct 2	390	328	62
Berwyn Ward 1 Precinct 3	619	538	81
Berwyn Ward 1 Precinct 4	379	311	68
Berwyn Ward 1 Precinct 5	382	319	63
Berwyn Ward 2 Precinct 1	280	251	29
Berwyn Ward 2 Precinct 2	369	314	55
Berwyn Ward 2 Precinct 3	549	444	105
Berwyn Ward 2 Precinct 4	663	557	106
Berwyn Ward 3 Precinct 1	430	363	67
Berwyn Ward 3 Precinct 2	348	288	60
Berwyn Ward 3 Precinct 3	345	290	55
Berwyn Ward 3 Precinct 4	450	384	66
Berwyn Ward 3 Precinct 5	612	500	112
Berwyn Ward 4 Precinct 1	290	252	38
Berwyn Ward 4 Precinct 2	475	405	70
Berwyn Ward 4 Precinct 3	536	457	79
Berwyn Ward 4 Precinct 4	299	254	45
Berwyn Ward 5 Precinct 1	644	563	81
Berwyn Ward 5 Precinct 2	411	381	30
Berwyn Ward 5 Precinct 3	368	327	41
Berwyn Ward 6 Precinct 1	239	213	26
Berwyn Ward 6 Precinct 2	310	281	29
Berwyn Ward 6 Precinct 3	418	387	31
Berwyn Ward 6 Precinct 4	497	460	37
Berwyn Ward 7 Precinct 1	383	350	33
Berwyn Ward 7 Precinct 2	398	356	42
Berwyn Ward 7 Precinct 3	475	424	51
Berwyn Ward 7 Precinct 4	571	503	68
Berwyn Ward 8 Precinct 1	715	637	78
Berwyn Ward 8 Precinct 2	414	368	46
Berwyn Ward 8 Precinct 3	283	263	20
Bloom 1	638	507	131
Bloom 2	624	501	123
Bloom 3	378	334	44
Bloom 4	382	344	38
Bloom 5	386	299	87
Bloom 6	183	172	11
Bloom 7	530	424	106
Bloom 8	481	388	93
Bloom 9	397	312	85
Bloom 10	189	181	8
Bloom 11	333	268	65
Bloom 12	494	435	59
Bloom 13	810	741	69
Bloom 14	722	604	118
Bloom 15	385	310	75
Bloom 16	481	425	56
Bloom 17	375	348	27
Bloom 18	467	378	89
Bloom 19	513	448	65
Bloom 20	505	412	93
Bloom 21	127	120	7
Bloom 22	400	369	31
Bloom 23	452	423	29
Bloom 24	787	690	97
Bloom 25	319	287	32
Bloom 26	325	278	47
Bloom 27	440	403	37
Bloom 28	460	365	95
Bloom 29	175	168	7
Bloom 30	637	546	91
Bloom 31	504	398	106
Bloom 32	351	327	24
Bloom 33	449	405	44
Bloom 34	309	278	31
Bloom 35	228	214	14
Bloom 36	635	600	35
Bloom 37	312	293	19
Bloom 38	1,122	1,043	79
Bloom 39	317	292	25
Bloom 40	347	305	42
Bloom 41	626	586	40
Bloom 42	480	410	70
Bloom 43	475	444	31
Bloom 44	586	463	123
Bloom 45	713	655	58
Bloom 46	344	320	24
Bloom 47	691	565	126
Bloom 48	404	354	50
Bloom 49	536	508	28
Bloom 50	483	389	94
Bloom 51	230	222	8
Bloom 52	319	303	16
Bloom 53	259	221	38
Bloom 54	460	390	70
Bloom 55	385	370	15
Bloom 56	417	353	64
Bloom 57	452	380	72
Bloom 58	359	324	35
Bloom 59	379	339	40
Bloom 60	424	404	20
Bloom 61	431	333	98
Bremen 1	415	400	15
Bremen 2	549	392	157
Bremen 3	424	304	120
Bremen 4	470	367	103
Bremen 5	327	258	69
Bremen 6	354	283	71
Bremen 7	280	264	16
Bremen 8	366	347	19
Bremen 9	386	270	116
Bremen 10	568	422	146
Bremen 11	548	443	105
Bremen 12	353	331	22
Bremen 13	501	389	112
Bremen 14	342	296	46
Bremen 15	323	276	47
Bremen 16	505	360	145
Bremen 17	402	390	12
Bremen 18	630	473	157
Bremen 19	158	149	9
Bremen 20	378	296	82
Bremen 21	530	472	58
Bremen 22	380	276	104
Bremen 23	153	149	4
Bremen 24	418	277	141
Bremen 25	574	436	138
Bremen 26	460	406	54
Bremen 27	511	426	85
Bremen 28	338	261	77
Bremen 29	659	634	25
Bremen 30	485	343	142
Bremen 31	438	409	29
Bremen 32	419	399	20
Bremen 33	421	308	113
Bremen 34	599	405	194
Bremen 35	296	278	18
Bremen 36	337	247	90
Bremen 37	229	216	13
Bremen 38	360	344	16
Bremen 39	286	273	13
Bremen 40	694	654	40
Bremen 41	297	234	63
Bremen 42	616	449	167
Bremen 43	315	272	43
Bremen 44	380	364	16
Bremen 45	219	214	5
Bremen 46	473	322	151
Bremen 47	402	375	27
Bremen 48	365	348	17
Bremen 49	397	376	21
Bremen 50	511	359	152
Bremen 51	597	571	26
Bremen 52	363	284	79
Bremen 53	305	238	67
Bremen 54	405	284	121
Bremen 55	368	316	52
Bremen 56	513	482	31
Bremen 57	499	361	138
Bremen 58	593	443	150
Bremen 59	470	362	108
Bremen 60	389	305	84
Bremen 61	454	349	105
Bremen 62	502	390	112
Bremen 63	601	567	34
Bremen 64	587	441	146
Bremen 65	207	199	8
Bremen 66	385	369	16
Bremen 67	624	406	218
Bremen 68	305	204	101
Bremen 69	496	400	96
Bremen 70	295	271	24
Bremen 71	344	324	20
Bremen 72	330	242	88
Bremen 73	474	367	107
Bremen 74	513	409	104
Bremen 75	578	505	73
Bremen 76	403	286	117
Bremen 77	686	527	159
Bremen 78	429	406	23
Bremen 79	506	357	149
Bremen 80	427	415	12
Calumet 1	432	395	37
Calumet 2	408	364	44
Calumet 3	435	414	21
Calumet 4	379	364	15
Calumet 5	392	375	17
Calumet 6	657	613	44
Calumet 7	516	481	35
Calumet 8	298	282	16
Calumet 9	343	322	21
Calumet 10	482	464	18
Calumet 11	641	623	18
Calumet 12	339	324	15
Cicero 1	467	439	28
Cicero 2	228	210	18
Cicero 3	333	296	37
Cicero 4	350	312	38
Cicero 5	505	452	53
Cicero 6	436	384	52
Cicero 7	285	257	28
Cicero 8	238	221	17
Cicero 9	407	381	26
Cicero 10	497	451	46
Cicero 11	465	407	58
Cicero 12	367	332	35
Cicero 13	417	360	57
Cicero 14	379	325	54
Cicero 15	441	394	47
Cicero 16	318	293	25
Cicero 17	442	405	37
Cicero 18	256	238	18
Cicero 19	577	516	61
Cicero 20	293	265	28
Cicero 21	402	366	36
Cicero 22	322	295	27
Cicero 23	523	471	52
Cicero 24	478	429	49
Cicero 25	379	353	26
Cicero 26	286	253	33
Cicero 27	431	391	40
Cicero 28	402	377	25
Cicero 29	371	338	33
Cicero 30	371	340	31
Cicero 31	310	275	35
Cicero 32	351	315	36
Elk Grove 1	484	367	117
Elk Grove 2	417	354	63
Elk Grove 3	595	473	122
Elk Grove 4	492	399	93
Elk Grove 5	764	583	181
Elk Grove 6	385	304	81
Elk Grove 7	658	475	183
Elk Grove 8	472	346	126
Elk Grove 9	490	403	87
Elk Grove 10	778	556	222
Elk Grove 11	611	450	161
Elk Grove 12	369	249	120
Elk Grove 13	480	385	95
Elk Grove 14	583	442	141
Elk Grove 15	393	294	99
Elk Grove 16	601	438	163
Elk Grove 17	452	380	72
Elk Grove 18	694	545	149
Elk Grove 19	659	461	198
Elk Grove 20	540	417	123
Elk Grove 21	427	342	85
Elk Grove 22	475	394	81
Elk Grove 23	798	591	207
Elk Grove 24	437	323	114
Elk Grove 25	471	346	125
Elk Grove 26	419	319	100
Elk Grove 27	613	451	162
Elk Grove 28	447	357	90
Elk Grove 29	509	357	152
Elk Grove 30	453	319	134
Elk Grove 31	299	235	64
Elk Grove 32	320	262	58
Elk Grove 33	335	247	88
Elk Grove 34	929	685	244
Elk Grove 35	406	322	84
Elk Grove 36	305	271	34
Elk Grove 37	582	444	138
Elk Grove 38	321	276	45
Elk Grove 39	612	498	114
Elk Grove 40	449	376	73
Elk Grove 41	389	288	101
Elk Grove 42	420	357	63
Elk Grove 43	509	395	114
Elk Grove 44	439	324	115
Elk Grove 45	481	348	133
Elk Grove 46	416	288	128
Elk Grove 47	679	491	188
Elk Grove 48	367	290	77
Elk Grove 49	507	410	97
Elk Grove 50	275	226	49
Elk Grove 51	740	518	222
Elk Grove 52	253	203	50
Evanston Ward 1 Precinct 1	476	448	28
Evanston Ward 1 Precinct 2	697	625	72
Evanston Ward 1 Precinct 3	698	595	103
Evanston Ward 1 Precinct 4	980	868	112
Evanston Ward 2 Precinct 1	1,232	1,080	152
Evanston Ward 2 Precinct 2	482	462	20
Evanston Ward 2 Precinct 3	571	544	27
Evanston Ward 2 Precinct 4	769	736	33
Evanston Ward 2 Precinct 5	541	512	29
Evanston Ward 3 Precinct 1	734	663	71
Evanston Ward 3 Precinct 2	850	751	99
Evanston Ward 3 Precinct 3	761	691	70
Evanston Ward 3 Precinct 4	386	352	34
Evanston Ward 3 Precinct 5	784	705	79
Evanston Ward 3 Precinct 6	655	594	61
Evanston Ward 3 Precinct 7	599	539	60
Evanston Ward 4 Precinct 1	396	362	34
Evanston Ward 4 Precinct 2	619	556	63
Evanston Ward 4 Precinct 3	522	458	64
Evanston Ward 4 Precinct 4	986	894	92
Evanston Ward 4 Precinct 5	374	346	28
Evanston Ward 4 Precinct 6	869	792	77
Evanston Ward 5 Precinct 1	539	510	29
Evanston Ward 5 Precinct 2	899	797	102
Evanston Ward 5 Precinct 3	605	573	32
Evanston Ward 5 Precinct 4	331	320	11
Evanston Ward 6 Precinct 1	1,038	894	144
Evanston Ward 6 Precinct 2	538	478	60
Evanston Ward 6 Precinct 3	578	504	74
Evanston Ward 6 Precinct 4	731	645	86
Evanston Ward 6 Precinct 5	911	796	115
Evanston Ward 6 Precinct 6	496	423	73
Evanston Ward 6 Precinct 7	857	763	94
Evanston Ward 7 Precinct 1	1,037	923	114
Evanston Ward 7 Precinct 2	1,130	984	146
Evanston Ward 7 Precinct 3	409	365	44
Evanston Ward 7 Precinct 4	506	455	51
Evanston Ward 7 Precinct 5	918	790	128
Evanston Ward 7 Precinct 6	46	46	0
Evanston Ward 8 Precinct 1	727	684	43
Evanston Ward 8 Precinct 2	557	528	29
Evanston Ward 8 Precinct 3	484	446	38
Evanston Ward 8 Precinct 4	657	610	47
Evanston Ward 8 Precinct 5	806	751	55
Evanston Ward 9 Precinct 1	529	493	36
Evanston Ward 9 Precinct 2	590	559	31
Evanston Ward 9 Precinct 3	917	844	73
Evanston Ward 9 Precinct 4	778	718	60
Evanston Ward 9 Precinct 5	460	420	40
Evanston Ward 9 Precinct 6	607	559	48
Hanover 1	734	570	164
Hanover 2	558	435	123
Hanover 3	242	198	44
Hanover 4	530	397	133
Hanover 5	512	387	125
Hanover 6	420	341	79
Hanover 7	560	428	132
Hanover 8	481	368	113
Hanover 9	557	396	161
Hanover 10	307	237	70
Hanover 11	494	416	78
Hanover 12	323	282	41
Hanover 13	370	290	80
Hanover 14	681	524	157
Hanover 15	381	302	79
Hanover 16	724	518	206
Hanover 17	396	300	96
Hanover 18	481	396	85
Hanover 19	495	324	171
Hanover 20	778	581	197
Hanover 21	332	228	104
Hanover 22	473	353	120
Hanover 23	556	431	125
Hanover 24	480	397	83
Hanover 25	519	391	128
Hanover 26	742	570	172
Hanover 27	1,570	1,143	427
Hanover 28	677	542	135
Hanover 29	305	262	43
Hanover 30	546	414	132
Hanover 31	463	297	166
Hanover 32	405	338	67
Hanover 33	511	400	111
Hanover 34	621	488	133
Hanover 35	511	399	112
Hanover 36	394	310	84
Hanover 37	715	549	166
Hanover 38	603	461	142
Hanover 39	596	465	131
Hanover 40	626	486	140
Hanover 41	813	627	186
Hanover 42	583	430	153
Hanover 43	600	479	121
Hanover 44	697	496	201
Lemont 1	599	342	257
Lemont 2	458	315	143
Lemont 3	742	473	269
Lemont 4	646	408	238
Lemont 5	600	416	184
Lemont 6	657	429	228
Lemont 7	535	381	154
Lemont 8	730	468	262
Lemont 9	415	231	184
Lemont 10	450	331	119
Lemont 11	874	536	338
Lemont 12	804	476	328
Lemont 13	788	500	288
Lemont 14	633	390	243
Leyden 1	314	272	42
Leyden 2	232	200	32
Leyden 3	557	476	81
Leyden 4	411	354	57
Leyden 5	450	367	83
Leyden 6	594	500	94
Leyden 7	262	213	49
Leyden 8	536	453	83
Leyden 9	677	539	138
Leyden 10	613	523	90
Leyden 11	480	383	97
Leyden 12	507	372	135
Leyden 13	507	429	78
Leyden 14	405	333	72
Leyden 15	537	441	96
Leyden 16	513	436	77
Leyden 17	398	329	69
Leyden 18	283	232	51
Leyden 19	475	390	85
Leyden 20	250	200	50
Leyden 21	287	267	20
Leyden 22	401	302	99
Leyden 23	916	657	259
Leyden 24	467	403	64
Leyden 25	286	224	62
Leyden 26	752	592	160
Leyden 27	110	88	22
Leyden 28	233	203	30
Leyden 29	317	270	47
Leyden 30	547	425	122
Leyden 31	492	396	96
Leyden 32	548	447	101
Leyden 33	473	377	96
Leyden 34	358	300	58
Leyden 35	234	202	32
Leyden 36	432	380	52
Leyden 37	298	252	46
Leyden 38	183	157	26
Leyden 39	341	300	41
Leyden 40	436	365	71
Leyden 41	249	211	38
Leyden 42	444	358	86
Leyden 43	352	294	58
Leyden 44	384	320	64
Leyden 45	358	288	70
Leyden 46	415	333	82
Leyden 47	402	323	79
Leyden 48	471	384	87
Leyden 49	676	552	124
Leyden 50	634	549	85
Lyons 1	69	51	18
Lyons 2	466	371	95
Lyons 3	440	355	85
Lyons 4	839	657	182
Lyons 5	565	431	134
Lyons 6	375	303	72
Lyons 7	491	428	63
Lyons 8	295	246	49
Lyons 9	682	528	154
Lyons 10	484	392	92
Lyons 11	457	336	121
Lyons 12	403	254	149
Lyons 13	207	195	12
Lyons 14	723	497	226
Lyons 15	642	476	166
Lyons 16	1,009	747	262
Lyons 17	373	262	111
Lyons 18	489	348	141
Lyons 19	453	365	88
Lyons 20	964	661	303
Lyons 21	973	677	296
Lyons 22	317	279	38
Lyons 23	596	436	160
Lyons 24	495	333	162
Lyons 25	529	359	170
Lyons 26	409	266	143
Lyons 27	565	343	222
Lyons 28	724	530	194
Lyons 29	399	310	89
Lyons 30	91	71	20
Lyons 31	559	374	185
Lyons 32	257	187	70
Lyons 33	199	158	41
Lyons 34	250	199	51
Lyons 35	426	317	109
Lyons 36	558	363	195
Lyons 37	351	281	70
Lyons 38	221	166	55
Lyons 39	592	401	191
Lyons 40	482	350	132
Lyons 41	347	226	121
Lyons 42	569	374	195
Lyons 43	526	363	163
Lyons 44	928	644	284
Lyons 45	779	611	168
Lyons 46	446	328	118
Lyons 47	589	421	168
Lyons 48	480	382	98
Lyons 49	351	256	95
Lyons 50	637	473	164
Lyons 51	361	279	82
Lyons 52	603	467	136
Lyons 53	540	385	155
Lyons 54	306	231	75
Lyons 55	659	434	225
Lyons 56	621	530	91
Lyons 57	495	443	52
Lyons 58	354	303	51
Lyons 59	404	327	77
Lyons 60	659	611	48
Lyons 61	551	387	164
Lyons 62	272	176	96
Lyons 63	771	495	276
Lyons 64	448	369	79
Lyons 65	626	487	139
Lyons 66	332	262	70
Lyons 67	537	438	99
Lyons 68	369	308	61
Lyons 69	775	525	250
Lyons 70	356	340	16
Lyons 71	197	174	23
Lyons 72	762	534	228
Lyons 73	507	397	110
Lyons 74	243	187	56
Lyons 75	316	269	47
Lyons 76	368	286	82
Lyons 77	336	272	64
Lyons 78	371	234	137
Maine 1	365	291	74
Maine 2	392	335	57
Maine 3	229	196	33
Maine 4	550	389	161
Maine 5	543	462	81
Maine 6	750	574	176
Maine 7	387	279	108
Maine 8	580	426	154
Maine 9	832	669	163
Maine 10	431	313	118
Maine 11	354	287	67
Maine 12	390	313	77
Maine 13	520	387	133
Maine 14	660	510	150
Maine 15	304	239	65
Maine 16	376	286	90
Maine 17	511	379	132
Maine 18	456	344	112
Maine 19	348	253	95
Maine 20	317	239	78
Maine 21	720	503	217
Maine 22	716	532	184
Maine 23	412	336	76
Maine 24	757	548	209
Maine 25	629	447	182
Maine 26	475	384	91
Maine 27	386	299	87
Maine 28	226	197	29
Maine 29	827	577	250
Maine 30	1,310	942	368
Maine 31	505	395	110
Maine 32	339	244	95
Maine 33	304	274	30
Maine 34	634	509	125
Maine 35	474	398	76
Maine 36	530	357	173
Maine 37	604	407	197
Maine 38	381	294	87
Maine 39	455	348	107
Maine 40	437	352	85
Maine 41	411	315	96
Maine 42	798	589	209
Maine 43	464	302	162
Maine 44	369	258	111
Maine 45	206	183	23
Maine 46	517	382	135
Maine 47	518	415	103
Maine 48	652	483	169
Maine 49	469	363	106
Maine 50	538	382	156
Maine 51	450	369	81
Maine 52	492	393	99
Maine 53	425	329	96
Maine 54	581	406	175
Maine 55	411	302	109
Maine 56	607	481	126
Maine 57	288	253	35
Maine 58	523	365	158
Maine 59	496	373	123
Maine 60	905	605	300
Maine 61	321	247	74
Maine 62	255	218	37
Maine 63	356	288	68
Maine 64	390	282	108
Maine 65	385	247	138
Maine 66	227	189	38
Maine 67	773	545	228
Maine 68	377	290	87
Maine 69	440	334	106
Maine 70	485	427	58
Maine 71	258	218	40
Maine 72	431	314	117
Maine 73	168	127	41
Maine 74	432	335	97
Maine 75	429	318	111
Maine 76	290	215	75
Maine 77	775	587	188
Maine 78	401	347	54
Maine 79	408	354	54
Maine 80	496	392	104
Maine 81	279	209	70
Maine 82	473	361	112
Maine 83	384	266	118
Maine 84	262	216	46
Maine 85	306	215	91
Maine 86	404	350	54
Maine 87	360	255	105
Maine 88	364	234	130
Maine 89	333	277	56
Maine 90	274	221	53
Maine 91	762	588	174
Maine 92	318	265	53
New Trier 1	940	735	205
New Trier 2	975	795	180
New Trier 3	677	528	149
New Trier 4	802	638	164
New Trier 5	532	412	120
New Trier 6	461	353	108
New Trier 7	647	492	155
New Trier 8	544	393	151
New Trier 9	705	493	212
New Trier 10	642	444	198
New Trier 11	787	552	235
New Trier 12	723	498	225
New Trier 13	878	682	196
New Trier 14	762	526	236
New Trier 15	894	634	260
New Trier 16	871	593	278
New Trier 17	626	513	113
New Trier 18	519	340	179
New Trier 19	469	288	181
New Trier 20	855	652	203
New Trier 21	697	582	115
New Trier 22	620	409	211
New Trier 23	674	406	268
New Trier 24	764	650	114
New Trier 25	587	424	163
New Trier 26	500	410	90
New Trier 27	648	503	145
New Trier 28	541	387	154
New Trier 29	609	445	164
New Trier 30	784	523	261
New Trier 31	707	539	168
New Trier 32	606	468	138
New Trier 33	799	631	168
New Trier 34	517	412	105
New Trier 35	416	318	98
New Trier 36	868	641	227
New Trier 37	664	526	138
New Trier 38	682	544	138
New Trier 39	473	353	120
New Trier 40	418	281	137
New Trier 41	542	367	175
Niles 1	604	475	129
Niles 2	612	506	106
Niles 3	902	649	253
Niles 4	403	310	93
Niles 5	326	242	84
Niles 6	513	334	179
Niles 7	793	686	107
Niles 8	285	232	53
Niles 9	393	317	76
Niles 10	547	446	101
Niles 11	318	245	73
Niles 12	375	336	39
Niles 13	634	514	120
Niles 14	708	619	89
Niles 15	578	501	77
Niles 16	717	607	110
Niles 17	676	567	109
Niles 18	352	296	56
Niles 19	605	472	133
Niles 20	511	435	76
Niles 21	832	716	116
Niles 22	475	417	58
Niles 23	568	484	84
Niles 24	600	526	74
Niles 25	337	292	45
Niles 26	582	467	115
Niles 27	450	415	35
Niles 28	659	542	117
Niles 29	356	297	59
Niles 30	413	350	63
Niles 31	602	510	92
Niles 32	271	231	40
Niles 33	651	575	76
Niles 34	510	441	69
Niles 35	617	520	97
Niles 36	346	316	30
Niles 37	554	475	79
Niles 38	867	711	156
Niles 39	641	534	107
Niles 40	282	222	60
Niles 41	599	513	86
Niles 42	499	437	62
Niles 43	712	592	120
Niles 44	627	552	75
Niles 45	441	371	70
Niles 46	640	542	98
Niles 47	345	292	53
Niles 48	467	410	57
Niles 49	779	693	86
Niles 50	629	527	102
Niles 51	279	226	53
Niles 52	427	333	94
Niles 53	786	670	116
Niles 54	364	307	57
Niles 55	384	350	34
Niles 56	698	551	147
Niles 57	644	514	130
Niles 58	588	490	98
Niles 59	803	640	163
Niles 60	688	606	82
Niles 61	687	579	108
Niles 62	325	283	42
Niles 63	699	610	89
Niles 64	704	570	134
Northfield 1	643	518	125
Northfield 2	617	447	170
Northfield 3	463	388	75
Northfield 4	563	418	145
Northfield 5	430	318	112
Northfield 6	651	443	208
Northfield 7	818	617	201
Northfield 8	684	478	206
Northfield 9	465	333	132
Northfield 10	515	410	105
Northfield 11	384	277	107
Northfield 12	1,038	737	301
Northfield 13	516	354	162
Northfield 14	518	393	125
Northfield 15	492	385	107
Northfield 16	722	569	153
Northfield 17	539	400	139
Northfield 18	858	656	202
Northfield 19	680	511	169
Northfield 20	646	493	153
Northfield 21	901	681	220
Northfield 22	686	539	147
Northfield 23	511	340	171
Northfield 24	584	418	166
Northfield 25	566	425	141
Northfield 26	549	445	104
Northfield 27	559	473	86
Northfield 28	946	730	216
Northfield 29	530	401	129
Northfield 30	693	512	181
Northfield 31	765	544	221
Northfield 32	861	668	193
Northfield 33	322	263	59
Northfield 34	453	365	88
Northfield 35	636	442	194
Northfield 36	455	339	116
Northfield 37	705	500	205
Northfield 38	494	370	124
Northfield 39	321	249	72
Northfield 40	388	292	96
Northfield 41	571	460	111
Northfield 42	556	406	150
Northfield 43	651	520	131
Northfield 44	465	364	101
Northfield 45	801	571	230
Northfield 46	853	652	201
Northfield 47	784	618	166
Northfield 48	598	466	132
Northfield 49	474	356	118
Northfield 50	746	553	193
Northfield 51	1,536	1,115	421
Northfield 52	606	461	145
Northfield 53	649	508	141
Northfield 54	493	418	75
Northfield 55	582	506	76
Northfield 56	828	639	189
Northfield 57	423	326	97
Northfield 58	339	260	79
Northfield 59	532	407	125
Northfield 60	782	677	105
Northfield 61	485	339	146
Northfield 62	722	529	193
Norwood Park 1	463	381	82
Norwood Park 2	520	412	108
Norwood Park 3	617	442	175
Norwood Park 4	637	512	125
Norwood Park 5	450	360	90
Norwood Park 6	650	514	136
Norwood Park 7	393	291	102
Norwood Park 8	316	231	85
Norwood Park 9	308	244	64
Norwood Park 10	347	246	101
Norwood Park 11	791	567	224
Norwood Park 12	431	354	77
Norwood Park 13	364	280	84
Norwood Park 14	447	335	112
Norwood Park 15	374	305	69
Norwood Park 16	336	276	60
Norwood Park 17	448	360	88
Oak Park 1	528	485	43
Oak Park 2	952	791	161
Oak Park 3	952	837	115
Oak Park 4	827	689	138
Oak Park 5	845	720	125
Oak Park 6	901	808	93
Oak Park 7	584	496	88
Oak Park 8	713	656	57
Oak Park 9	459	410	49
Oak Park 10	713	642	71
Oak Park 11	657	589	68
Oak Park 12	410	353	57
Oak Park 13	703	646	57
Oak Park 14	819	683	136
Oak Park 15	916	836	80
Oak Park 16	1,029	888	141
Oak Park 17	1,059	928	131
Oak Park 18	697	544	153
Oak Park 19	771	686	85
Oak Park 20	1,030	893	137
Oak Park 21	534	495	39
Oak Park 22	538	480	58
Oak Park 23	743	643	100
Oak Park 24	538	444	94
Oak Park 25	690	612	78
Oak Park 26	650	582	68
Oak Park 27	213	185	28
Oak Park 28	942	827	115
Oak Park 29	685	603	82
Oak Park 30	828	765	63
Oak Park 31	1,120	1,003	117
Oak Park 32	480	432	48
Oak Park 33	637	588	49
Oak Park 34	621	535	86
Oak Park 35	895	761	134
Oak Park 36	896	785	111
Oak Park 37	483	428	55
Orland 1	805	593	212
Orland 2	627	425	202
Orland 3	296	248	48
Orland 4	389	255	134
Orland 5	387	263	124
Orland 6	346	248	98
Orland 7	295	210	85
Orland 8	409	314	95
Orland 9	606	453	153
Orland 10	567	407	160
Orland 11	370	248	122
Orland 12	250	190	60
Orland 13	766	603	163
Orland 14	526	377	149
Orland 15	733	461	272
Orland 16	544	324	220
Orland 17	373	294	79
Orland 18	692	467	225
Orland 19	372	262	110
Orland 20	310	205	105
Orland 21	688	451	237
Orland 22	506	392	114
Orland 23	444	321	123
Orland 24	481	346	135
Orland 25	885	618	267
Orland 26	438	324	114
Orland 27	369	278	91
Orland 28	391	230	161
Orland 29	816	518	298
Orland 30	355	271	84
Orland 31	381	286	95
Orland 32	331	238	93
Orland 33	438	305	133
Orland 34	613	427	186
Orland 35	568	387	181
Orland 36	633	476	157
Orland 37	607	425	182
Orland 38	298	230	68
Orland 39	465	327	138
Orland 40	595	441	154
Orland 41	482	322	160
Orland 42	623	455	168
Orland 43	485	342	143
Orland 44	456	306	150
Orland 45	516	342	174
Orland 46	400	313	87
Orland 47	779	543	236
Orland 48	523	374	149
Orland 49	397	280	117
Orland 50	432	332	100
Orland 51	642	426	216
Orland 52	573	398	175
Orland 53	455	281	174
Orland 54	771	490	281
Orland 55	426	279	147
Orland 56	490	305	185
Orland 57	568	369	199
Orland 58	566	402	164
Orland 59	561	378	183
Orland 60	402	284	118
Orland 61	454	300	154
Orland 62	579	392	187
Orland 63	596	373	223
Orland 64	730	464	266
Orland 65	514	347	167
Orland 66	507	374	133
Orland 67	341	251	90
Orland 68	454	310	144
Orland 69	284	234	50
Orland 70	699	503	196
Orland 71	536	349	187
Orland 72	423	282	141
Orland 73	690	517	173
Orland 74	359	271	88
Orland 75	691	419	272
Palatine 1	448	331	117
Palatine 2	818	580	238
Palatine 3	510	286	224
Palatine 4	317	258	59
Palatine 5	744	545	199
Palatine 6	678	514	164
Palatine 7	655	490	165
Palatine 8	679	508	171
Palatine 9	574	354	220
Palatine 10	768	478	290
Palatine 11	515	374	141
Palatine 12	571	376	195
Palatine 13	519	379	140
Palatine 14	562	435	127
Palatine 15	683	492	191
Palatine 16	366	314	52
Palatine 17	604	456	148
Palatine 18	429	323	106
Palatine 19	632	442	190
Palatine 20	484	414	70
Palatine 21	716	534	182
Palatine 22	571	418	153
Palatine 23	463	273	190
Palatine 24	722	530	192
Palatine 25	504	365	139
Palatine 26	770	561	209
Palatine 27	417	331	86
Palatine 28	427	312	115
Palatine 29	753	565	188
Palatine 30	470	342	128
Palatine 31	457	308	149
Palatine 32	601	394	207
Palatine 33	359	291	68
Palatine 34	792	542	250
Palatine 35	540	391	149
Palatine 36	512	377	135
Palatine 37	671	503	168
Palatine 38	591	367	224
Palatine 39	813	603	210
Palatine 40	886	602	284
Palatine 41	784	547	237
Palatine 42	762	556	206
Palatine 43	557	413	144
Palatine 44	773	457	316
Palatine 45	508	351	157
Palatine 46	684	494	190
Palatine 47	610	471	139
Palatine 48	533	327	206
Palatine 49	445	284	161
Palatine 50	875	635	240
Palatine 51	344	260	84
Palatine 52	622	412	210
Palatine 53	461	337	124
Palatine 54	780	557	223
Palatine 55	432	302	130
Palatine 56	674	499	175
Palatine 57	797	598	199
Palatine 58	484	377	107
Palatine 59	780	572	208
Palatine 60	521	447	74
Palatine 61	344	280	64
Palatine 62	448	360	88
Palatine 63	597	425	172
Palatine 64	553	436	117
Palatine 65	511	350	161
Palatine 66	642	539	103
Palatine 67	539	295	244
Palatine 68	521	356	165
Palatine 69	578	410	168
Palos 1	367	235	132
Palos 2	446	309	137
Palos 3	455	317	138
Palos 4	371	283	88
Palos 5	305	234	71
Palos 6	254	212	42
Palos 7	544	421	123
Palos 8	216	152	64
Palos 9	433	260	173
Palos 10	698	416	282
Palos 11	547	374	173
Palos 12	470	375	95
Palos 13	547	340	207
Palos 14	348	256	92
Palos 15	543	332	211
Palos 16	733	492	241
Palos 17	559	430	129
Palos 18	559	425	134
Palos 19	562	418	144
Palos 20	552	415	137
Palos 21	341	264	77
Palos 22	91	66	25
Palos 23	325	255	70
Palos 24	354	222	132
Palos 25	373	329	44
Palos 26	313	240	73
Palos 27	497	371	126
Palos 28	375	338	37
Palos 29	606	394	212
Palos 30	619	458	161
Palos 31	528	387	141
Palos 32	257	197	60
Palos 33	656	480	176
Palos 34	365	279	86
Palos 35	661	479	182
Palos 36	584	455	129
Palos 37	632	426	206
Palos 38	467	350	117
Palos 39	670	441	229
Proviso 1	394	355	39
Proviso 2	381	342	39
Proviso 3	561	503	58
Proviso 4	471	447	24
Proviso 5	472	458	14
Proviso 6	399	315	84
Proviso 7	116	100	16
Proviso 8	338	306	32
Proviso 9	433	412	21
Proviso 10	343	312	31
Proviso 11	353	307	46
Proviso 12	525	438	87
Proviso 13	486	422	64
Proviso 14	309	275	34
Proviso 15	396	369	27
Proviso 16	450	406	44
Proviso 17	320	305	15
Proviso 18	598	557	41
Proviso 19	479	462	17
Proviso 20	419	404	15
Proviso 21	440	355	85
Proviso 22	372	364	8
Proviso 23	225	179	46
Proviso 24	818	624	194
Proviso 25	667	504	163
Proviso 26	681	514	167
Proviso 27	631	492	139
Proviso 28	575	456	119
Proviso 29	759	592	167
Proviso 30	525	476	49
Proviso 31	310	290	20
Proviso 32	668	520	148
Proviso 33	538	514	24
Proviso 34	771	708	63
Proviso 35	634	470	164
Proviso 36	475	450	25
Proviso 37	321	310	11
Proviso 38	455	432	23
Proviso 39	568	523	45
Proviso 40	486	472	14
Proviso 41	402	387	15
Proviso 42	312	302	10
Proviso 43	321	303	18
Proviso 44	349	334	15
Proviso 45	431	416	15
Proviso 46	173	121	52
Proviso 47	264	254	10
Proviso 48	586	542	44
Proviso 49	372	343	29
Proviso 50	739	663	76
Proviso 51	580	472	108
Proviso 52	334	314	20
Proviso 53	476	462	14
Proviso 54	839	647	192
Proviso 55	523	404	119
Proviso 56	362	347	15
Proviso 57	474	404	70
Proviso 58	301	285	16
Proviso 59	440	388	52
Proviso 60	349	302	47
Proviso 61	633	570	63
Proviso 62	677	600	77
Proviso 63	650	504	146
Proviso 64	475	454	21
Proviso 65	439	389	50
Proviso 66	711	623	88
Proviso 67	839	731	108
Proviso 68	389	309	80
Proviso 69	365	353	12
Proviso 70	477	365	112
Proviso 71	815	712	103
Proviso 72	508	445	63
Proviso 73	534	451	83
Proviso 74	605	531	74
Proviso 75	635	515	120
Proviso 76	654	582	72
Proviso 77	327	262	65
Proviso 78	139	124	15
Proviso 79	401	376	25
Proviso 80	294	260	34
Proviso 81	399	356	43
Proviso 82	671	633	38
Proviso 83	565	545	20
Proviso 84	376	282	94
Proviso 85	600	489	111
Proviso 86	456	435	21
Proviso 87	509	433	76
Proviso 88	219	190	29
Proviso 89	447	363	84
Proviso 90	897	718	179
Proviso 91	405	356	49
Proviso 92	686	552	134
Proviso 93	389	330	59
Proviso 94	417	406	11
Proviso 95	400	355	45
Proviso 96	315	261	54
Proviso 97	743	556	187
Proviso 98	514	438	76
Proviso 99	488	476	12
Proviso 100	653	505	148
Proviso 101	478	394	84
Proviso 102	641	519	122
Rich 1	1,784	1,694	90
Rich 2	564	508	56
Rich 3	802	703	99
Rich 4	448	419	29
Rich 5	696	638	58
Rich 6	789	726	63
Rich 7	531	448	83
Rich 8	882	831	51
Rich 9	713	672	41
Rich 10	436	396	40
Rich 11	554	483	71
Rich 12	642	600	42
Rich 13	316	290	26
Rich 14	455	413	42
Rich 15	873	822	51
Rich 16	432	376	56
Rich 17	482	425	57
Rich 18	583	552	31
Rich 19	373	325	48
Rich 20	851	650	201
Rich 21	651	607	44
Rich 22	532	482	50
Rich 23	755	720	35
Rich 24	630	574	56
Rich 25	818	763	55
Rich 26	608	550	58
Rich 27	627	579	48
Rich 28	457	434	23
Rich 29	597	496	101
Rich 30	760	711	49
Rich 31	502	387	115
Rich 32	735	674	61
Rich 33	499	389	110
Rich 34	545	500	45
Rich 35	438	395	43
Rich 36	1,336	1,237	99
Rich 37	447	430	17
Rich 38	512	482	30
Rich 39	623	578	45
Rich 40	503	472	31
Rich 41	373	349	24
Rich 42	530	508	22
Rich 43	604	581	23
Rich 44	426	405	21
Rich 45	734	652	82
Rich 46	796	771	25
Rich 47	833	792	41
Rich 48	600	577	23
Rich 49	511	472	39
Rich 50	265	212	53
Rich 51	492	470	22
River Forest 1	925	697	228
River Forest 2	614	413	201
River Forest 3	631	517	114
River Forest 4	751	564	187
River Forest 5	498	395	103
River Forest 6	465	360	105
River Forest 7	661	511	150
River Forest 8	845	685	160
Riverside 1	707	516	191
Riverside 2	57	47	10
Riverside 3	415	323	92
Riverside 4	824	616	208
Riverside 5	408	324	84
Riverside 6	489	393	96
Riverside 7	418	322	96
Riverside 8	758	571	187
Riverside 9	531	383	148
Riverside 10	736	509	227
Riverside 11	797	578	219
Riverside 12	391	311	80
Riverside 13	603	471	132
Schaumburg 1	877	701	176
Schaumburg 2	782	635	147
Schaumburg 3	537	411	126
Schaumburg 4	326	270	56
Schaumburg 5	345	302	43
Schaumburg 6	447	357	90
Schaumburg 7	351	291	60
Schaumburg 8	436	352	84
Schaumburg 9	462	384	78
Schaumburg 10	348	285	63
Schaumburg 11	494	338	156
Schaumburg 12	536	417	119
Schaumburg 13	400	298	102
Schaumburg 14	625	468	157
Schaumburg 15	547	423	124
Schaumburg 16	619	485	134
Schaumburg 17	567	410	157
Schaumburg 18	453	361	92
Schaumburg 19	397	306	91
Schaumburg 20	425	314	111
Schaumburg 21	728	537	191
Schaumburg 22	572	473	99
Schaumburg 23	566	441	125
Schaumburg 24	648	483	165
Schaumburg 25	522	421	101
Schaumburg 26	594	464	130
Schaumburg 27	464	392	72
Schaumburg 28	639	495	144
Schaumburg 29	646	500	146
Schaumburg 30	500	355	145
Schaumburg 31	705	538	167
Schaumburg 32	695	550	145
Schaumburg 33	457	338	119
Schaumburg 34	569	499	70
Schaumburg 35	380	298	82
Schaumburg 36	376	281	95
Schaumburg 37	388	285	103
Schaumburg 38	505	419	86
Schaumburg 39	806	596	210
Schaumburg 40	497	360	137
Schaumburg 41	469	368	101
Schaumburg 42	566	456	110
Schaumburg 43	448	376	72
Schaumburg 44	595	523	72
Schaumburg 45	550	452	98
Schaumburg 46	385	302	83
Schaumburg 47	518	385	133
Schaumburg 48	432	333	99
Schaumburg 49	381	307	74
Schaumburg 50	434	300	134
Schaumburg 51	413	344	69
Schaumburg 52	755	528	227
Schaumburg 53	535	399	136
Schaumburg 54	639	431	208
Schaumburg 55	476	349	127
Schaumburg 56	599	429	170
Schaumburg 57	710	506	204
Schaumburg 58	346	257	89
Schaumburg 59	716	511	205
Schaumburg 60	377	306	71
Schaumburg 61	790	611	179
Schaumburg 62	604	498	106
Schaumburg 63	494	361	133
Schaumburg 64	498	360	138
Schaumburg 65	389	295	94
Schaumburg 66	484	343	141
Schaumburg 67	506	388	118
Schaumburg 68	487	366	121
Schaumburg 69	457	342	115
Schaumburg 70	460	309	151
Schaumburg 71	491	386	105
Schaumburg 72	462	345	117
Schaumburg 73	630	470	160
Schaumburg 74	427	298	129
Schaumburg 75	486	342	144
Schaumburg 76	528	378	150
Schaumburg 77	674	533	141
Schaumburg 78	422	352	70
Stickney 1	255	197	58
Stickney 2	354	293	61
Stickney 3	674	537	137
Stickney 4	539	434	105
Stickney 5	583	473	110
Stickney 6	655	522	133
Stickney 7	276	236	40
Stickney 8	454	366	88
Stickney 9	437	350	87
Stickney 10	529	451	78
Stickney 11	510	397	113
Stickney 12	462	388	74
Stickney 13	402	342	60
Stickney 14	557	443	114
Stickney 15	521	420	101
Stickney 16	593	503	90
Stickney 17	341	278	63
Stickney 18	252	194	58
Stickney 19	411	335	76
Stickney 20	395	339	56
Thornton 1	276	267	9
Thornton 2	222	206	16
Thornton 3	424	394	30
Thornton 4	550	519	31
Thornton 5	335	312	23
Thornton 6	589	562	27
Thornton 7	455	440	15
Thornton 8	443	420	23
Thornton 9	260	248	12
Thornton 10	436	401	35
Thornton 11	250	234	16
Thornton 12	372	341	31
Thornton 13	426	360	66
Thornton 14	494	427	67
Thornton 15	437	412	25
Thornton 16	466	378	88
Thornton 17	529	463	66
Thornton 18	692	541	151
Thornton 19	580	509	71
Thornton 20	352	267	85
Thornton 21	675	610	65
Thornton 22	432	412	20
Thornton 23	423	379	44
Thornton 24	569	448	121
Thornton 25	520	404	116
Thornton 26	449	387	62
Thornton 27	612	570	42
Thornton 28	346	322	24
Thornton 29	260	248	12
Thornton 30	255	246	9
Thornton 31	127	119	8
Thornton 32	331	322	9
Thornton 33	421	402	19
Thornton 34	677	629	48
Thornton 35	671	625	46
Thornton 36	232	229	3
Thornton 37	547	453	94
Thornton 38	651	613	38
Thornton 39	343	327	16
Thornton 40	327	310	17
Thornton 41	320	299	21
Thornton 42	300	291	9
Thornton 43	429	339	90
Thornton 44	307	297	10
Thornton 45	409	389	20
Thornton 46	500	482	18
Thornton 47	376	300	76
Thornton 48	412	393	19
Thornton 49	230	219	11
Thornton 50	379	340	39
Thornton 51	423	319	104
Thornton 52	442	425	17
Thornton 53	316	294	22
Thornton 54	726	673	53
Thornton 55	333	313	20
Thornton 56	455	408	47
Thornton 57	382	298	84
Thornton 58	526	489	37
Thornton 59	339	314	25
Thornton 60	292	278	14
Thornton 61	298	270	28
Thornton 62	166	133	33
Thornton 63	242	215	27
Thornton 64	422	409	13
Thornton 65	596	482	114
Thornton 66	727	668	59
Thornton 67	658	530	128
Thornton 68	500	419	81
Thornton 69	309	302	7
Thornton 70	222	214	8
Thornton 71	252	242	10
Thornton 72	448	428	20
Thornton 73	659	617	42
Thornton 74	475	464	11
Thornton 75	434	409	25
Thornton 76	506	480	26
Thornton 77	686	644	42
Thornton 78	503	479	24
Thornton 79	596	543	53
Thornton 80	435	401	34
Thornton 81	423	392	31
Thornton 82	419	327	92
Thornton 83	601	573	28
Thornton 84	605	573	32
Thornton 85	410	394	16
Thornton 86	403	385	18
Thornton 87	623	595	28
Thornton 88	452	423	29
Thornton 89	629	596	33
Thornton 90	501	468	33
Thornton 91	462	429	33
Thornton 92	518	473	45
Thornton 93	309	300	9
Thornton 94	543	504	39
Thornton 95	328	318	10
Thornton 96	342	323	19
Thornton 97	204	184	20
Thornton 98	157	148	9
Thornton 99	390	358	32
Thornton 100	270	248	22
Thornton 101	381	374	7
Thornton 102	239	234	5
Thornton 103	259	246	13
Thornton 104	173	167	6
Thornton 105	402	379	23
Thornton 106	315	299	16
Thornton 107	656	626	30
Thornton 108	250	239	11
Thornton 109	306	290	16
Thornton 110	275	265	10
Thornton 111	323	305	18
Thornton 112	238	217	21
Thornton 113	223	212	11
Thornton 114	490	402	88
Thornton 115	456	433	23
Thornton 116	493	455	38
Thornton 117	571	443	128
Thornton 118	482	415	67
Thornton 119	425	403	22
Thornton 120	754	704	50
Thornton 121	359	333	26
Thornton 122	643	588	55
Thornton 123	324	302	22
Wheeling 1	495	407	88
Wheeling 2	441	313	128
Wheeling 3	598	430	168
Wheeling 4	403	298	105
Wheeling 5	556	418	138
Wheeling 6	370	300	70
Wheeling 7	820	604	216
Wheeling 8	415	296	119
Wheeling 9	391	331	60
Wheeling 10	743	518	225
Wheeling 11	715	538	177
Wheeling 12	783	580	203
Wheeling 13	505	362	143
Wheeling 14	490	353	137
Wheeling 15	536	399	137
Wheeling 16	204	172	32
Wheeling 17	478	382	96
Wheeling 18	520	375	145
Wheeling 19	756	556	200
Wheeling 20	644	461	183
Wheeling 21	422	282	140
Wheeling 22	656	497	159
Wheeling 23	550	358	192
Wheeling 24	468	379	89
Wheeling 25	686	527	159
Wheeling 26	833	620	213
Wheeling 27	836	638	198
Wheeling 28	791	563	228
Wheeling 29	338	253	85
Wheeling 30	782	542	240
Wheeling 31	412	315	97
Wheeling 32	412	294	118
Wheeling 33	276	229	47
Wheeling 34	754	522	232
Wheeling 35	534	389	145
Wheeling 36	879	625	254
Wheeling 37	569	466	103
Wheeling 38	661	530	131
Wheeling 39	625	480	145
Wheeling 40	613	432	181
Wheeling 41	963	668	295
Wheeling 42	742	566	176
Wheeling 43	528	413	115
Wheeling 44	668	464	204
Wheeling 45	482	346	136
Wheeling 46	907	663	244
Wheeling 47	448	355	93
Wheeling 48	474	358	116
Wheeling 49	603	496	107
Wheeling 50	427	355	72
Wheeling 51	671	503	168
Wheeling 52	498	395	103
Wheeling 53	651	422	229
Wheeling 54	694	474	220
Wheeling 55	547	427	120
Wheeling 56	494	380	114
Wheeling 57	670	461	209
Wheeling 58	454	338	116
Wheeling 59	604	456	148
Wheeling 60	427	349	78
Wheeling 61	704	486	218
Wheeling 62	666	489	177
Wheeling 63	430	339	91
Wheeling 64	813	654	159
Wheeling 65	735	540	195
Wheeling 66	733	556	177
Wheeling 67	362	287	75
Wheeling 68	353	241	112
Wheeling 69	557	412	145
Wheeling 70	758	616	142
Wheeling 71	939	667	272
Wheeling 72	567	440	127
Wheeling 73	561	455	106
Wheeling 74	409	332	77
Wheeling 75	564	425	139
Wheeling 76	626	521	105
Wheeling 77	211	180	31
Wheeling 78	860	630	230
Wheeling 79	508	400	108
Wheeling 80	412	357	55
Wheeling 81	489	353	136
Wheeling 82	757	567	190
Wheeling 83	887	690	197
Wheeling 84	681	537	144
Wheeling 85	443	328	115
Wheeling 86	665	480	185
Wheeling 87	549	404	145
Wheeling 88	627	493	134
Wheeling 89	345	281	64
Wheeling 90	572	425	147
Wheeling 91	729	563	166
Wheeling 92	911	646	265
Worth 1	266	211	55
Worth 2	562	427	135
Worth 3	550	400	150
Worth 4	691	590	101
Worth 5	553	405	148
Worth 6	526	414	112
Worth 7	538	362	176
Worth 8	552	483	69
Worth 9	566	451	115
Worth 10	619	516	103
Worth 11	544	424	120
Worth 12	326	262	64
Worth 13	569	462	107
Worth 14	473	414	59
Worth 15	674	566	108
Worth 16	668	500	168
Worth 17	543	483	60
Worth 18	440	278	162
Worth 19	526	405	121
Worth 20	355	307	48
Worth 21	693	558	135
Worth 22	429	340	89
Worth 23	569	432	137
Worth 24	255	225	30
Worth 25	611	466	145
Worth 26	387	313	74
Worth 27	438	317	121
Worth 28	359	314	45
Worth 29	436	382	54
Worth 30	533	432	101
Worth 31	641	543	98
Worth 32	354	255	99
Worth 33	473	387	86
Worth 34	478	412	66
Worth 35	590	458	132
Worth 36	548	443	105
Worth 37	391	347	44
Worth 38	573	481	92
Worth 39	486	360	126
Worth 40	542	448	94
Worth 41	291	231	60
Worth 42	443	340	103
Worth 43	314	304	10
Worth 44	325	264	61
Worth 45	431	332	99
Worth 46	665	494	171
Worth 47	282	231	51
Worth 48	382	284	98
Worth 49	319	232	87
Worth 50	593	462	131
Worth 51	352	260	92
Worth 52	317	238	79
Worth 53	511	411	100
Worth 54	537	458	79
Worth 55	262	214	48
Worth 56	533	371	162
Worth 57	579	449	130
Worth 58	565	438	127
Worth 59	657	604	53
Worth 60	311	221	90
Worth 61	432	324	108
Worth 62	299	225	74
Worth 63	505	391	114
Worth 64	767	545	222
Worth 65	821	539	282
Worth 66	365	264	101
Worth 67	314	231	83
Worth 68	410	360	50
Worth 69	604	514	90
Worth 70	629	481	148
Worth 71	418	307	111
Worth 72	581	476	105
Worth 73	327	280	47
Worth 74	270	209	61
Worth 75	585	448	137
Worth 76	242	197	45
Worth 77	497	379	118
Worth 78	628	505	123
Worth 79	363	249	114
Worth 80	584	502	82
Worth 81	396	294	102
Worth 82	501	408	93
Worth 83	221	192	29
Worth 84	501	382	119
Worth 85	538	401	137
Worth 86	478	373	105
Worth 87	449	349	100
Worth 88	307	254	53
Worth 89	717	495	222
Worth 90	544	455	89
Worth 91	299	233	66
Worth 92	518	396	122
Worth 93	285	231	54
Worth 94	543	408	135
Worth 95	583	415	168
Worth 96	619	538	81
Worth 97	428	389	39
Worth 98	575	455	120
Worth 99	310	240	70
Worth 100	540	405	135
