Precinct	total_votes	votes|Frederick ''Fritz'' Kaegi	votes|Joseph Paglia
01001	572	508	64
01002	449	419	30
01003	612	533	79
01004	608	527	81
01005	613	527	86
01006	519	428	91
01007	387	346	41
01008	457	395	62
01009	391	344	47
01010	703	602	101
01011	637	532	105
01012	630	527	103
01013	246	217	29
01014	504	442	62
01015	491	419	72
01016	633	575	58
01017	463	425	38
01018	508	466	42
01019	601	540	61
01020	429	396	33
01021	732	642	90
01022	340	310	30
01023	745	673	72
01024	446	415	31
01025	529	477	52
01026	327	303	24
01027	581	492	89
01028	123	110	13
01029	645	563	82
01030	577	529	48
01031	482	420	62
01032	525	436	89
01033	620	517	103
01034	429	393	36
01035	658	555	103
01036	554	464	90
01037	548	441	107
01038	492	427	65
01039	472	408	64
01040	516	425	91
01041	311	289	22
01042	170	144	26
01043	336	299	37
01044	490	447	43
02001	624	512	112
02002	445	328	117
02003	622	531	91
02004	490	422	68
02005	646	552	94
02006	532	459	73
02007	523	436	87
02008	639	538	101
02009	495	342	153
02010	468	309	159
02011	600	424	176
02012	491	417	74
02013	493	368	125
02014	580	490	90
02015	531	450	81
02016	484	418	66
02017	654	560	94
02018	547	411	136
02019	418	283	135
02020	616	456	160
02021	567	492	75
02022	587	433	154
02023	400	269	131
02024	505	384	121
02025	583	485	98
02026	474	359	115
02027	508	342	166
02028	620	464	156
02029	631	469	162
02030	474	317	157
02031	639	451	188
02032	425	312	113
02033	816	580	236
02034	449	308	141
02035	697	513	184
02036	600	456	144
02037	503	373	130
02038	514	344	170
02039	380	238	142
02040	744	566	178
02041	558	410	148
02042	606	466	140
02043	734	527	207
02044	337	237	100
02045	627	477	150
02046	303	212	91
03001	596	568	28
03002	563	544	19
03003	413	378	35
03004	514	501	13
03005	275	263	12
03006	697	553	144
03007	296	287	9
03008	375	359	16
03009	479	461	18
03010	209	204	5
03011	492	485	7
03012	472	455	17
03013	590	489	101
03014	573	508	65
03015	431	416	15
03016	407	394	13
03017	696	632	64
03018	694	656	38
03019	613	462	151
03020	499	483	16
03021	580	469	111
03022	706	579	127
03023	403	379	24
03024	390	375	15
03025	902	685	217
03026	598	486	112
03027	680	532	148
03028	310	293	17
03029	444	421	23
03030	406	392	14
03031	520	506	14
03032	621	499	122
03033	637	537	100
03034	651	542	109
03035	232	222	10
03036	248	237	11
03037	421	405	16
03038	376	365	11
03039	851	703	148
03040	518	470	48
03041	337	300	37
04001	777	739	38
04002	685	576	109
04003	404	389	15
04004	655	631	24
04005	500	474	26
04006	581	534	47
04007	584	565	19
04008	543	534	9
04009	560	545	15
04010	633	602	31
04011	513	498	15
04012	579	560	19
04013	657	566	91
04014	516	496	20
04015	619	600	19
04016	903	793	110
04017	685	603	82
04018	480	466	14
04019	371	358	13
04020	496	418	78
04021	745	650	95
04022	530	500	30
04023	699	668	31
04024	485	460	25
04025	615	506	109
04026	480	462	18
04027	677	647	30
04028	424	398	26
04029	422	415	7
04030	669	650	19
04031	524	499	25
04032	563	544	19
04033	524	495	29
04034	431	415	16
04035	588	568	20
04036	571	551	20
04037	973	830	143
04038	537	517	20
05001	382	373	9
05002	321	309	12
05003	560	533	27
05004	670	642	28
05005	419	401	18
05006	362	355	7
05007	506	485	21
05008	525	490	35
05009	597	574	23
05010	360	349	11
05011	538	507	31
05012	297	280	17
05013	400	386	14
05014	375	364	11
05015	446	417	29
05016	441	429	12
05017	384	372	12
05018	482	468	14
05019	478	446	32
05020	574	552	22
05021	536	507	29
05022	569	531	38
05023	856	803	53
05024	556	528	28
05025	421	411	10
05026	466	446	20
05027	584	537	47
05028	505	486	19
05029	482	453	29
05030	315	305	10
05031	356	346	10
05032	582	561	21
05033	495	479	16
05034	582	537	45
05035	595	564	31
05036	256	245	11
05037	552	525	27
05038	403	390	13
05039	408	376	32
05040	320	313	7
05041	285	276	9
06001	411	404	7
06002	396	387	9
06003	408	397	11
06004	295	286	9
06005	247	243	4
06006	409	394	15
06007	348	333	15
06008	368	358	10
06009	333	318	15
06010	223	215	8
06011	326	318	8
06012	275	267	8
06013	287	284	3
06014	350	344	6
06015	304	293	11
06016	381	370	11
06017	252	242	10
06018	264	255	9
06019	333	327	6
06020	223	217	6
06021	205	199	6
06022	225	212	13
06023	197	191	6
06024	193	179	14
06025	186	179	7
06026	277	268	9
06027	216	210	6
06028	175	170	5
06029	401	392	9
06030	297	286	11
06031	382	373	9
06032	351	340	11
06033	369	347	22
06034	384	378	6
06035	349	340	9
06036	437	422	15
06037	394	377	17
06038	391	379	12
06039	304	296	8
06040	336	327	9
06041	370	359	11
06042	378	368	10
06043	341	329	12
06044	361	349	12
06045	390	378	12
06046	261	252	9
06047	276	268	8
06048	402	388	14
07001	339	326	13
07002	345	332	13
07003	379	368	11
07004	373	359	14
07005	300	286	14
07006	457	436	21
07007	349	339	10
07008	299	281	18
07009	624	592	32
07010	400	392	8
07011	381	365	16
07012	326	316	10
07013	218	205	13
07014	373	359	14
07015	340	335	5
07016	275	261	14
07017	300	291	9
07018	317	298	19
07019	341	323	18
07020	265	251	14
07021	275	261	14
07022	301	285	16
07023	344	336	8
07024	289	280	9
07025	291	270	21
07026	285	280	5
07027	285	279	6
07028	260	250	10
07029	289	281	8
07030	249	234	15
07031	238	226	12
07032	474	460	14
07033	464	447	17
07034	428	416	12
07035	381	365	16
07036	422	413	9
07037	374	364	10
07038	301	294	7
07039	319	307	12
07040	300	293	7
07041	360	348	12
07042	299	290	9
07043	355	338	17
07044	300	296	4
07045	326	315	11
07046	146	143	3
08001	320	307	13
08002	339	327	12
08003	423	411	12
08004	417	408	9
08005	410	399	11
08006	387	368	19
08007	424	417	7
08008	363	352	11
08009	249	245	4
08010	479	462	17
08011	310	297	13
08012	334	326	8
08013	435	420	15
08014	265	257	8
08015	333	319	14
08016	113	109	4
08017	334	325	9
08018	349	337	12
08019	410	398	12
08020	436	426	10
08021	469	461	8
08022	344	337	7
08023	316	299	17
08024	230	222	8
08025	373	358	15
08026	344	324	20
08027	413	403	10
08028	391	376	15
08029	441	422	19
08030	386	374	12
08031	277	261	16
08032	304	301	3
08033	345	329	16
08034	356	345	11
08035	404	390	14
08036	404	394	10
08037	323	307	16
08038	249	243	6
08039	374	366	8
08040	287	279	8
08041	422	409	13
08042	459	447	12
08043	195	186	9
08044	262	256	6
08045	360	349	11
08046	298	290	8
08047	306	295	11
08048	349	337	12
08049	350	345	5
08050	376	358	18
08051	411	397	14
08052	467	458	9
08053	213	205	8
08054	298	288	10
08055	290	278	12
08056	369	361	8
09001	354	340	14
09002	323	312	11
09003	264	256	8
09004	263	260	3
09005	336	331	5
09006	329	322	7
09007	289	278	11
09008	343	333	10
09009	366	357	9
09010	282	274	8
09011	230	218	12
09012	399	388	11
09013	395	383	12
09014	422	407	15
09015	378	372	6
09016	308	301	7
09017	236	231	5
09018	249	242	7
09019	326	321	5
09020	349	340	9
09021	308	293	15
09022	352	342	10
09023	404	400	4
09024	369	352	17
09025	358	350	8
09026	389	379	10
09027	307	299	8
09028	216	205	11
09029	306	296	10
09030	282	270	12
09031	261	253	8
09032	347	336	11
09033	262	254	8
09034	247	233	14
09035	353	345	8
09036	290	282	8
09037	502	426	76
09038	374	361	13
09039	380	367	13
09040	375	361	14
09041	291	283	8
09042	358	349	9
09043	304	294	10
09044	312	303	9
09045	274	265	9
09046	356	340	16
09047	370	363	7
09048	405	393	12
09049	380	369	11
09050	463	451	12
09051	353	345	8
10001	316	297	19
10002	359	241	118
10003	359	239	120
10004	253	232	21
10005	280	190	90
10006	284	234	50
10007	251	209	42
10008	222	205	17
10009	328	228	100
10010	349	281	68
10011	393	338	55
10012	226	172	54
10013	302	276	26
10014	426	347	79
10015	648	630	18
10016	264	194	70
10017	457	314	143
10018	223	205	18
10019	363	263	100
10020	369	291	78
10021	351	302	49
10022	201	180	21
10023	303	267	36
10024	352	226	126
10025	102	96	6
10026	256	224	32
10027	332	305	27
10028	384	319	65
10029	309	267	42
10030	291	259	32
10031	257	236	21
10032	342	274	68
10033	243	216	27
10034	242	218	24
10035	410	281	129
10036	88	75	13
11001	410	312	98
11002	30	21	9
11003	425	389	36
11004	348	281	67
11005	531	459	72
11006	694	579	115
11007	653	586	67
11008	397	336	61
11009	334	257	77
11010	366	291	75
11011	458	341	117
11012	535	378	157
11013	488	330	158
11014	206	148	58
11015	162	125	37
11016	281	194	87
11017	521	424	97
11018	309	241	68
11019	527	445	82
11020	284	234	50
11021	527	402	125
11022	468	367	101
11023	253	192	61
11024	474	384	90
11025	544	434	110
11026	490	386	104
11027	141	118	23
11028	181	134	47
11029	454	342	112
11030	213	155	58
11031	412	289	123
11032	208	137	71
11033	542	424	118
11034	148	105	43
11035	107	88	19
11036	170	123	47
11037	109	90	19
11038	225	200	25
12001	347	300	47
12002	300	256	44
12003	471	407	64
12004	386	321	65
12005	312	244	68
12006	355	299	56
12007	327	298	29
12008	383	323	60
12009	303	251	52
12010	415	387	28
12011	345	306	39
12012	350	297	53
12013	346	301	45
12014	320	300	20
12015	262	240	22
12016	300	268	32
12017	351	304	47
12018	299	273	26
12019	353	312	41
12020	424	355	69
12021	334	288	46
12022	286	269	17
12023	362	307	55
13001	287	199	88
13002	294	203	91
13003	265	227	38
13004	346	226	120
13005	374	323	51
13006	341	216	125
13007	253	223	30
13008	273	193	80
13009	334	284	50
13010	315	169	146
13011	363	267	96
13012	291	237	54
13013	342	308	34
13014	338	286	52
13015	446	390	56
13016	219	191	28
13017	285	212	73
13018	259	180	79
13019	358	332	26
13020	197	124	73
13021	385	231	154
13022	372	240	132
13023	247	216	31
13024	331	258	73
13025	328	276	52
13026	316	230	86
13027	307	241	66
13028	256	218	38
13029	254	210	44
13030	257	243	14
13031	364	242	122
13032	264	166	98
13033	342	229	113
13034	401	364	37
13035	300	262	38
13036	198	170	28
13037	369	322	47
13038	297	186	111
13039	322	294	28
13040	334	280	54
13041	355	330	25
13042	320	201	119
13043	345	278	67
13044	338	311	27
13045	382	278	104
13046	384	337	47
13047	340	301	39
13048	303	210	93
14001	407	238	169
14002	438	366	72
14003	351	313	38
14004	369	227	142
14005	482	450	32
14006	164	155	9
14007	402	349	53
14008	371	313	58
14009	432	304	128
14010	240	193	47
14011	212	190	22
14012	381	319	62
14013	306	269	37
14014	310	275	35
14015	371	345	26
14016	240	213	27
14017	287	254	33
14018	147	99	48
14019	305	271	34
14020	244	214	30
14021	329	293	36
14022	462	364	98
14023	296	232	64
14024	436	277	159
14025	195	169	26
14026	256	231	25
14027	328	267	61
14028	267	231	36
14029	269	243	26
14030	190	171	19
14031	200	185	15
15001	294	256	38
15002	205	197	8
15003	215	207	8
15004	311	266	45
15005	285	247	38
15006	310	253	57
15007	222	212	10
15008	265	238	27
15009	384	344	40
15010	422	373	49
15011	343	301	42
15012	361	319	42
15013	285	257	28
15014	261	237	24
15015	244	213	31
15016	341	310	31
15017	244	229	15
15018	194	190	4
15019	275	243	32
15020	242	228	14
15021	202	195	7
15022	257	250	7
15023	236	229	7
15024	196	191	5
16001	361	321	40
16002	271	254	17
16003	225	214	11
16004	265	254	11
16005	188	180	8
16006	269	262	7
16007	246	228	18
16008	174	165	9
16009	277	265	12
16010	237	228	9
16011	257	246	11
16012	224	213	11
16013	255	237	18
16014	190	179	11
16015	281	269	12
16016	249	241	8
16017	318	291	27
16018	287	275	12
16019	230	220	10
16020	214	202	12
16021	231	220	11
16022	221	211	10
16023	310	279	31
16024	143	142	1
16025	301	277	24
16026	200	192	8
16027	228	223	5
16028	229	224	5
16029	251	244	7
16030	218	208	10
16031	267	259	8
16032	293	262	31
16033	241	235	6
16034	241	233	8
16035	320	304	16
16036	197	195	2
17001	328	304	24
17002	320	315	5
17003	335	315	20
17004	404	395	9
17005	237	225	12
17006	282	272	10
17007	269	251	18
17008	273	264	9
17009	260	251	9
17010	436	419	17
17011	255	244	11
17012	412	377	35
17013	273	261	12
17014	367	340	27
17015	348	340	8
17016	321	296	25
17017	294	272	22
17018	359	347	12
17019	197	187	10
17020	417	406	11
17021	430	416	14
17022	291	278	13
17023	212	202	10
17024	333	316	17
17025	247	239	8
17026	340	327	13
17027	304	296	8
17028	260	248	12
17029	325	318	7
17030	252	222	30
17031	203	195	8
17032	257	250	7
17033	213	205	8
17034	239	231	8
17035	225	223	2
17036	300	290	10
17037	284	274	10
17038	304	296	8
17039	317	306	11
17040	334	330	4
17041	398	388	10
18001	316	300	16
18002	339	285	54
18003	326	252	74
18004	385	369	16
18005	229	223	6
18006	311	231	80
18007	347	313	34
18008	372	358	14
18009	362	343	19
18010	478	456	22
18011	299	273	26
18012	355	333	22
18013	377	364	13
18014	388	378	10
18015	390	348	42
18016	353	338	15
18017	355	327	28
18018	300	291	9
18019	346	334	12
18020	291	279	12
18021	436	418	18
18022	424	408	16
18023	362	335	27
18024	359	301	58
18025	352	302	50
18026	446	430	16
18027	300	286	14
18028	348	252	96
18029	398	351	47
18030	409	316	93
18031	386	372	14
18032	365	349	16
18033	281	273	8
18034	432	402	30
18035	434	413	21
18036	395	353	42
18037	420	400	20
18038	344	335	9
18039	274	257	17
18040	395	339	56
18041	416	393	23
18042	317	306	11
18043	269	217	52
18044	323	230	93
18045	321	285	36
18046	393	315	78
18047	274	264	10
18048	295	286	9
18049	220	208	12
18050	276	264	12
19001	377	235	142
19002	583	512	71
19003	328	133	195
19004	457	223	234
19005	468	376	92
19006	431	229	202
19007	378	265	113
19008	454	196	258
19009	310	177	133
19010	524	413	111
19011	388	165	223
19012	334	148	186
19013	497	472	25
19014	499	402	97
19015	514	237	277
19016	429	218	211
19017	368	218	150
19018	399	310	89
19019	561	445	116
19020	351	318	33
19021	387	176	211
19022	473	353	120
19023	429	259	170
19024	278	124	154
19025	421	292	129
19026	433	311	122
19027	448	391	57
19028	485	461	24
19029	422	205	217
19030	383	185	198
19031	395	283	112
19032	383	237	146
19033	431	193	238
19034	406	311	95
19035	396	312	84
19036	579	531	48
19037	409	363	46
19038	373	328	45
19039	169	155	14
19040	451	346	105
19041	381	180	201
19042	366	295	71
19043	558	530	28
19044	461	232	229
19045	418	243	175
19046	436	273	163
19047	592	511	81
19048	471	454	17
19049	502	456	46
19050	354	237	117
19051	465	313	152
19052	442	222	220
19053	381	273	108
19054	345	147	198
19055	351	167	184
19056	467	364	103
19057	363	298	65
20001	346	337	9
20002	140	132	8
20003	304	294	10
20004	165	158	7
20005	414	398	16
20006	153	147	6
20007	379	368	11
20008	332	323	9
20009	513	497	16
20010	235	227	8
20011	469	454	15
20012	289	283	6
20013	381	365	16
20014	175	170	5
20015	289	262	27
20016	418	398	20
20017	199	182	17
20018	243	236	7
20019	360	349	11
20020	231	206	25
20021	248	232	16
20022	464	442	22
20023	373	358	15
20024	415	394	21
20025	240	225	15
20026	368	350	18
20027	183	175	8
20028	225	211	14
20029	394	384	10
20030	160	155	5
20031	416	409	7
20032	331	321	10
20033	210	200	10
20034	594	572	22
20035	252	238	14
20036	109	104	5
20037	106	101	5
20038	112	104	8
20039	22	20	2
21001	398	390	8
21002	271	265	6
21003	408	391	17
21004	338	331	7
21005	396	383	13
21006	300	291	9
21007	364	356	8
21008	371	353	18
21009	409	400	9
21010	323	308	15
21011	342	336	6
21012	337	326	11
21013	356	340	16
21014	374	361	13
21015	321	316	5
21016	335	325	10
21017	322	305	17
21018	408	399	9
21019	374	368	6
21020	315	303	12
21021	302	293	9
21022	316	300	16
21023	314	307	7
21024	354	347	7
21025	300	294	6
21026	358	344	14
21027	355	343	12
21028	440	430	10
21029	409	399	10
21030	293	285	8
21031	256	246	10
21032	321	315	6
21033	322	309	13
21034	319	315	4
21035	408	391	17
21036	335	324	11
21037	256	249	7
21038	338	331	7
21039	310	301	9
21040	326	313	13
21041	358	347	11
21042	392	375	17
21043	348	343	5
21044	351	346	5
21045	329	323	6
21046	386	375	11
21047	341	332	9
21048	362	349	13
21049	393	375	18
21050	288	275	13
21051	336	330	6
21052	342	331	11
21053	306	295	11
21054	304	293	11
22001	199	192	7
22002	391	298	93
22003	421	390	31
22004	243	226	17
22005	303	272	31
22006	289	272	17
22007	226	214	12
22008	444	365	79
22009	250	230	20
22010	395	354	41
22011	241	218	23
22012	300	243	57
22013	308	271	37
22014	239	221	18
22015	251	236	15
22016	265	248	17
22017	324	283	41
22018	276	253	23
22019	171	162	9
22020	277	249	28
22021	338	334	4
22022	289	267	22
22023	438	422	16
22024	312	284	28
22025	316	292	24
23001	316	180	136
23002	353	235	118
23003	354	202	152
23004	383	258	125
23005	347	300	47
23006	356	300	56
23007	267	230	37
23008	393	304	89
23009	276	240	36
23010	382	318	64
23011	336	300	36
23012	358	208	150
23013	284	242	42
23014	328	214	114
23015	286	245	41
23016	340	198	142
23017	216	189	27
23018	286	177	109
23019	269	249	20
23020	193	152	41
23021	351	195	156
23022	353	249	104
23023	329	206	123
23024	276	234	42
23025	288	235	53
23026	346	279	67
23027	292	162	130
23028	355	223	132
23029	290	203	87
23030	367	305	62
23031	270	224	46
23032	318	267	51
23033	341	288	53
23034	312	265	47
23035	250	143	107
23036	322	194	128
23037	358	209	149
23038	306	200	106
23039	342	312	30
24001	260	248	12
24002	275	265	10
24003	300	288	12
24004	246	240	6
24005	153	147	6
24006	305	294	11
24007	201	185	16
24008	141	135	6
24009	279	270	9
24010	135	131	4
24011	334	319	15
24012	174	165	9
24013	162	156	6
24014	262	250	12
24015	151	143	8
24016	402	362	40
24017	231	220	11
24018	329	319	10
24019	354	349	5
24020	260	255	5
24021	144	140	4
24022	350	336	14
24023	229	221	8
24024	312	302	10
24025	241	233	8
24026	410	398	12
24027	309	299	10
24028	196	190	6
24029	230	226	4
24030	173	168	5
24031	325	308	17
24032	149	144	5
24033	181	175	6
24034	274	265	9
24035	277	264	13
24036	347	328	19
24037	172	168	4
24038	245	230	15
24039	309	289	20
24040	337	325	12
24041	203	189	14
25001	334	307	27
25002	505	472	33
25003	758	592	166
25004	364	335	29
25005	453	397	56
25006	138	101	37
25007	450	414	36
25008	472	437	35
25009	406	373	33
25010	705	541	164
25011	454	417	37
25012	428	391	37
25013	480	455	25
25014	258	217	41
25015	376	334	42
25016	726	545	181
25017	490	449	41
25018	234	180	54
25019	445	420	25
25020	278	270	8
25021	855	727	128
25022	412	384	28
25023	495	445	50
25024	433	404	29
25025	465	346	119
25026	378	332	46
25027	587	482	105
25028	445	405	40
25029	335	309	26
25030	409	380	29
25031	867	647	220
25032	354	302	52
26001	390	355	35
26002	304	281	23
26003	427	369	58
26004	222	209	13
26005	320	297	23
26006	297	269	28
26007	365	339	26
26008	177	149	28
26009	246	226	20
26010	302	287	15
26011	303	270	33
26012	385	348	37
26013	172	157	15
26014	261	244	17
26015	188	159	29
26016	184	161	23
26017	311	228	83
26018	254	221	33
26019	217	190	27
26020	301	265	36
26021	417	383	34
26022	159	146	13
26023	228	201	27
26024	274	253	21
26025	317	290	27
26026	248	222	26
26027	421	378	43
26028	523	450	73
26029	215	185	30
26030	272	258	14
26031	147	124	23
26032	417	347	70
26033	394	358	36
26034	437	402	35
26035	293	273	20
26036	370	325	45
26037	368	345	23
26038	145	132	13
26039	392	342	50
26040	234	216	18
26041	405	371	34
26042	285	267	18
26043	179	165	14
26044	199	172	27
26045	157	137	20
26046	254	195	59
26047	219	191	28
26048	337	305	32
26049	188	172	16
27001	882	712	170
27002	429	345	84
27003	231	219	12
27004	214	202	12
27005	301	281	20
27006	478	401	77
27007	606	524	82
27008	294	281	13
27009	222	165	57
27010	395	372	23
27011	585	450	135
27012	321	243	78
27013	543	498	45
27014	184	180	4
27015	184	176	8
27016	473	379	94
27017	392	362	30
27018	267	251	16
27019	186	174	12
27020	295	287	8
27021	456	354	102
27022	171	167	4
27023	273	267	6
27024	266	256	10
27025	350	324	26
27026	296	275	21
27027	476	445	31
27028	404	313	91
27029	246	231	15
27030	179	167	12
27031	291	281	10
27032	343	313	30
27033	449	373	76
27034	257	246	11
27035	503	387	116
27036	322	297	25
27037	492	401	91
27038	617	495	122
27039	270	257	13
27040	594	472	122
27041	306	297	9
27042	296	238	58
27043	252	235	17
27044	251	242	9
27045	937	726	211
27046	360	262	98
27047	257	233	24
27048	783	658	125
27049	278	268	10
27050	350	341	9
28001	207	201	6
28002	280	268	12
28003	253	244	9
28004	323	268	55
28005	209	189	20
28006	189	168	21
28007	292	290	2
28008	421	343	78
28009	288	276	12
28010	424	374	50
28011	661	595	66
28012	306	301	5
28013	334	321	13
28014	223	219	4
28015	59	55	4
28016	194	187	7
28017	260	254	6
28018	268	260	8
28019	286	255	31
28020	278	266	12
28021	249	242	7
28022	272	256	16
28023	336	324	12
28024	249	237	12
28025	413	396	17
28026	292	284	8
28027	357	271	86
28028	430	340	90
28029	163	154	9
28030	47	47	0
28031	396	380	16
28032	281	270	11
28033	319	309	10
28034	522	495	27
28035	354	346	8
28036	170	167	3
28037	374	366	8
28038	143	136	7
28039	225	220	5
28040	412	402	10
28041	229	224	5
28042	300	289	11
28043	369	358	11
28044	215	208	7
28045	435	356	79
28046	642	541	101
29001	517	441	76
29002	505	491	14
29003	400	386	14
29004	406	395	11
29005	312	297	15
29006	319	305	14
29007	401	366	35
29008	329	318	11
29009	446	359	87
29010	534	449	85
29011	218	211	7
29012	464	439	25
29013	405	383	22
29014	352	341	11
29015	438	422	16
29016	366	357	9
29017	340	334	6
29018	356	344	12
29019	396	381	15
29020	443	430	13
29021	464	448	16
29022	274	250	24
29023	444	348	96
29024	346	333	13
29025	444	433	11
29026	386	363	23
29027	348	342	6
29028	456	440	16
29029	373	256	117
29030	517	456	61
29031	401	251	150
29032	380	242	138
29033	273	258	15
29034	286	251	35
29035	288	284	4
29036	329	318	11
29037	369	351	18
29038	406	322	84
29039	361	273	88
29040	428	414	14
29041	293	287	6
29042	424	410	14
29043	490	446	44
29044	486	460	26
30001	461	366	95
30002	399	311	88
30003	346	302	44
30004	381	297	84
30005	267	224	43
30006	326	272	54
30007	433	362	71
30008	507	444	63
30009	322	250	72
30010	400	335	65
30011	368	322	46
30012	336	274	62
30013	390	309	81
30014	249	216	33
30015	403	330	73
30016	183	152	31
30017	384	312	72
30018	494	456	38
30019	357	309	48
30020	439	360	79
30021	301	232	69
30022	550	490	60
30023	440	384	56
30024	529	465	64
30025	576	500	76
30026	239	193	46
30027	273	215	58
30028	419	371	48
30029	216	185	31
30030	177	149	28
30031	268	212	56
30032	309	267	42
31001	237	201	36
31002	216	193	23
31003	219	168	51
31004	380	342	38
31005	279	232	47
31006	188	164	24
31007	422	404	18
31008	207	182	25
31009	249	209	40
31010	235	196	39
31011	211	169	42
31012	245	200	45
31013	264	239	25
31014	226	186	40
31015	231	186	45
31016	329	299	30
31017	239	195	44
31018	244	209	35
31019	231	192	39
31020	234	199	35
31021	241	210	31
31022	219	188	31
31023	269	224	45
31024	253	211	42
31025	241	207	34
31026	285	236	49
31027	279	235	44
31028	212	179	33
31029	270	226	44
31030	207	183	24
31031	205	163	42
31032	211	178	33
31033	214	175	39
31034	257	206	51
31035	283	240	43
31036	293	260	33
31037	255	212	43
31038	206	185	21
31039	310	287	23
31040	298	260	38
31041	232	202	30
32001	612	502	110
32002	575	465	110
32003	602	542	60
32004	520	441	79
32005	560	476	84
32006	640	560	80
32007	594	481	113
32008	682	511	171
32009	520	412	108
32010	578	444	134
32011	508	476	32
32012	405	368	37
32013	591	444	147
32014	571	518	53
32015	557	442	115
32016	568	490	78
32017	555	509	46
32018	512	360	152
32019	552	455	97
32020	528	491	37
32021	598	477	121
32022	702	636	66
32023	628	489	139
32024	429	309	120
32025	549	448	101
32026	623	567	56
32027	546	394	152
32028	570	520	50
32029	619	538	81
32030	572	427	145
32031	590	465	125
32032	617	511	106
32033	574	461	113
32034	615	542	73
32035	590	471	119
32036	613	499	114
32037	552	475	77
32038	521	422	99
32039	622	437	185
32040	620	507	113
32041	588	461	127
32042	497	378	119
32043	529	468	61
33001	514	465	49
33002	656	575	81
33003	744	661	83
33004	719	619	100
33005	488	420	68
33006	459	398	61
33007	583	513	70
33008	735	654	81
33009	600	479	121
33010	499	414	85
33011	586	508	78
33012	523	441	82
33013	526	460	66
33014	279	230	49
33015	524	474	50
33016	706	601	105
33017	596	495	101
33018	725	652	73
33019	599	508	91
33020	624	572	52
33021	563	506	57
33022	488	408	80
33023	575	500	75
33024	727	621	106
33025	662	581	81
33026	444	404	40
33027	599	528	71
33028	522	483	39
34001	399	391	8
34002	299	293	6
34003	369	356	13
34004	273	266	7
34005	321	312	9
34006	425	410	15
34007	417	398	19
34008	303	297	6
34009	247	233	14
34010	349	336	13
34011	318	309	9
34012	397	387	10
34013	357	344	13
34014	275	266	9
34015	327	323	4
34016	301	289	12
34017	465	454	11
34018	272	264	8
34019	395	380	15
34020	411	404	7
34021	433	422	11
34022	355	342	13
34023	287	283	4
34024	329	320	9
34025	547	537	10
34026	383	379	4
34027	308	297	11
34028	236	227	9
34029	282	271	11
34030	360	350	10
34031	293	288	5
34032	367	355	12
34033	299	287	12
34034	378	366	12
34035	399	388	11
34036	322	311	11
34037	220	210	10
34038	172	164	8
34039	255	249	6
34040	391	385	6
34041	223	219	4
34042	363	350	13
34043	339	327	12
34044	368	353	15
34045	383	377	6
34046	251	243	8
34047	343	335	8
34048	380	371	9
34049	347	334	13
34050	298	288	10
34051	380	370	10
34052	277	269	8
34053	228	223	5
35001	476	421	55
35002	530	465	65
35003	422	394	28
35004	453	379	74
35005	427	391	36
35006	433	391	42
35007	475	445	30
35008	494	449	45
35009	387	322	65
35010	614	571	43
35011	520	465	55
35012	296	256	40
35013	300	270	30
35014	312	283	29
35015	555	498	57
35016	239	219	20
35017	513	471	42
35018	286	263	23
35019	238	210	28
35020	404	357	47
35021	391	361	30
35022	564	509	55
35023	466	409	57
35024	417	363	54
35025	528	483	45
35026	403	344	59
35027	383	325	58
35028	443	395	48
35029	387	332	55
35030	425	362	63
35031	470	408	62
36001	340	270	70
36002	316	270	46
36003	317	266	51
36004	331	292	39
36005	319	280	39
36006	294	251	43
36007	447	309	138
36008	248	218	30
36009	319	277	42
36010	441	351	90
36011	240	206	34
36012	221	197	24
36013	234	212	22
36014	379	308	71
36015	378	294	84
36016	381	305	76
36017	422	333	89
36018	393	296	97
36019	405	337	68
36020	393	306	87
36021	273	230	43
36022	275	246	29
36023	297	248	49
36024	362	279	83
36025	338	289	49
36026	361	253	108
36027	369	288	81
36028	341	244	97
36029	394	289	105
36030	366	290	76
37001	231	213	18
37002	272	257	15
37003	245	232	13
37004	258	241	17
37005	366	349	17
37006	377	367	10
37007	242	228	14
37008	230	220	10
37009	348	341	7
37010	395	373	22
37011	227	219	8
37012	250	235	15
37013	235	231	4
37014	341	328	13
37015	330	324	6
37016	363	343	20
37017	268	259	9
37018	290	275	15
37019	234	229	5
37020	281	272	9
37021	300	282	18
37022	291	263	28
37023	308	302	6
37024	353	341	12
37025	303	294	9
37026	427	402	25
37027	310	299	11
37028	284	261	23
37029	288	271	17
37030	318	313	5
37031	342	331	11
37032	287	271	16
37033	351	338	13
37034	311	297	14
37035	347	338	9
37036	326	320	6
37037	353	341	12
37038	328	313	15
37039	304	287	17
37040	344	332	12
37041	338	315	23
38001	384	291	93
38002	438	187	251
38003	398	256	142
38004	370	235	135
38005	413	259	154
38006	397	241	156
38007	366	200	166
38008	360	224	136
38009	443	260	183
38010	322	220	102
38011	353	250	103
38012	398	185	213
38013	415	253	162
38014	432	298	134
38015	359	267	92
38016	386	265	121
38017	508	282	226
38018	441	275	166
38019	470	310	160
38020	408	231	177
38021	344	246	98
38022	396	281	115
38023	414	309	105
38024	421	246	175
38025	362	257	105
38026	419	272	147
38027	394	250	144
38028	489	272	217
38029	399	288	111
38030	395	253	142
38031	413	306	107
38032	400	285	115
38033	395	289	106
38034	403	319	84
38035	409	322	87
38036	371	276	95
38037	402	294	108
38038	377	254	123
38039	438	325	113
38040	413	284	129
38041	381	309	72
39001	453	298	155
39002	395	248	147
39003	491	381	110
39004	408	257	151
39005	445	320	125
39006	411	329	82
39007	398	320	78
39008	434	357	77
39009	408	310	98
39010	218	195	23
39011	385	285	100
39012	568	492	76
39013	355	264	91
39014	475	371	104
39015	487	281	206
39016	349	270	79
39017	472	363	109
39018	427	333	94
39019	451	362	89
39020	530	342	188
39021	405	247	158
39022	362	292	70
39023	454	283	171
39024	555	331	224
39025	379	326	53
39026	408	255	153
39027	82	57	25
39028	544	451	93
39029	242	213	29
39030	533	458	75
39031	367	312	55
39032	372	247	125
39033	488	383	105
39034	473	379	94
39035	444	360	84
39036	122	101	21
39037	444	309	135
39038	269	192	77
39039	287	214	73
39040	413	281	132
39041	478	317	161
39042	477	265	212
39043	473	301	172
39044	351	222	129
39045	433	284	149
40001	402	319	83
40002	416	347	69
40003	628	566	62
40004	263	224	39
40005	513	442	71
40006	619	565	54
40007	508	439	69
40008	660	598	62
40009	380	326	54
40010	445	378	67
40011	538	466	72
40012	433	365	68
40013	815	749	66
40014	387	314	73
40015	433	364	69
40016	690	617	73
40017	403	345	58
40018	357	324	33
40019	547	457	90
40020	491	415	76
40021	564	493	71
40022	568	515	53
40023	612	551	61
40024	391	318	73
40025	610	546	64
40026	547	502	45
40027	671	590	81
40028	554	490	64
40029	460	365	95
40030	404	309	95
40031	570	529	41
40032	576	508	68
40033	517	480	37
40034	402	324	78
40035	319	260	59
40036	477	411	66
40037	453	404	49
40038	636	579	57
40039	180	157	23
41001	413	207	206
41002	418	199	219
41003	428	253	175
41004	453	270	183
41005	518	303	215
41006	538	313	225
41007	497	275	222
41008	446	246	200
41009	448	266	182
41010	476	280	196
41011	498	265	233
41012	439	255	184
41013	529	291	238
41014	528	326	202
41015	560	330	230
41016	413	240	173
41017	445	248	197
41018	421	243	178
41019	533	316	217
41020	332	188	144
41021	483	297	186
41022	508	268	240
41023	458	199	259
41024	392	199	193
41025	343	207	136
41026	444	247	197
41027	360	196	164
41028	448	312	136
41029	312	190	122
41030	459	268	191
41031	498	280	218
41032	373	223	150
41033	430	243	187
41034	394	219	175
41035	546	293	253
41036	447	261	186
41037	506	303	203
41038	425	239	186
41039	492	272	220
41040	473	239	234
41041	468	236	232
41042	422	225	197
41043	466	259	207
41044	462	206	256
41045	432	253	179
41046	483	268	215
41047	468	277	191
42001	503	350	153
42002	628	500	128
42003	598	477	121
42004	1146	825	321
42005	508	371	137
42006	561	388	173
42007	724	502	222
42008	519	398	121
42009	698	548	150
42010	794	609	185
42011	398	258	140
42012	510	363	147
42013	505	336	169
42014	751	543	208
42015	649	448	201
42016	603	465	138
42017	790	560	230
42018	643	480	163
42019	729	499	230
42020	665	445	220
42021	634	488	146
42022	305	198	107
42023	656	433	223
42024	604	433	171
42025	605	396	209
42026	784	562	222
42027	420	319	101
42028	633	453	180
42029	637	455	182
42030	490	325	165
42031	707	480	227
42032	635	422	213
42033	677	545	132
42034	508	341	167
42035	747	584	163
42036	989	743	246
42037	443	326	117
42038	552	395	157
42039	827	612	215
42040	814	640	174
42041	604	461	143
42042	987	760	227
43001	299	230	69
43002	625	442	183
43003	559	402	157
43004	680	491	189
43005	515	388	127
43006	450	326	124
43007	372	286	86
43008	422	311	111
43009	573	431	142
43010	681	497	184
43011	537	387	150
43012	411	313	98
43013	529	439	90
43014	582	418	164
43015	575	420	155
43016	699	517	182
43017	448	310	138
43018	659	474	185
43019	644	503	141
43020	649	511	138
43021	638	473	165
43022	408	318	90
43023	424	316	108
43024	441	318	123
43025	467	365	102
43026	385	301	84
43027	562	412	150
43028	732	558	174
43029	545	418	127
43030	619	470	149
43031	554	424	130
43032	594	449	145
43033	588	405	183
43034	419	326	93
43035	632	443	189
43036	320	264	56
43037	615	502	113
43038	463	308	155
43039	531	399	132
43040	426	330	96
43041	753	587	166
43042	550	443	107
43043	535	372	163
43044	554	418	136
43045	350	272	78
43046	333	252	81
44001	921	805	116
44002	595	473	122
44003	387	321	66
44004	540	418	122
44005	675	599	76
44006	763	653	110
44007	439	331	108
44008	852	720	132
44009	598	481	117
44010	622	482	140
44011	664	522	142
44012	631	530	101
44013	497	369	128
44014	566	458	108
44015	551	469	82
44016	699	554	145
44017	823	712	111
44018	664	539	125
44019	738	615	123
44020	661	571	90
44021	754	651	103
44022	645	533	112
44023	615	533	82
44024	452	368	84
44025	613	480	133
44026	735	639	96
44027	722	580	142
44028	570	500	70
44029	649	513	136
44030	727	591	136
44031	517	413	104
44032	688	544	144
44033	651	596	55
44034	641	563	78
44035	715	594	121
44036	636	529	107
44037	685	589	96
44038	613	479	134
44039	644	508	136
44040	589	449	140
44041	772	652	120
45001	380	327	53
45002	448	392	56
45003	426	351	75
45004	569	466	103
45005	467	352	115
45006	628	504	124
45007	679	517	162
45008	458	354	104
45009	433	331	102
45010	460	340	120
45011	310	256	54
45012	410	322	88
45013	387	289	98
45014	555	438	117
45015	545	443	102
45016	395	302	93
45017	518	366	152
45018	465	323	142
45019	231	177	54
45020	325	235	90
45021	407	273	134
45022	401	302	99
45023	387	253	134
45024	338	225	113
45025	274	176	98
45026	242	130	112
45027	434	274	160
45028	352	242	110
45029	292	192	100
45030	375	312	63
45031	358	282	76
45032	382	278	104
45033	324	249	75
45034	435	320	115
45035	455	325	130
45036	463	318	145
45037	438	303	135
45038	394	278	116
45039	431	296	135
45040	417	261	156
45041	394	245	149
45042	403	239	164
45043	418	239	179
45044	422	262	160
45045	304	173	131
45046	317	200	117
45047	311	192	119
45048	357	200	157
46001	421	374	47
46002	515	478	37
46003	672	572	100
46004	523	479	44
46005	746	628	118
46006	462	424	38
46007	615	498	117
46008	373	330	43
46009	609	559	50
46010	894	771	123
46011	543	445	98
46012	614	569	45
46013	549	491	58
46014	487	435	52
46015	564	479	85
46016	659	610	49
46017	635	539	96
46018	627	524	103
46019	398	341	57
46020	441	400	41
46021	377	315	62
46022	415	374	41
46023	441	410	31
46024	661	572	89
46025	525	491	34
46026	632	578	54
46027	732	647	85
46028	554	475	79
46029	482	415	67
46030	593	534	59
46031	570	518	52
46032	552	484	68
46033	661	580	81
46034	656	598	58
46035	625	566	59
46036	553	456	97
46037	496	451	45
46038	586	529	57
46039	552	462	90
46040	468	419	49
47001	398	323	75
47002	579	480	99
47003	546	439	107
47004	647	516	131
47005	631	548	83
47006	701	593	108
47007	518	438	80
47008	566	477	89
47009	552	446	106
47010	736	661	75
47011	576	469	107
47012	620	530	90
47013	565	493	72
47014	528	451	77
47015	714	659	55
47016	571	478	93
47017	570	484	86
47018	563	480	83
47019	739	683	56
47020	555	492	63
47021	553	493	60
47022	602	524	78
47023	642	606	36
47024	613	528	85
47025	693	587	106
47026	758	692	66
47027	546	460	86
47028	545	469	76
47029	650	550	100
47030	714	645	69
47031	585	517	68
47032	715	651	64
47033	540	451	89
47034	599	536	63
47035	597	472	125
47036	652	587	65
47037	581	506	75
47038	576	489	87
47039	589	519	70
47040	589	515	74
47041	656	588	68
47042	609	549	60
47043	539	428	111
47044	558	455	103
47045	560	487	73
47046	573	442	131
47047	672	545	127
47048	46	38	8
48001	509	482	27
48002	269	235	34
48003	605	541	64
48004	530	490	40
48005	333	288	45
48006	656	591	65
48007	557	515	42
48008	305	249	56
48009	346	268	78
48010	794	737	57
48011	499	442	57
48012	670	609	61
48013	683	577	106
48014	274	221	53
48015	374	329	45
48016	561	519	42
48017	494	434	60
48018	373	336	37
48019	375	342	33
48020	638	585	53
48021	679	591	88
48022	478	390	88
48023	588	484	104
48024	623	482	141
48025	508	449	59
48026	263	234	29
48027	775	713	62
48028	604	460	144
48029	278	234	44
48030	491	452	39
48031	684	604	80
48032	571	518	53
48033	308	255	53
48034	478	433	45
48035	357	288	69
48036	320	269	51
48037	578	531	47
48038	562	501	61
48039	439	378	61
48040	491	442	49
48041	689	632	57
48042	639	594	45
48043	599	526	73
48044	693	648	45
48045	421	378	43
48046	361	313	48
49001	341	322	19
49002	372	346	26
49003	593	558	35
49004	670	611	59
49005	535	498	37
49006	511	471	40
49007	596	518	78
49008	437	397	40
49009	587	543	44
49010	532	486	46
49011	633	579	54
49012	742	694	48
49013	626	561	65
49014	460	410	50
49015	388	360	28
49016	525	465	60
49017	377	318	59
49018	721	674	47
49019	488	457	31
49020	800	746	54
49021	309	270	39
49022	533	476	57
49023	719	666	53
49024	452	419	33
49025	724	659	65
49026	631	548	83
49027	622	571	51
49028	722	682	40
49029	676	621	55
49030	631	559	72
49031	427	386	41
49032	517	487	30
49033	440	411	29
50001	362	229	133
50002	257	162	95
50003	353	236	117
50004	429	332	97
50005	262	141	121
50006	439	347	92
50007	461	389	72
50008	407	361	46
50009	345	274	71
50010	346	245	101
50011	250	96	154
50012	171	124	47
50013	441	392	49
50014	137	84	53
50015	464	398	66
50016	137	91	46
50017	374	284	90
50018	92	48	44
50019	248	212	36
50020	376	304	72
50021	357	295	62
50022	320	213	107
50023	257	187	70
50024	302	146	156
50025	358	205	153
50026	364	285	79
50027	114	74	40
50028	431	351	80
50029	335	296	39
50030	268	231	37
50031	494	448	46
50032	414	377	37
50033	319	161	158
50034	555	399	156
50035	514	455	59
50036	378	302	76
50037	439	365	74
50038	176	127	49
50039	240	161	79
50040	372	156	216
Barrington 1	644	277	367
Barrington 2	604	341	263
Barrington 3	717	248	469
Barrington 4	899	319	580
Barrington 5	710	203	507
Barrington 6	800	402	398
Barrington 7	233	80	153
Barrington 8	936	365	571
Barrington 9	492	232	260
Barrington 10	816	449	367
Barrington 11	469	156	313
Berwyn Ward 1 Precinct 1	370	284	86
Berwyn Ward 1 Precinct 2	397	301	96
Berwyn Ward 1 Precinct 3	623	490	133
Berwyn Ward 1 Precinct 4	383	294	89
Berwyn Ward 1 Precinct 5	385	289	96
Berwyn Ward 2 Precinct 1	292	235	57
Berwyn Ward 2 Precinct 2	382	293	89
Berwyn Ward 2 Precinct 3	539	407	132
Berwyn Ward 2 Precinct 4	665	524	141
Berwyn Ward 3 Precinct 1	443	340	103
Berwyn Ward 3 Precinct 2	357	249	108
Berwyn Ward 3 Precinct 3	355	272	83
Berwyn Ward 3 Precinct 4	451	352	99
Berwyn Ward 3 Precinct 5	626	480	146
Berwyn Ward 4 Precinct 1	290	228	62
Berwyn Ward 4 Precinct 2	467	376	91
Berwyn Ward 4 Precinct 3	526	438	88
Berwyn Ward 4 Precinct 4	300	236	64
Berwyn Ward 5 Precinct 1	667	574	93
Berwyn Ward 5 Precinct 2	418	363	55
Berwyn Ward 5 Precinct 3	363	315	48
Berwyn Ward 6 Precinct 1	244	203	41
Berwyn Ward 6 Precinct 2	317	265	52
Berwyn Ward 6 Precinct 3	425	366	59
Berwyn Ward 6 Precinct 4	510	433	77
Berwyn Ward 7 Precinct 1	378	335	43
Berwyn Ward 7 Precinct 2	407	349	58
Berwyn Ward 7 Precinct 3	482	395	87
Berwyn Ward 7 Precinct 4	566	478	88
Berwyn Ward 8 Precinct 1	712	579	133
Berwyn Ward 8 Precinct 2	426	348	78
Berwyn Ward 8 Precinct 3	282	244	38
Bloom 1	626	456	170
Bloom 2	616	435	181
Bloom 3	369	293	76
Bloom 4	395	347	48
Bloom 5	383	243	140
Bloom 6	190	183	7
Bloom 7	538	370	168
Bloom 8	487	309	178
Bloom 9	410	242	168
Bloom 10	187	180	7
Bloom 11	325	180	145
Bloom 12	496	404	92
Bloom 13	800	692	108
Bloom 14	718	533	185
Bloom 15	387	265	122
Bloom 16	479	385	94
Bloom 17	375	346	29
Bloom 18	460	324	136
Bloom 19	512	413	99
Bloom 20	499	344	155
Bloom 21	122	116	6
Bloom 22	392	318	74
Bloom 23	448	414	34
Bloom 24	809	651	158
Bloom 25	327	269	58
Bloom 26	330	252	78
Bloom 27	451	383	68
Bloom 28	464	309	155
Bloom 29	173	169	4
Bloom 30	619	516	103
Bloom 31	516	330	186
Bloom 32	350	314	36
Bloom 33	434	390	44
Bloom 34	295	262	33
Bloom 35	243	207	36
Bloom 36	625	573	52
Bloom 37	307	289	18
Bloom 38	1117	1027	90
Bloom 39	313	280	33
Bloom 40	332	277	55
Bloom 41	632	577	55
Bloom 42	488	426	62
Bloom 43	484	452	32
Bloom 44	581	387	194
Bloom 45	710	629	81
Bloom 46	341	303	38
Bloom 47	685	495	190
Bloom 48	406	353	53
Bloom 49	527	506	21
Bloom 50	483	379	104
Bloom 51	227	207	20
Bloom 52	330	320	10
Bloom 53	260	187	73
Bloom 54	463	346	117
Bloom 55	380	341	39
Bloom 56	423	270	153
Bloom 57	455	314	141
Bloom 58	364	308	56
Bloom 59	379	312	67
Bloom 60	425	402	23
Bloom 61	424	262	162
Bremen 1	412	396	16
Bremen 2	533	294	239
Bremen 3	417	235	182
Bremen 4	455	286	169
Bremen 5	313	206	107
Bremen 6	347	231	116
Bremen 7	285	263	22
Bremen 8	362	343	19
Bremen 9	393	213	180
Bremen 10	567	295	272
Bremen 11	536	308	228
Bremen 12	363	328	35
Bremen 13	485	313	172
Bremen 14	346	251	95
Bremen 15	330	240	90
Bremen 16	492	228	264
Bremen 17	410	395	15
Bremen 18	621	355	266
Bremen 19	170	164	6
Bremen 20	358	217	141
Bremen 21	536	425	111
Bremen 22	379	199	180
Bremen 23	151	145	6
Bremen 24	418	189	229
Bremen 25	555	337	218
Bremen 26	464	399	65
Bremen 27	499	335	164
Bremen 28	326	193	133
Bremen 29	665	635	30
Bremen 30	476	243	233
Bremen 31	449	418	31
Bremen 32	424	398	26
Bremen 33	422	198	224
Bremen 34	603	292	311
Bremen 35	295	287	8
Bremen 36	334	157	177
Bremen 37	238	212	26
Bremen 38	363	355	8
Bremen 39	288	269	19
Bremen 40	710	645	65
Bremen 41	289	159	130
Bremen 42	596	308	288
Bremen 43	313	251	62
Bremen 44	382	359	23
Bremen 45	218	202	16
Bremen 46	467	209	258
Bremen 47	404	378	26
Bremen 48	377	354	23
Bremen 49	406	392	14
Bremen 50	502	244	258
Bremen 51	599	568	31
Bremen 52	358	218	140
Bremen 53	290	170	120
Bremen 54	382	189	193
Bremen 55	375	308	67
Bremen 56	515	480	35
Bremen 57	505	241	264
Bremen 58	570	302	268
Bremen 59	473	268	205
Bremen 60	381	212	169
Bremen 61	446	233	213
Bremen 62	500	312	188
Bremen 63	608	572	36
Bremen 64	577	332	245
Bremen 65	203	197	6
Bremen 66	384	373	11
Bremen 67	636	303	333
Bremen 68	305	141	164
Bremen 69	504	354	150
Bremen 70	299	278	21
Bremen 71	339	319	20
Bremen 72	322	182	140
Bremen 73	494	311	183
Bremen 74	495	315	180
Bremen 75	585	476	109
Bremen 76	389	204	185
Bremen 77	693	403	290
Bremen 78	424	403	21
Bremen 79	491	238	253
Bremen 80	423	412	11
Calumet 1	417	366	51
Calumet 2	394	334	60
Calumet 3	432	412	20
Calumet 4	386	373	13
Calumet 5	386	361	25
Calumet 6	655	590	65
Calumet 7	510	442	68
Calumet 8	295	261	34
Calumet 9	342	330	12
Calumet 10	468	446	22
Calumet 11	643	624	19
Calumet 12	339	327	12
Cicero 1	480	422	58
Cicero 2	244	220	24
Cicero 3	325	276	49
Cicero 4	350	306	44
Cicero 5	515	404	111
Cicero 6	431	341	90
Cicero 7	286	260	26
Cicero 8	232	208	24
Cicero 9	408	365	43
Cicero 10	494	417	77
Cicero 11	469	362	107
Cicero 12	358	291	67
Cicero 13	408	295	113
Cicero 14	388	318	70
Cicero 15	446	376	70
Cicero 16	321	274	47
Cicero 17	464	389	75
Cicero 18	257	222	35
Cicero 19	579	449	130
Cicero 20	304	247	57
Cicero 21	413	361	52
Cicero 22	334	289	45
Cicero 23	522	444	78
Cicero 24	473	415	58
Cicero 25	383	326	57
Cicero 26	285	236	49
Cicero 27	437	375	62
Cicero 28	401	360	41
Cicero 29	374	318	56
Cicero 30	367	330	37
Cicero 31	306	264	42
Cicero 32	354	308	46
Elk Grove 1	476	316	160
Elk Grove 2	430	303	127
Elk Grove 3	607	353	254
Elk Grove 4	503	324	179
Elk Grove 5	776	459	317
Elk Grove 6	384	237	147
Elk Grove 7	668	380	288
Elk Grove 8	472	230	242
Elk Grove 9	504	276	228
Elk Grove 10	807	413	394
Elk Grove 11	605	326	279
Elk Grove 12	364	158	206
Elk Grove 13	477	294	183
Elk Grove 14	595	330	265
Elk Grove 15	415	215	200
Elk Grove 16	608	327	281
Elk Grove 17	456	297	159
Elk Grove 18	727	416	311
Elk Grove 19	667	338	329
Elk Grove 20	560	305	255
Elk Grove 21	461	273	188
Elk Grove 22	502	322	180
Elk Grove 23	835	465	370
Elk Grove 24	445	238	207
Elk Grove 25	481	252	229
Elk Grove 26	429	222	207
Elk Grove 27	647	316	331
Elk Grove 28	453	289	164
Elk Grove 29	523	240	283
Elk Grove 30	489	248	241
Elk Grove 31	316	197	119
Elk Grove 32	331	208	123
Elk Grove 33	345	169	176
Elk Grove 34	912	525	387
Elk Grove 35	426	268	158
Elk Grove 36	318	231	87
Elk Grove 37	616	336	280
Elk Grove 38	320	249	71
Elk Grove 39	656	430	226
Elk Grove 40	464	293	171
Elk Grove 41	404	195	209
Elk Grove 42	414	305	109
Elk Grove 43	519	297	222
Elk Grove 44	445	224	221
Elk Grove 45	492	237	255
Elk Grove 46	420	174	246
Elk Grove 47	682	362	320
Elk Grove 48	395	205	190
Elk Grove 49	538	347	191
Elk Grove 50	277	180	97
Elk Grove 51	756	371	385
Elk Grove 52	263	178	85
Evanston Ward 1 Precinct 1	471	446	25
Evanston Ward 1 Precinct 2	705	617	88
Evanston Ward 1 Precinct 3	686	591	95
Evanston Ward 1 Precinct 4	988	853	135
Evanston Ward 2 Precinct 1	1215	1075	140
Evanston Ward 2 Precinct 2	475	448	27
Evanston Ward 2 Precinct 3	586	568	18
Evanston Ward 2 Precinct 4	784	756	28
Evanston Ward 2 Precinct 5	557	525	32
Evanston Ward 3 Precinct 1	734	640	94
Evanston Ward 3 Precinct 2	859	752	107
Evanston Ward 3 Precinct 3	778	689	89
Evanston Ward 3 Precinct 4	391	343	48
Evanston Ward 3 Precinct 5	786	690	96
Evanston Ward 3 Precinct 6	658	592	66
Evanston Ward 3 Precinct 7	592	528	64
Evanston Ward 4 Precinct 1	405	369	36
Evanston Ward 4 Precinct 2	632	572	60
Evanston Ward 4 Precinct 3	506	442	64
Evanston Ward 4 Precinct 4	988	890	98
Evanston Ward 4 Precinct 5	377	335	42
Evanston Ward 4 Precinct 6	871	769	102
Evanston Ward 5 Precinct 1	546	520	26
Evanston Ward 5 Precinct 2	893	808	85
Evanston Ward 5 Precinct 3	617	589	28
Evanston Ward 5 Precinct 4	332	320	12
Evanston Ward 6 Precinct 1	1073	882	191
Evanston Ward 6 Precinct 2	539	465	74
Evanston Ward 6 Precinct 3	571	500	71
Evanston Ward 6 Precinct 4	733	636	97
Evanston Ward 6 Precinct 5	898	763	135
Evanston Ward 6 Precinct 6	516	387	129
Evanston Ward 6 Precinct 7	853	740	113
Evanston Ward 7 Precinct 1	1038	910	128
Evanston Ward 7 Precinct 2	1117	972	145
Evanston Ward 7 Precinct 3	404	368	36
Evanston Ward 7 Precinct 4	513	456	57
Evanston Ward 7 Precinct 5	908	751	157
Evanston Ward 7 Precinct 6	46	44	2
Evanston Ward 8 Precinct 1	743	680	63
Evanston Ward 8 Precinct 2	584	537	47
Evanston Ward 8 Precinct 3	488	457	31
Evanston Ward 8 Precinct 4	667	606	61
Evanston Ward 8 Precinct 5	796	715	81
Evanston Ward 9 Precinct 1	531	477	54
Evanston Ward 9 Precinct 2	600	572	28
Evanston Ward 9 Precinct 3	912	829	83
Evanston Ward 9 Precinct 4	784	724	60
Evanston Ward 9 Precinct 5	468	427	41
Evanston Ward 9 Precinct 6	607	545	62
Hanover 1	732	444	288
Hanover 2	548	314	234
Hanover 3	243	177	66
Hanover 4	524	327	197
Hanover 5	518	316	202
Hanover 6	425	271	154
Hanover 7	546	335	211
Hanover 8	467	262	205
Hanover 9	551	293	258
Hanover 10	309	209	100
Hanover 11	481	332	149
Hanover 12	321	216	105
Hanover 13	371	237	134
Hanover 14	679	418	261
Hanover 15	386	263	123
Hanover 16	720	398	322
Hanover 17	392	239	153
Hanover 18	480	323	157
Hanover 19	487	224	263
Hanover 20	767	461	306
Hanover 21	342	162	180
Hanover 22	470	291	179
Hanover 23	551	311	240
Hanover 24	487	361	126
Hanover 25	508	286	222
Hanover 26	747	443	304
Hanover 27	1569	891	678
Hanover 28	693	425	268
Hanover 29	304	225	79
Hanover 30	536	325	211
Hanover 31	470	206	264
Hanover 32	408	278	130
Hanover 33	509	335	174
Hanover 34	614	413	201
Hanover 35	511	352	159
Hanover 36	395	260	135
Hanover 37	716	468	248
Hanover 38	599	332	267
Hanover 39	596	385	211
Hanover 40	617	365	252
Hanover 41	809	483	326
Hanover 42	575	306	269
Hanover 43	592	376	216
Hanover 44	681	362	319
Lemont 1	596	204	392
Lemont 2	447	183	264
Lemont 3	719	283	436
Lemont 4	622	251	371
Lemont 5	592	295	297
Lemont 6	627	277	350
Lemont 7	521	265	256
Lemont 8	699	335	364
Lemont 9	404	129	275
Lemont 10	442	230	212
Lemont 11	827	317	510
Lemont 12	777	301	476
Lemont 13	759	282	477
Lemont 14	609	208	401
Leyden 1	323	229	94
Leyden 2	235	149	86
Leyden 3	578	340	238
Leyden 4	415	284	131
Leyden 5	449	299	150
Leyden 6	586	402	184
Leyden 7	254	168	86
Leyden 8	547	377	170
Leyden 9	676	347	329
Leyden 10	620	400	220
Leyden 11	518	295	223
Leyden 12	537	148	389
Leyden 13	534	374	160
Leyden 14	411	259	152
Leyden 15	546	348	198
Leyden 16	498	340	158
Leyden 17	413	239	174
Leyden 18	282	174	108
Leyden 19	490	292	198
Leyden 20	249	149	100
Leyden 21	298	256	42
Leyden 22	407	194	213
Leyden 23	919	480	439
Leyden 24	457	336	121
Leyden 25	317	170	147
Leyden 26	783	455	328
Leyden 27	115	66	49
Leyden 28	233	164	69
Leyden 29	318	228	90
Leyden 30	552	314	238
Leyden 31	475	312	163
Leyden 32	558	355	203
Leyden 33	475	312	163
Leyden 34	362	249	113
Leyden 35	230	162	68
Leyden 36	444	303	141
Leyden 37	318	190	128
Leyden 38	185	114	71
Leyden 39	340	223	117
Leyden 40	436	298	138
Leyden 41	248	183	65
Leyden 42	468	225	243
Leyden 43	363	242	121
Leyden 44	407	218	189
Leyden 45	360	212	148
Leyden 46	412	274	138
Leyden 47	402	230	172
Leyden 48	491	327	164
Leyden 49	698	426	272
Leyden 50	646	432	214
Lyons 1	65	45	20
Lyons 2	454	298	156
Lyons 3	443	254	189
Lyons 4	820	555	265
Lyons 5	564	369	195
Lyons 6	364	236	128
Lyons 7	497	425	72
Lyons 8	286	186	100
Lyons 9	680	477	203
Lyons 10	473	302	171
Lyons 11	452	286	166
Lyons 12	400	162	238
Lyons 13	201	191	10
Lyons 14	690	403	287
Lyons 15	638	414	224
Lyons 16	1029	685	344
Lyons 17	376	171	205
Lyons 18	487	291	196
Lyons 19	457	269	188
Lyons 20	942	501	441
Lyons 21	939	529	410
Lyons 22	322	234	88
Lyons 23	609	310	299
Lyons 24	480	252	228
Lyons 25	515	281	234
Lyons 26	379	181	198
Lyons 27	550	202	348
Lyons 28	704	350	354
Lyons 29	392	202	190
Lyons 30	86	51	35
Lyons 31	550	288	262
Lyons 32	241	136	105
Lyons 33	187	103	84
Lyons 34	243	144	99
Lyons 35	428	197	231
Lyons 36	562	215	347
Lyons 37	343	196	147
Lyons 38	230	149	81
Lyons 39	595	347	248
Lyons 40	466	270	196
Lyons 41	343	158	185
Lyons 42	542	265	277
Lyons 43	499	276	223
Lyons 44	901	438	463
Lyons 45	754	478	276
Lyons 46	430	205	225
Lyons 47	572	336	236
Lyons 48	468	302	166
Lyons 49	366	191	175
Lyons 50	608	391	217
Lyons 51	369	233	136
Lyons 52	605	342	263
Lyons 53	562	288	274
Lyons 54	305	177	128
Lyons 55	637	288	349
Lyons 56	611	451	160
Lyons 57	499	417	82
Lyons 58	355	214	141
Lyons 59	402	262	140
Lyons 60	678	609	69
Lyons 61	556	290	266
Lyons 62	278	108	170
Lyons 63	777	340	437
Lyons 64	447	281	166
Lyons 65	628	366	262
Lyons 66	327	221	106
Lyons 67	524	351	173
Lyons 68	356	238	118
Lyons 69	758	383	375
Lyons 70	377	361	16
Lyons 71	200	143	57
Lyons 72	722	404	318
Lyons 73	521	300	221
Lyons 74	252	144	108
Lyons 75	322	207	115
Lyons 76	358	204	154
Lyons 77	354	201	153
Lyons 78	370	174	196
Maine 1	355	226	129
Maine 2	404	269	135
Maine 3	234	146	88
Maine 4	553	311	242
Maine 5	571	380	191
Maine 6	773	481	292
Maine 7	373	224	149
Maine 8	586	306	280
Maine 9	824	551	273
Maine 10	419	246	173
Maine 11	364	213	151
Maine 12	383	239	144
Maine 13	526	313	213
Maine 14	671	417	254
Maine 15	308	188	120
Maine 16	384	250	134
Maine 17	528	313	215
Maine 18	461	280	181
Maine 19	352	203	149
Maine 20	309	182	127
Maine 21	727	396	331
Maine 22	699	385	314
Maine 23	443	277	166
Maine 24	751	427	324
Maine 25	620	367	253
Maine 26	500	330	170
Maine 27	392	242	150
Maine 28	241	181	60
Maine 29	829	398	431
Maine 30	1323	722	601
Maine 31	513	301	212
Maine 32	329	176	153
Maine 33	319	251	68
Maine 34	623	409	214
Maine 35	472	339	133
Maine 36	528	246	282
Maine 37	606	263	343
Maine 38	385	214	171
Maine 39	472	244	228
Maine 40	467	276	191
Maine 41	412	236	176
Maine 42	809	437	372
Maine 43	460	201	259
Maine 44	360	206	154
Maine 45	209	157	52
Maine 46	538	277	261
Maine 47	528	339	189
Maine 48	645	394	251
Maine 49	494	310	184
Maine 50	533	288	245
Maine 51	465	281	184
Maine 52	497	308	189
Maine 53	430	280	150
Maine 54	575	315	260
Maine 55	437	227	210
Maine 56	622	357	265
Maine 57	307	220	87
Maine 58	555	265	290
Maine 59	510	268	242
Maine 60	917	442	475
Maine 61	318	184	134
Maine 62	254	167	87
Maine 63	370	232	138
Maine 64	411	192	219
Maine 65	383	171	212
Maine 66	243	102	141
Maine 67	785	356	429
Maine 68	385	231	154
Maine 69	482	266	216
Maine 70	523	365	158
Maine 71	265	166	99
Maine 72	429	221	208
Maine 73	177	97	80
Maine 74	442	258	184
Maine 75	424	219	205
Maine 76	302	171	131
Maine 77	802	477	325
Maine 78	428	306	122
Maine 79	422	304	118
Maine 80	496	278	218
Maine 81	296	168	128
Maine 82	486	291	195
Maine 83	388	179	209
Maine 84	277	151	126
Maine 85	306	158	148
Maine 86	415	302	113
Maine 87	351	196	155
Maine 88	373	147	226
Maine 89	351	209	142
Maine 90	300	146	154
Maine 91	739	442	297
Maine 92	346	214	132
New Trier 1	951	647	304
New Trier 2	987	711	276
New Trier 3	672	484	188
New Trier 4	812	576	236
New Trier 5	534	384	150
New Trier 6	462	314	148
New Trier 7	646	391	255
New Trier 8	547	301	246
New Trier 9	718	365	353
New Trier 10	655	352	303
New Trier 11	802	380	422
New Trier 12	735	372	363
New Trier 13	867	546	321
New Trier 14	772	400	372
New Trier 15	879	525	354
New Trier 16	880	433	447
New Trier 17	628	455	173
New Trier 18	509	291	218
New Trier 19	478	175	303
New Trier 20	881	519	362
New Trier 21	734	520	214
New Trier 22	629	287	342
New Trier 23	670	286	384
New Trier 24	768	581	187
New Trier 25	578	338	240
New Trier 26	500	375	125
New Trier 27	649	478	171
New Trier 28	542	337	205
New Trier 29	607	390	217
New Trier 30	787	461	326
New Trier 31	707	501	206
New Trier 32	610	424	186
New Trier 33	784	585	199
New Trier 34	532	361	171
New Trier 35	415	259	156
New Trier 36	872	587	285
New Trier 37	663	476	187
New Trier 38	682	487	195
New Trier 39	474	299	175
New Trier 40	413	223	190
New Trier 41	544	272	272
Niles 1	593	313	280
Niles 2	631	386	245
Niles 3	939	527	412
Niles 4	462	273	189
Niles 5	344	198	146
Niles 6	540	288	252
Niles 7	834	604	230
Niles 8	291	231	60
Niles 9	411	221	190
Niles 10	595	404	191
Niles 11	321	202	119
Niles 12	383	293	90
Niles 13	639	373	266
Niles 14	716	561	155
Niles 15	596	440	156
Niles 16	738	537	201
Niles 17	693	529	164
Niles 18	364	283	81
Niles 19	610	422	188
Niles 20	510	371	139
Niles 21	834	670	164
Niles 22	505	383	122
Niles 23	580	440	140
Niles 24	636	486	150
Niles 25	334	240	94
Niles 26	630	407	223
Niles 27	475	381	94
Niles 28	667	475	192
Niles 29	379	265	114
Niles 30	438	300	138
Niles 31	616	456	160
Niles 32	290	217	73
Niles 33	685	557	128
Niles 34	529	379	150
Niles 35	653	458	195
Niles 36	367	311	56
Niles 37	578	443	135
Niles 38	907	595	312
Niles 39	653	469	184
Niles 40	292	176	116
Niles 41	635	477	158
Niles 42	521	394	127
Niles 43	720	434	286
Niles 44	652	504	148
Niles 45	446	344	102
Niles 46	664	453	211
Niles 47	347	277	70
Niles 48	490	380	110
Niles 49	808	686	122
Niles 50	664	415	249
Niles 51	321	202	119
Niles 52	450	301	149
Niles 53	818	577	241
Niles 54	363	244	119
Niles 55	390	311	79
Niles 56	740	448	292
Niles 57	651	422	229
Niles 58	591	408	183
Niles 59	863	574	289
Niles 60	737	540	197
Niles 61	713	524	189
Niles 62	351	269	82
Niles 63	695	537	158
Niles 64	739	527	212
Northfield 1	659	419	240
Northfield 2	615	363	252
Northfield 3	467	317	150
Northfield 4	583	311	272
Northfield 5	428	242	186
Northfield 6	652	298	354
Northfield 7	851	496	355
Northfield 8	694	332	362
Northfield 9	469	258	211
Northfield 10	520	319	201
Northfield 11	365	217	148
Northfield 12	1024	540	484
Northfield 13	536	294	242
Northfield 14	531	331	200
Northfield 15	494	327	167
Northfield 16	726	445	281
Northfield 17	538	355	183
Northfield 18	834	547	287
Northfield 19	674	388	286
Northfield 20	654	402	252
Northfield 21	916	535	381
Northfield 22	687	452	235
Northfield 23	511	225	286
Northfield 24	586	335	251
Northfield 25	571	315	256
Northfield 26	549	369	180
Northfield 27	590	402	188
Northfield 28	990	630	360
Northfield 29	524	312	212
Northfield 30	696	414	282
Northfield 31	783	396	387
Northfield 32	879	554	325
Northfield 33	352	199	153
Northfield 34	501	235	266
Northfield 35	647	325	322
Northfield 36	443	265	178
Northfield 37	716	387	329
Northfield 38	510	315	195
Northfield 39	338	187	151
Northfield 40	389	232	157
Northfield 41	563	370	193
Northfield 42	575	310	265
Northfield 43	665	465	200
Northfield 44	476	298	178
Northfield 45	792	460	332
Northfield 46	845	538	307
Northfield 47	793	517	276
Northfield 48	609	326	283
Northfield 49	481	333	148
Northfield 50	772	437	335
Northfield 51	1557	889	668
Northfield 52	601	380	221
Northfield 53	649	435	214
Northfield 54	490	375	115
Northfield 55	588	457	131
Northfield 56	844	462	382
Northfield 57	426	252	174
Northfield 58	356	188	168
Northfield 59	552	362	190
Northfield 60	800	562	238
Northfield 61	483	251	232
Northfield 62	716	414	302
Norwood Park 1	486	296	190
Norwood Park 2	518	302	216
Norwood Park 3	627	352	275
Norwood Park 4	618	314	304
Norwood Park 5	452	237	215
Norwood Park 6	656	304	352
Norwood Park 7	396	191	205
Norwood Park 8	309	140	169
Norwood Park 9	312	170	142
Norwood Park 10	361	157	204
Norwood Park 11	799	438	361
Norwood Park 12	432	256	176
Norwood Park 13	380	177	203
Norwood Park 14	448	263	185
Norwood Park 15	381	211	170
Norwood Park 16	346	177	169
Norwood Park 17	454	263	191
Oak Park 1	522	482	40
Oak Park 2	926	768	158
Oak Park 3	947	817	130
Oak Park 4	815	673	142
Oak Park 5	834	711	123
Oak Park 6	898	779	119
Oak Park 7	578	497	81
Oak Park 8	710	666	44
Oak Park 9	450	408	42
Oak Park 10	690	625	65
Oak Park 11	657	589	68
Oak Park 12	406	353	53
Oak Park 13	694	646	48
Oak Park 14	803	684	119
Oak Park 15	900	821	79
Oak Park 16	1044	902	142
Oak Park 17	1044	900	144
Oak Park 18	681	546	135
Oak Park 19	767	659	108
Oak Park 20	1006	878	128
Oak Park 21	519	486	33
Oak Park 22	535	466	69
Oak Park 23	736	631	105
Oak Park 24	530	450	80
Oak Park 25	694	613	81
Oak Park 26	641	581	60
Oak Park 27	208	175	33
Oak Park 28	931	825	106
Oak Park 29	687	580	107
Oak Park 30	831	749	82
Oak Park 31	1122	987	135
Oak Park 32	477	440	37
Oak Park 33	642	579	63
Oak Park 34	598	526	72
Oak Park 35	890	739	151
Oak Park 36	896	772	124
Oak Park 37	470	421	49
Orland 1	794	437	357
Orland 2	625	295	330
Orland 3	288	186	102
Orland 4	381	175	206
Orland 5	388	194	194
Orland 6	337	204	133
Orland 7	290	162	128
Orland 8	403	231	172
Orland 9	598	332	266
Orland 10	550	301	249
Orland 11	366	197	169
Orland 12	240	128	112
Orland 13	743	441	302
Orland 14	534	295	239
Orland 15	733	322	411
Orland 16	531	224	307
Orland 17	370	222	148
Orland 18	687	343	344
Orland 19	373	181	192
Orland 20	297	131	166
Orland 21	670	316	354
Orland 22	499	269	230
Orland 23	428	220	208
Orland 24	477	230	247
Orland 25	870	440	430
Orland 26	424	237	187
Orland 27	367	202	165
Orland 28	387	172	215
Orland 29	803	378	425
Orland 30	354	174	180
Orland 31	377	198	179
Orland 32	318	152	166
Orland 33	430	207	223
Orland 34	594	266	328
Orland 35	549	249	300
Orland 36	621	366	255
Orland 37	597	301	296
Orland 38	297	173	124
Orland 39	449	225	224
Orland 40	581	275	306
Orland 41	471	239	232
Orland 42	616	316	300
Orland 43	484	287	197
Orland 44	446	218	228
Orland 45	499	227	272
Orland 46	400	211	189
Orland 47	770	371	399
Orland 48	515	267	248
Orland 49	384	183	201
Orland 50	412	236	176
Orland 51	633	293	340
Orland 52	558	246	312
Orland 53	440	219	221
Orland 54	756	333	423
Orland 55	408	208	200
Orland 56	483	156	327
Orland 57	553	236	317
Orland 58	566	290	276
Orland 59	549	270	279
Orland 60	391	184	207
Orland 61	447	212	235
Orland 62	567	293	274
Orland 63	586	281	305
Orland 64	723	303	420
Orland 65	504	200	304
Orland 66	489	237	252
Orland 67	345	195	150
Orland 68	446	217	229
Orland 69	275	192	83
Orland 70	690	359	331
Orland 71	523	203	320
Orland 72	428	241	187
Orland 73	700	372	328
Orland 74	350	194	156
Orland 75	674	268	406
Palatine 1	440	246	194
Palatine 2	794	429	365
Palatine 3	506	176	330
Palatine 4	326	231	95
Palatine 5	730	417	313
Palatine 6	672	402	270
Palatine 7	637	364	273
Palatine 8	658	378	280
Palatine 9	554	243	311
Palatine 10	768	309	459
Palatine 11	503	289	214
Palatine 12	563	222	341
Palatine 13	501	286	215
Palatine 14	554	325	229
Palatine 15	674	386	288
Palatine 16	370	259	111
Palatine 17	579	337	242
Palatine 18	422	246	176
Palatine 19	622	300	322
Palatine 20	483	345	138
Palatine 21	711	388	323
Palatine 22	556	303	253
Palatine 23	462	162	300
Palatine 24	720	392	328
Palatine 25	494	263	231
Palatine 26	756	413	343
Palatine 27	409	257	152
Palatine 28	428	233	195
Palatine 29	745	419	326
Palatine 30	460	266	194
Palatine 31	448	237	211
Palatine 32	584	271	313
Palatine 33	348	227	121
Palatine 34	779	377	402
Palatine 35	526	289	237
Palatine 36	513	280	233
Palatine 37	669	380	289
Palatine 38	578	246	332
Palatine 39	786	420	366
Palatine 40	874	446	428
Palatine 41	766	421	345
Palatine 42	753	432	321
Palatine 43	551	273	278
Palatine 44	766	279	487
Palatine 45	486	236	250
Palatine 46	680	360	320
Palatine 47	606	318	288
Palatine 48	500	243	257
Palatine 49	443	179	264
Palatine 50	854	446	408
Palatine 51	333	177	156
Palatine 52	609	272	337
Palatine 53	453	256	197
Palatine 54	773	434	339
Palatine 55	424	218	206
Palatine 56	657	366	291
Palatine 57	798	474	324
Palatine 58	478	291	187
Palatine 59	762	443	319
Palatine 60	524	381	143
Palatine 61	342	229	113
Palatine 62	452	318	134
Palatine 63	580	312	268
Palatine 64	524	325	199
Palatine 65	506	262	244
Palatine 66	651	446	205
Palatine 67	531	177	354
Palatine 68	510	244	266
Palatine 69	577	323	254
Palos 1	358	132	226
Palos 2	434	169	265
Palos 3	443	203	240
Palos 4	394	229	165
Palos 5	318	175	143
Palos 6	262	152	110
Palos 7	533	320	213
Palos 8	202	88	114
Palos 9	425	188	237
Palos 10	671	260	411
Palos 11	550	245	305
Palos 12	461	275	186
Palos 13	539	214	325
Palos 14	336	181	155
Palos 15	523	227	296
Palos 16	720	309	411
Palos 17	589	348	241
Palos 18	580	340	240
Palos 19	598	342	256
Palos 20	568	306	262
Palos 21	342	189	153
Palos 22	88	46	42
Palos 23	333	198	135
Palos 24	345	137	208
Palos 25	373	327	46
Palos 26	310	163	147
Palos 27	523	314	209
Palos 28	373	322	51
Palos 29	586	241	345
Palos 30	614	315	299
Palos 31	566	285	281
Palos 32	254	143	111
Palos 33	648	287	361
Palos 34	364	192	172
Palos 35	634	341	293
Palos 36	577	308	269
Palos 37	628	262	366
Palos 38	487	259	228
Palos 39	645	298	347
Proviso 1	406	342	64
Proviso 2	383	334	49
Proviso 3	576	472	104
Proviso 4	504	495	9
Proviso 5	495	477	18
Proviso 6	412	246	166
Proviso 7	118	75	43
Proviso 8	341	276	65
Proviso 9	443	422	21
Proviso 10	340	295	45
Proviso 11	350	270	80
Proviso 12	512	359	153
Proviso 13	496	366	130
Proviso 14	296	214	82
Proviso 15	379	324	55
Proviso 16	452	361	91
Proviso 17	322	306	16
Proviso 18	614	586	28
Proviso 19	486	459	27
Proviso 20	428	419	9
Proviso 21	463	312	151
Proviso 22	393	378	15
Proviso 23	243	150	93
Proviso 24	838	517	321
Proviso 25	678	420	258
Proviso 26	702	480	222
Proviso 27	615	443	172
Proviso 28	614	371	243
Proviso 29	733	515	218
Proviso 30	555	470	85
Proviso 31	317	308	9
Proviso 32	665	442	223
Proviso 33	565	536	29
Proviso 34	822	769	53
Proviso 35	686	348	338
Proviso 36	486	465	21
Proviso 37	336	327	9
Proviso 38	451	418	33
Proviso 39	580	509	71
Proviso 40	495	474	21
Proviso 41	419	398	21
Proviso 42	312	303	9
Proviso 43	321	302	19
Proviso 44	348	332	16
Proviso 45	442	429	13
Proviso 46	167	97	70
Proviso 47	269	256	13
Proviso 48	592	546	46
Proviso 49	379	328	51
Proviso 50	748	582	166
Proviso 51	594	432	162
Proviso 52	342	320	22
Proviso 53	497	480	17
Proviso 54	863	559	304
Proviso 55	537	345	192
Proviso 56	373	354	19
Proviso 57	488	340	148
Proviso 58	302	279	23
Proviso 59	456	360	96
Proviso 60	360	288	72
Proviso 61	628	550	78
Proviso 62	669	552	117
Proviso 63	639	414	225
Proviso 64	498	480	18
Proviso 65	427	377	50
Proviso 66	710	573	137
Proviso 67	829	696	133
Proviso 68	389	268	121
Proviso 69	371	364	7
Proviso 70	487	287	200
Proviso 71	867	693	174
Proviso 72	495	411	84
Proviso 73	524	425	99
Proviso 74	595	491	104
Proviso 75	604	418	186
Proviso 76	639	525	114
Proviso 77	342	219	123
Proviso 78	144	103	41
Proviso 79	407	383	24
Proviso 80	300	250	50
Proviso 81	416	338	78
Proviso 82	680	645	35
Proviso 83	581	567	14
Proviso 84	407	211	196
Proviso 85	624	428	196
Proviso 86	475	465	10
Proviso 87	494	317	177
Proviso 88	211	180	31
Proviso 89	440	298	142
Proviso 90	873	621	252
Proviso 91	428	360	68
Proviso 92	700	485	215
Proviso 93	400	289	111
Proviso 94	404	384	20
Proviso 95	400	294	106
Proviso 96	339	204	135
Proviso 97	782	457	325
Proviso 98	500	318	182
Proviso 99	492	461	31
Proviso 100	614	356	258
Proviso 101	497	341	156
Proviso 102	659	445	214
Rich 1	1827	1746	81
Rich 2	566	528	38
Rich 3	810	688	122
Rich 4	458	429	29
Rich 5	703	631	72
Rich 6	788	725	63
Rich 7	525	410	115
Rich 8	884	806	78
Rich 9	721	682	39
Rich 10	440	389	51
Rich 11	550	461	89
Rich 12	648	566	82
Rich 13	316	277	39
Rich 14	455	371	84
Rich 15	896	856	40
Rich 16	419	331	88
Rich 17	475	395	80
Rich 18	597	558	39
Rich 19	373	217	156
Rich 20	868	491	377
Rich 21	667	588	79
Rich 22	527	447	80
Rich 23	777	744	33
Rich 24	626	554	72
Rich 25	826	760	66
Rich 26	626	552	74
Rich 27	622	572	50
Rich 28	450	432	18
Rich 29	611	451	160
Rich 30	782	744	38
Rich 31	510	370	140
Rich 32	735	660	75
Rich 33	493	348	145
Rich 34	546	508	38
Rich 35	437	385	52
Rich 36	1339	1247	92
Rich 37	447	437	10
Rich 38	530	489	41
Rich 39	618	549	69
Rich 40	506	470	36
Rich 41	379	345	34
Rich 42	530	504	26
Rich 43	630	599	31
Rich 44	430	410	20
Rich 45	753	663	90
Rich 46	813	794	19
Rich 47	837	794	43
Rich 48	607	593	14
Rich 49	529	453	76
Rich 50	277	149	128
Rich 51	517	489	28
River Forest 1	930	613	317
River Forest 2	592	366	226
River Forest 3	639	486	153
River Forest 4	745	540	205
River Forest 5	494	364	130
River Forest 6	470	329	141
River Forest 7	655	485	170
River Forest 8	839	633	206
Riverside 1	689	427	262
Riverside 2	60	40	20
Riverside 3	408	280	128
Riverside 4	807	512	295
Riverside 5	403	293	110
Riverside 6	502	337	165
Riverside 7	420	266	154
Riverside 8	726	483	243
Riverside 9	511	313	198
Riverside 10	714	415	299
Riverside 11	787	503	284
Riverside 12	404	264	140
Riverside 13	616	399	217
Schaumburg 1	881	621	260
Schaumburg 2	774	529	245
Schaumburg 3	540	306	234
Schaumburg 4	319	244	75
Schaumburg 5	342	169	173
Schaumburg 6	441	281	160
Schaumburg 7	359	261	98
Schaumburg 8	434	277	157
Schaumburg 9	455	320	135
Schaumburg 10	348	224	124
Schaumburg 11	493	251	242
Schaumburg 12	531	337	194
Schaumburg 13	388	219	169
Schaumburg 14	623	334	289
Schaumburg 15	532	301	231
Schaumburg 16	617	395	222
Schaumburg 17	559	291	268
Schaumburg 18	448	329	119
Schaumburg 19	396	247	149
Schaumburg 20	417	227	190
Schaumburg 21	712	397	315
Schaumburg 22	577	427	150
Schaumburg 23	558	345	213
Schaumburg 24	631	355	276
Schaumburg 25	529	329	200
Schaumburg 26	584	367	217
Schaumburg 27	458	284	174
Schaumburg 28	641	406	235
Schaumburg 29	621	367	254
Schaumburg 30	490	280	210
Schaumburg 31	695	428	267
Schaumburg 32	692	423	269
Schaumburg 33	449	255	194
Schaumburg 34	576	445	131
Schaumburg 35	376	248	128
Schaumburg 36	371	209	162
Schaumburg 37	377	230	147
Schaumburg 38	497	319	178
Schaumburg 39	783	438	345
Schaumburg 40	491	276	215
Schaumburg 41	471	262	209
Schaumburg 42	566	402	164
Schaumburg 43	444	333	111
Schaumburg 44	592	465	127
Schaumburg 45	547	358	189
Schaumburg 46	381	235	146
Schaumburg 47	509	275	234
Schaumburg 48	428	252	176
Schaumburg 49	371	246	125
Schaumburg 50	422	197	225
Schaumburg 51	417	307	110
Schaumburg 52	729	388	341
Schaumburg 53	522	287	235
Schaumburg 54	635	337	298
Schaumburg 55	464	220	244
Schaumburg 56	596	324	272
Schaumburg 57	705	346	359
Schaumburg 58	333	198	135
Schaumburg 59	707	362	345
Schaumburg 60	379	270	109
Schaumburg 61	777	473	304
Schaumburg 62	597	427	170
Schaumburg 63	485	250	235
Schaumburg 64	493	258	235
Schaumburg 65	390	242	148
Schaumburg 66	469	255	214
Schaumburg 67	506	297	209
Schaumburg 68	485	278	207
Schaumburg 69	451	248	203
Schaumburg 70	464	207	257
Schaumburg 71	484	317	167
Schaumburg 72	449	270	179
Schaumburg 73	609	342	267
Schaumburg 74	419	222	197
Schaumburg 75	479	236	243
Schaumburg 76	516	273	243
Schaumburg 77	672	443	229
Schaumburg 78	414	302	112
Stickney 1	252	142	110
Stickney 2	348	257	91
Stickney 3	681	453	228
Stickney 4	528	350	178
Stickney 5	588	379	209
Stickney 6	649	410	239
Stickney 7	269	183	86
Stickney 8	434	273	161
Stickney 9	445	294	151
Stickney 10	544	375	169
Stickney 11	503	320	183
Stickney 12	481	309	172
Stickney 13	390	258	132
Stickney 14	579	360	219
Stickney 15	529	360	169
Stickney 16	582	383	199
Stickney 17	329	208	121
Stickney 18	246	157	89
Stickney 19	409	264	145
Stickney 20	388	277	111
Thornton 1	279	266	13
Thornton 2	218	203	15
Thornton 3	430	392	38
Thornton 4	549	532	17
Thornton 5	344	303	41
Thornton 6	583	558	25
Thornton 7	441	425	16
Thornton 8	447	434	13
Thornton 9	265	247	18
Thornton 10	431	387	44
Thornton 11	245	223	22
Thornton 12	369	335	34
Thornton 13	433	325	108
Thornton 14	497	393	104
Thornton 15	430	404	26
Thornton 16	468	327	141
Thornton 17	540	428	112
Thornton 18	693	455	238
Thornton 19	582	445	137
Thornton 20	346	206	140
Thornton 21	679	590	89
Thornton 22	430	410	20
Thornton 23	427	374	53
Thornton 24	574	439	135
Thornton 25	518	357	161
Thornton 26	460	363	97
Thornton 27	597	554	43
Thornton 28	347	314	33
Thornton 29	262	258	4
Thornton 30	256	247	9
Thornton 31	132	117	15
Thornton 32	329	315	14
Thornton 33	425	406	19
Thornton 34	666	636	30
Thornton 35	664	623	41
Thornton 36	215	206	9
Thornton 37	560	402	158
Thornton 38	654	596	58
Thornton 39	351	336	15
Thornton 40	325	312	13
Thornton 41	321	290	31
Thornton 42	302	294	8
Thornton 43	430	290	140
Thornton 44	310	297	13
Thornton 45	402	393	9
Thornton 46	499	477	22
Thornton 47	370	275	95
Thornton 48	417	409	8
Thornton 49	224	215	9
Thornton 50	365	305	60
Thornton 51	412	264	148
Thornton 52	445	434	11
Thornton 53	310	300	10
Thornton 54	713	646	67
Thornton 55	323	303	20
Thornton 56	437	357	80
Thornton 57	375	227	148
Thornton 58	525	446	79
Thornton 59	327	306	21
Thornton 60	282	264	18
Thornton 61	303	269	34
Thornton 62	167	114	53
Thornton 63	241	199	42
Thornton 64	422	410	12
Thornton 65	598	421	177
Thornton 66	729	660	69
Thornton 67	652	459	193
Thornton 68	503	356	147
Thornton 69	317	311	6
Thornton 70	229	212	17
Thornton 71	254	241	13
Thornton 72	440	425	15
Thornton 73	669	607	62
Thornton 74	473	456	17
Thornton 75	439	423	16
Thornton 76	497	459	38
Thornton 77	680	646	34
Thornton 78	500	473	27
Thornton 79	592	512	80
Thornton 80	429	393	36
Thornton 81	426	400	26
Thornton 82	414	237	177
Thornton 83	597	573	24
Thornton 84	616	598	18
Thornton 85	406	390	16
Thornton 86	400	379	21
Thornton 87	634	616	18
Thornton 88	452	429	23
Thornton 89	635	599	36
Thornton 90	509	459	50
Thornton 91	470	423	47
Thornton 92	523	454	69
Thornton 93	311	302	9
Thornton 94	544	506	38
Thornton 95	336	325	11
Thornton 96	348	328	20
Thornton 97	209	159	50
Thornton 98	155	147	8
Thornton 99	387	351	36
Thornton 100	267	255	12
Thornton 101	386	373	13
Thornton 102	240	225	15
Thornton 103	259	248	11
Thornton 104	169	162	7
Thornton 105	396	386	10
Thornton 106	309	297	12
Thornton 107	642	608	34
Thornton 108	254	235	19
Thornton 109	314	302	12
Thornton 110	282	269	13
Thornton 111	322	304	18
Thornton 112	241	219	22
Thornton 113	221	211	10
Thornton 114	482	359	123
Thornton 115	452	434	18
Thornton 116	494	450	44
Thornton 117	562	429	133
Thornton 118	481	380	101
Thornton 119	423	409	14
Thornton 120	746	699	47
Thornton 121	355	338	17
Thornton 122	637	551	86
Thornton 123	322	294	28
Wheeling 1	520	307	213
Wheeling 2	435	223	212
Wheeling 3	593	341	252
Wheeling 4	405	225	180
Wheeling 5	549	333	216
Wheeling 6	373	228	145
Wheeling 7	826	497	329
Wheeling 8	422	227	195
Wheeling 9	412	268	144
Wheeling 10	736	401	335
Wheeling 11	735	383	352
Wheeling 12	817	387	430
Wheeling 13	523	242	281
Wheeling 14	472	248	224
Wheeling 15	536	301	235
Wheeling 16	212	142	70
Wheeling 17	501	324	177
Wheeling 18	522	282	240
Wheeling 19	761	443	318
Wheeling 20	647	366	281
Wheeling 21	435	193	242
Wheeling 22	651	375	276
Wheeling 23	571	258	313
Wheeling 24	497	196	301
Wheeling 25	699	463	236
Wheeling 26	832	477	355
Wheeling 27	861	500	361
Wheeling 28	816	396	420
Wheeling 29	338	202	136
Wheeling 30	805	393	412
Wheeling 31	415	236	179
Wheeling 32	406	195	211
Wheeling 33	301	200	101
Wheeling 34	742	386	356
Wheeling 35	536	288	248
Wheeling 36	885	495	390
Wheeling 37	601	408	193
Wheeling 38	644	397	247
Wheeling 39	619	369	250
Wheeling 40	599	323	276
Wheeling 41	976	496	480
Wheeling 42	761	408	353
Wheeling 43	537	337	200
Wheeling 44	698	348	350
Wheeling 45	469	284	185
Wheeling 46	920	471	449
Wheeling 47	458	275	183
Wheeling 48	495	280	215
Wheeling 49	633	442	191
Wheeling 50	432	311	121
Wheeling 51	688	359	329
Wheeling 52	499	291	208
Wheeling 53	671	307	364
Wheeling 54	708	315	393
Wheeling 55	576	349	227
Wheeling 56	506	298	208
Wheeling 57	676	342	334
Wheeling 58	473	239	234
Wheeling 59	608	365	243
Wheeling 60	425	291	134
Wheeling 61	710	317	393
Wheeling 62	655	369	286
Wheeling 63	431	279	152
Wheeling 64	808	518	290
Wheeling 65	762	370	392
Wheeling 66	719	405	314
Wheeling 67	367	260	107
Wheeling 68	363	180	183
Wheeling 69	559	321	238
Wheeling 70	787	485	302
Wheeling 71	910	492	418
Wheeling 72	564	332	232
Wheeling 73	549	336	213
Wheeling 74	416	241	175
Wheeling 75	588	331	257
Wheeling 76	646	427	219
Wheeling 77	211	147	64
Wheeling 78	881	506	375
Wheeling 79	519	324	195
Wheeling 80	420	291	129
Wheeling 81	467	266	201
Wheeling 82	769	452	317
Wheeling 83	904	456	448
Wheeling 84	708	455	253
Wheeling 85	462	244	218
Wheeling 86	687	365	322
Wheeling 87	555	309	246
Wheeling 88	646	416	230
Wheeling 89	352	211	141
Wheeling 90	569	315	254
Wheeling 91	719	421	298
Wheeling 92	900	478	422
Worth 1	273	167	106
Worth 2	586	347	239
Worth 3	553	313	240
Worth 4	701	548	153
Worth 5	556	311	245
Worth 6	523	297	226
Worth 7	518	222	296
Worth 8	562	431	131
Worth 9	564	371	193
Worth 10	649	460	189
Worth 11	533	331	202
Worth 12	319	197	122
Worth 13	584	396	188
Worth 14	473	367	106
Worth 15	688	469	219
Worth 16	661	365	296
Worth 17	551	433	118
Worth 18	436	158	278
Worth 19	518	352	166
Worth 20	359	275	84
Worth 21	708	464	244
Worth 22	420	252	168
Worth 23	563	278	285
Worth 24	254	214	40
Worth 25	607	367	240
Worth 26	395	260	135
Worth 27	427	233	194
Worth 28	351	244	107
Worth 29	437	368	69
Worth 30	551	336	215
Worth 31	657	488	169
Worth 32	354	215	139
Worth 33	471	297	174
Worth 34	481	360	121
Worth 35	569	313	256
Worth 36	562	384	178
Worth 37	399	341	58
Worth 38	605	463	142
Worth 39	495	306	189
Worth 40	548	380	168
Worth 41	292	189	103
Worth 42	434	260	174
Worth 43	303	292	11
Worth 44	342	196	146
Worth 45	432	269	163
Worth 46	652	375	277
Worth 47	279	180	99
Worth 48	391	235	156
Worth 49	328	201	127
Worth 50	594	321	273
Worth 51	359	191	168
Worth 52	334	191	143
Worth 53	518	319	199
Worth 54	551	378	173
Worth 55	268	176	92
Worth 56	525	267	258
Worth 57	578	384	194
Worth 58	558	357	201
Worth 59	677	580	97
Worth 60	305	168	137
Worth 61	434	248	186
Worth 62	301	165	136
Worth 63	495	338	157
Worth 64	740	350	390
Worth 65	799	332	467
Worth 66	383	202	181
Worth 67	313	154	159
Worth 68	422	348	74
Worth 69	619	457	162
Worth 70	609	363	246
Worth 71	415	224	191
Worth 72	569	379	190
Worth 73	319	224	95
Worth 74	265	158	107
Worth 75	596	377	219
Worth 76	243	158	85
Worth 77	520	324	196
Worth 78	629	391	238
Worth 79	346	175	171
Worth 80	592	471	121
Worth 81	390	186	204
Worth 82	492	286	206
Worth 83	227	174	53
Worth 84	521	314	207
Worth 85	518	321	197
Worth 86	481	278	203
Worth 87	457	261	196
Worth 88	306	206	100
Worth 89	706	318	388
Worth 90	548	368	180
Worth 91	296	180	116
Worth 92	535	319	216
Worth 93	294	185	109
Worth 94	553	338	215
Worth 95	577	269	308
Worth 96	634	479	155
Worth 97	426	355	71
Worth 98	580	343	237
Worth 99	313	179	134
Worth 100	528	317	211
