Precinct	total_votes	votes|Peter Gariepy	votes|Maria Pappas
01001	206	42	164
01002	164	36	128
01003	233	61	172
01004	226	50	176
01005	190	46	144
01006	178	50	128
01007	146	41	105
01008	171	37	134
01009	186	43	143
01010	189	41	148
01011	219	61	158
01012	248	62	186
01013	108	30	78
01014	215	54	161
01015	194	45	149
01016	226	57	169
01017	187	39	148
01018	225	50	175
01019	228	56	172
01020	168	41	127
01021	197	38	159
01022	147	31	116
01023	304	61	243
01024	186	45	141
01025	182	31	151
01026	128	20	108
01027	206	61	145
01028	78	18	60
01029	224	64	160
01030	248	44	204
01031	224	60	164
01032	191	51	140
01033	243	64	179
01034	186	34	152
01035	234	65	169
01036	191	41	150
01037	209	38	171
01038	194	53	141
01039	174	50	124
01040	222	56	166
01041	145	28	117
01042	58	16	42
01043	127	31	96
01044	196	57	139
02001	197	43	154
02002	191	34	157
02003	236	56	180
02004	163	47	116
02005	220	61	159
02006	163	38	125
02007	181	46	135
02008	207	46	161
02009	136	32	104
02010	207	16	191
02011	234	26	208
02012	224	36	188
02013	206	27	179
02014	231	51	180
02015	207	58	149
02016	180	41	139
02017	267	59	208
02018	195	32	163
02019	163	27	136
02020	153	29	124
02021	227	50	177
02022	195	23	172
02023	164	23	141
02024	196	32	164
02025	207	33	174
02026	143	28	115
02027	176	28	148
02028	199	26	173
02029	201	34	167
02030	176	21	155
02031	269	29	240
02032	149	24	125
02033	334	46	288
02034	236	25	211
02035	180	34	146
02036	175	34	141
02037	201	29	172
02038	176	28	148
02039	132	28	104
02040	202	43	159
02041	135	23	112
02042	157	28	129
02043	205	29	176
02044	120	14	106
02045	215	39	176
02046	109	17	92
03001	320	81	239
03002	396	70	326
03003	223	50	173
03004	280	46	234
03005	142	43	99
03006	252	43	209
03007	225	53	172
03008	183	40	143
03009	251	51	200
03010	128	29	99
03011	237	44	193
03012	320	52	268
03013	305	65	240
03014	218	50	168
03015	227	47	180
03016	209	45	164
03017	243	56	187
03018	306	64	242
03019	251	37	214
03020	260	55	205
03021	307	53	254
03022	253	44	209
03023	202	39	163
03024	230	47	183
03025	363	59	304
03026	338	55	283
03027	254	51	203
03028	192	50	142
03029	235	61	174
03030	237	44	193
03031	283	53	230
03032	252	51	201
03033	218	69	149
03034	289	73	216
03035	86	16	70
03036	137	30	107
03037	198	38	160
03038	280	56	224
03039	297	58	239
03040	267	66	201
03041	237	55	182
04001	359	70	289
04002	295	47	248
04003	224	37	187
04004	349	58	291
04005	289	41	248
04006	359	47	312
04007	393	55	338
04008	331	31	300
04009	394	44	350
04010	343	42	301
04011	245	35	210
04012	292	39	253
04013	175	39	136
04014	303	38	265
04015	330	37	293
04016	308	58	250
04017	293	65	228
04018	295	53	242
04019	179	32	147
04020	252	38	214
04021	247	54	193
04022	272	27	245
04023	387	55	332
04024	262	31	231
04025	256	38	218
04026	265	36	229
04027	323	50	273
04028	236	29	207
04029	236	30	206
04030	320	61	259
04031	376	36	340
04032	293	46	247
04033	285	44	241
04034	263	48	215
04035	341	41	300
04036	326	45	281
04037	344	64	280
04038	321	34	287
05001	198	34	164
05002	159	14	145
05003	243	36	207
05004	308	54	254
05005	227	33	194
05006	216	35	181
05007	271	32	239
05008	284	40	244
05009	308	38	270
05010	191	21	170
05011	308	54	254
05012	166	21	145
05013	199	32	167
05014	261	25	236
05015	239	55	184
05016	206	33	173
05017	209	41	168
05018	246	51	195
05019	279	30	249
05020	310	46	264
05021	245	37	208
05022	345	44	301
05023	437	72	365
05024	283	52	231
05025	277	37	240
05026	273	36	237
05027	215	39	176
05028	294	35	259
05029	266	28	238
05030	181	28	153
05031	190	21	169
05032	334	46	288
05033	286	43	243
05034	279	38	241
05035	294	44	250
05036	139	22	117
05037	316	40	276
05038	227	41	186
05039	242	35	207
05040	193	27	166
05041	197	29	168
06001	267	22	245
06002	234	25	209
06003	274	44	230
06004	137	36	101
06005	118	25	93
06006	241	37	204
06007	213	24	189
06008	215	33	182
06009	169	25	144
06010	121	13	108
06011	179	27	152
06012	135	25	110
06013	159	19	140
06014	218	20	198
06015	132	21	111
06016	264	33	231
06017	137	18	119
06018	123	23	100
06019	185	39	146
06020	107	23	84
06021	103	16	87
06022	119	15	104
06023	85	18	67
06024	111	19	92
06025	112	19	93
06026	132	23	109
06027	99	18	81
06028	93	19	74
06029	273	25	248
06030	154	21	133
06031	282	45	237
06032	223	24	199
06033	215	25	190
06034	238	29	209
06035	217	25	192
06036	283	27	256
06037	278	29	249
06038	250	30	220
06039	165	11	154
06040	193	30	163
06041	229	26	203
06042	185	21	164
06043	187	21	166
06044	182	16	166
06045	218	30	188
06046	140	14	126
06047	159	29	130
06048	212	30	182
07001	188	21	167
07002	169	29	140
07003	258	30	228
07004	229	32	197
07005	175	26	149
07006	253	36	217
07007	177	26	151
07008	162	31	131
07009	356	31	325
07010	237	25	212
07011	169	29	140
07012	171	26	145
07013	150	31	119
07014	204	41	163
07015	224	31	193
07016	164	28	136
07017	149	24	125
07018	159	35	124
07019	219	42	177
07020	140	21	119
07021	162	13	149
07022	169	36	133
07023	257	38	219
07024	170	29	141
07025	131	29	102
07026	181	16	165
07027	187	18	169
07028	136	27	109
07029	170	25	145
07030	140	21	119
07031	110	17	93
07032	353	46	307
07033	340	32	308
07034	270	28	242
07035	215	21	194
07036	278	37	241
07037	232	22	210
07038	176	15	161
07039	196	19	177
07040	184	19	165
07041	190	21	169
07042	205	25	180
07043	206	24	182
07044	150	19	131
07045	161	24	137
07046	115	16	99
08001	174	26	148
08002	184	30	154
08003	297	32	265
08004	272	20	252
08005	286	27	259
08006	242	24	218
08007	301	34	267
08008	272	23	249
08009	171	23	148
08010	349	42	307
08011	204	33	171
08012	185	27	158
08013	238	36	202
08014	125	25	100
08015	199	40	159
08016	58	9	49
08017	220	25	195
08018	154	34	120
08019	286	40	246
08020	272	29	243
08021	282	48	234
08022	221	28	193
08023	183	31	152
08024	164	18	146
08025	201	35	166
08026	204	19	185
08027	267	29	238
08028	242	36	206
08029	277	46	231
08030	229	24	205
08031	175	14	161
08032	164	19	145
08033	215	29	186
08034	232	30	202
08035	256	35	221
08036	245	35	210
08037	225	24	201
08038	139	25	114
08039	225	25	200
08040	182	15	167
08041	222	34	188
08042	274	41	233
08043	98	14	84
08044	141	20	121
08045	170	24	146
08046	169	22	147
08047	183	25	158
08048	191	30	161
08049	219	22	197
08050	256	21	235
08051	266	28	238
08052	326	23	303
08053	131	16	115
08054	141	15	126
08055	202	27	175
08056	258	28	230
09001	213	21	192
09002	184	34	150
09003	119	27	92
09004	152	22	130
09005	224	32	192
09006	185	32	153
09007	156	27	129
09008	181	25	156
09009	242	19	223
09010	159	26	133
09011	149	25	124
09012	259	27	232
09013	261	25	236
09014	279	30	249
09015	110	25	85
09016	187	22	165
09017	140	23	117
09018	141	25	116
09019	191	26	165
09020	233	31	202
09021	183	25	158
09022	231	22	209
09023	268	32	236
09024	218	26	192
09025	206	29	177
09026	152	34	118
09027	186	21	165
09028	118	22	96
09029	166	27	139
09030	152	16	136
09031	140	24	116
09032	204	27	177
09033	144	17	127
09034	145	20	125
09035	218	28	190
09036	177	27	150
09037	299	41	258
09038	187	18	169
09039	224	29	195
09040	260	36	224
09041	157	17	140
09042	235	20	215
09043	164	25	139
09044	193	29	164
09045	147	25	122
09046	217	37	180
09047	264	38	226
09048	230	22	208
09049	225	22	203
09050	341	38	303
09051	226	20	206
10001	163	28	135
10002	165	35	130
10003	142	21	121
10004	129	21	108
10005	117	21	96
10006	122	15	107
10007	96	16	80
10008	82	14	68
10009	132	26	106
10010	158	26	132
10011	161	28	133
10012	98	6	92
10013	154	30	124
10014	182	29	153
10015	410	52	358
10016	112	14	98
10017	209	33	176
10018	90	24	66
10019	137	25	112
10020	152	22	130
10021	119	19	100
10022	87	12	75
10023	125	15	110
10024	134	23	111
10025	55	8	47
10026	103	12	91
10027	154	28	126
10028	156	30	126
10029	122	22	100
10030	133	17	116
10031	101	12	89
10032	134	17	117
10033	112	12	100
10034	89	12	77
10035	173	26	147
10036	45	6	39
11001	222	44	178
11002	14	3	11
11003	179	42	137
11004	210	41	169
11005	263	54	209
11006	252	56	196
11007	167	40	127
11008	195	42	153
11009	178	38	140
11010	199	32	167
11011	214	45	169
11012	328	52	276
11013	288	42	246
11014	87	23	64
11015	99	8	91
11016	158	27	131
11017	273	54	219
11018	198	28	170
11019	268	50	218
11020	161	24	137
11021	345	52	293
11022	246	52	194
11023	166	15	151
11024	341	45	296
11025	247	60	187
11026	293	56	237
11027	76	17	59
11028	92	12	80
11029	317	38	279
11030	100	25	75
11031	243	48	195
11032	135	16	119
11033	201	40	161
11034	79	22	57
11035	61	15	46
11036	81	21	60
11037	49	10	39
11038	102	27	75
12001	212	40	172
12002	157	27	130
12003	270	51	219
12004	233	44	189
12005	196	44	152
12006	177	33	144
12007	153	28	125
12008	208	37	171
12009	175	30	145
12010	198	39	159
12011	173	34	139
12012	173	38	135
12013	204	28	176
12014	161	21	140
12015	165	33	132
12016	132	20	112
12017	182	22	160
12018	109	21	88
12019	174	42	132
12020	203	27	176
12021	183	40	143
12022	141	21	120
12023	207	43	164
13001	197	37	160
13002	207	28	179
13003	158	20	138
13004	204	34	170
13005	228	31	197
13006	225	28	197
13007	143	21	122
13008	158	26	132
13009	172	29	143
13010	195	38	157
13011	229	38	191
13012	163	22	141
13013	222	27	195
13014	163	27	136
13015	306	35	271
13016	124	18	106
13017	185	23	162
13018	165	22	143
13019	164	20	144
13020	125	18	107
13021	213	38	175
13022	228	38	190
13023	145	22	123
13024	201	25	176
13025	179	24	155
13026	175	30	145
13027	209	34	175
13028	164	32	132
13029	148	25	123
13030	168	14	154
13031	234	35	199
13032	180	24	156
13033	225	39	186
13034	298	29	269
13035	211	35	176
13036	118	25	93
13037	258	35	223
13038	190	31	159
13039	201	30	171
13040	213	29	184
13041	200	23	177
13042	227	38	189
13043	228	35	193
13044	243	14	229
13045	263	42	221
13046	226	34	192
13047	195	28	167
13048	217	31	186
14001	267	49	218
14002	256	31	225
14003	155	23	132
14004	247	42	205
14005	242	40	202
14006	96	14	82
14007	189	23	166
14008	190	21	169
14009	270	45	225
14010	125	25	100
14011	125	19	106
14012	223	28	195
14013	182	38	144
14014	207	31	176
14015	190	23	167
14016	144	22	122
14017	166	18	148
14018	91	20	71
14019	195	27	168
14020	122	24	98
14021	192	36	156
14022	253	34	219
14023	168	34	134
14024	300	54	246
14025	115	20	95
14026	141	29	112
14027	187	17	170
14028	132	25	107
14029	180	20	160
14030	110	12	98
14031	103	22	81
15001	168	26	142
15002	107	22	85
15003	120	17	103
15004	164	26	138
15005	149	20	129
15006	150	30	120
15007	109	19	90
15008	155	32	123
15009	207	31	176
15010	209	35	174
15011	172	31	141
15012	185	29	156
15013	152	26	126
15014	137	17	120
15015	126	18	108
15016	178	27	151
15017	145	27	118
15018	93	15	78
15019	167	28	139
15020	111	21	90
15021	126	27	99
15022	109	17	92
15023	134	22	112
15024	107	22	85
16001	178	17	161
16002	150	26	124
16003	114	25	89
16004	119	20	99
16005	104	19	85
16006	138	20	118
16007	125	16	109
16008	89	13	76
16009	156	28	128
16010	114	20	94
16011	111	23	88
16012	102	18	84
16013	112	19	93
16014	108	24	84
16015	162	28	134
16016	143	24	119
16017	131	24	107
16018	136	22	114
16019	115	21	94
16020	120	20	100
16021	109	23	86
16022	110	19	91
16023	126	14	112
16024	77	14	63
16025	170	37	133
16026	127	19	108
16027	116	23	93
16028	145	23	122
16029	119	13	106
16030	108	16	92
16031	159	24	135
16032	142	23	119
16033	126	15	111
16034	120	28	92
16035	165	25	140
16036	113	22	91
17001	152	24	128
17002	160	24	136
17003	169	27	142
17004	242	38	204
17005	150	26	124
17006	143	22	121
17007	116	19	97
17008	129	24	105
17009	148	19	129
17010	242	44	198
17011	134	26	108
17012	198	48	150
17013	164	30	134
17014	176	25	151
17015	188	32	156
17016	140	21	119
17017	162	24	138
17018	220	25	195
17019	105	13	92
17020	270	25	245
17021	281	34	247
17022	166	29	137
17023	125	24	101
17024	213	37	176
17025	124	18	106
17026	197	26	171
17027	187	23	164
17028	140	18	122
17029	168	27	141
17030	113	14	99
17031	101	18	83
17032	132	23	109
17033	103	25	78
17034	128	24	104
17035	122	17	105
17036	177	34	143
17037	160	23	137
17038	163	24	139
17039	181	22	159
17040	225	24	201
17041	253	31	222
18001	145	23	122
18002	143	17	126
18003	143	23	120
18004	258	43	215
18005	130	15	115
18006	164	29	135
18007	175	24	151
18008	213	25	188
18009	248	39	209
18010	302	33	269
18011	165	21	144
18012	194	21	173
18013	227	35	192
18014	215	26	189
18015	219	32	187
18016	191	29	162
18017	188	37	151
18018	215	35	180
18019	232	42	190
18020	174	20	154
18021	259	30	229
18022	277	44	233
18023	160	24	136
18024	157	32	125
18025	175	24	151
18026	276	27	249
18027	151	21	130
18028	159	20	139
18029	207	27	180
18030	174	36	138
18031	207	37	170
18032	240	35	205
18033	162	29	133
18034	274	35	239
18035	280	31	249
18036	204	23	181
18037	240	25	215
18038	198	31	167
18039	150	23	127
18040	229	46	183
18041	265	23	242
18042	147	21	126
18043	130	23	107
18044	163	20	143
18045	144	24	120
18046	212	42	170
18047	139	24	115
18048	161	37	124
18049	124	18	106
18050	134	24	110
19001	240	26	214
19002	383	45	338
19003	147	29	118
19004	250	44	206
19005	329	38	291
19006	232	34	198
19007	239	39	200
19008	212	32	180
19009	195	34	161
19010	373	54	319
19011	195	34	161
19012	178	26	152
19013	348	37	311
19014	286	35	251
19015	244	35	209
19016	247	36	211
19017	210	50	160
19018	258	27	231
19019	344	38	306
19020	258	39	219
19021	178	30	148
19022	288	41	247
19023	260	37	223
19024	182	28	154
19025	265	51	214
19026	285	37	248
19027	275	42	233
19028	306	37	269
19029	186	38	148
19030	188	38	150
19031	247	41	206
19032	216	31	185
19033	200	34	166
19034	252	34	218
19035	281	40	241
19036	325	51	274
19037	283	37	246
19038	246	32	214
19039	68	4	64
19040	269	42	227
19041	196	39	157
19042	207	33	174
19043	354	45	309
19044	220	39	181
19045	257	43	214
19046	276	41	235
19047	410	52	358
19048	289	39	250
19049	362	43	319
19050	189	37	152
19051	311	41	270
19052	216	39	177
19053	245	32	213
19054	150	20	130
19055	180	37	143
19056	303	27	276
19057	248	33	215
20001	217	30	187
20002	72	16	56
20003	159	38	121
20004	76	19	57
20005	213	39	174
20006	72	14	58
20007	159	32	127
20008	200	22	178
20009	267	49	218
20010	143	22	121
20011	220	43	177
20012	114	25	89
20013	205	42	163
20014	113	25	88
20015	129	23	106
20016	212	41	171
20017	96	21	75
20018	133	33	100
20019	147	28	119
20020	114	25	89
20021	112	21	91
20022	246	38	208
20023	187	32	155
20024	183	38	145
20025	132	20	112
20026	227	52	175
20027	99	25	74
20028	126	24	102
20029	260	64	196
20030	96	19	77
20031	202	43	159
20032	157	35	122
20033	150	31	119
20034	229	43	186
20035	78	28	50
20036	55	14	41
20037	66	13	53
20038	61	15	46
20039	19	8	11
21001	246	32	214
21002	153	26	127
21003	238	25	213
21004	200	28	172
21005	256	40	216
21006	162	22	140
21007	241	28	213
21008	223	34	189
21009	261	33	228
21010	188	26	162
21011	198	22	176
21012	182	24	158
21013	191	29	162
21014	273	31	242
21015	178	23	155
21016	194	28	166
21017	166	23	143
21018	241	30	211
21019	232	31	201
21020	166	25	141
21021	197	31	166
21022	201	30	171
21023	198	20	178
21024	227	39	188
21025	207	27	180
21026	187	30	157
21027	198	28	170
21028	254	32	222
21029	233	37	196
21030	184	31	153
21031	179	21	158
21032	198	32	166
21033	192	20	172
21034	183	31	152
21035	267	27	240
21036	213	35	178
21037	190	26	164
21038	185	39	146
21039	146	23	123
21040	188	27	161
21041	210	27	183
21042	242	46	196
21043	203	30	173
21044	220	25	195
21045	182	8	174
21046	233	33	200
21047	170	29	141
21048	196	23	173
21049	254	43	211
21050	170	28	142
21051	203	32	171
21052	213	35	178
21053	173	23	150
21054	197	36	161
22001	136	29	107
22002	245	52	193
22003	242	45	197
22004	149	40	109
22005	143	38	105
22006	155	48	107
22007	121	26	95
22008	274	50	224
22009	131	33	98
22010	216	61	155
22011	166	40	126
22012	183	37	146
22013	163	39	124
22014	143	47	96
22015	129	24	105
22016	123	26	97
22017	197	59	138
22018	137	32	105
22019	62	9	53
22020	156	31	125
22021	180	47	133
22022	141	35	106
22023	271	62	209
22024	180	35	145
22025	162	32	130
23001	186	28	158
23002	176	32	144
23003	193	31	162
23004	213	44	169
23005	171	23	148
23006	180	36	144
23007	147	22	125
23008	219	39	180
23009	163	26	137
23010	208	32	176
23011	182	30	152
23012	197	28	169
23013	139	21	118
23014	179	33	146
23015	144	24	120
23016	215	40	175
23017	92	19	73
23018	162	18	144
23019	139	25	114
23020	98	11	87
23021	215	48	167
23022	174	35	139
23023	197	35	162
23024	146	23	123
23025	165	21	144
23026	189	28	161
23027	185	34	151
23028	186	33	153
23029	172	34	138
23030	211	33	178
23031	133	31	102
23032	168	29	139
23033	170	24	146
23034	155	17	138
23035	129	20	109
23036	177	33	144
23037	205	35	170
23038	153	26	127
23039	167	26	141
24001	135	23	112
24002	136	18	118
24003	130	25	105
24004	112	25	87
24005	72	16	56
24006	143	18	125
24007	94	15	79
24008	71	13	58
24009	116	25	91
24010	71	14	57
24011	128	24	104
24012	83	14	69
24013	64	8	56
24014	112	21	91
24015	58	12	46
24016	206	37	169
24017	122	28	94
24018	163	26	137
24019	191	30	161
24020	117	15	102
24021	63	10	53
24022	171	38	133
24023	108	26	82
24024	152	31	121
24025	112	19	93
24026	242	38	204
24027	163	21	142
24028	124	23	101
24029	122	27	95
24030	91	17	74
24031	141	25	116
24032	82	20	62
24033	84	16	68
24034	127	31	96
24035	126	22	104
24036	180	28	152
24037	80	9	71
24038	134	23	111
24039	192	48	144
24040	143	17	126
24041	119	15	104
25001	205	38	167
25002	218	38	180
25003	193	50	143
25004	157	25	132
25005	231	44	187
25006	62	16	46
25007	209	39	170
25008	227	37	190
25009	191	35	156
25010	201	34	167
25011	221	32	189
25012	190	35	155
25013	206	37	169
25014	115	29	86
25015	170	34	136
25016	171	36	135
25017	240	53	187
25018	82	20	62
25019	219	39	180
25020	120	23	97
25021	295	59	236
25022	183	32	151
25023	255	46	209
25024	215	29	186
25025	172	22	150
25026	181	35	146
25027	168	41	127
25028	229	41	188
25029	186	34	152
25030	200	36	164
25031	198	34	164
25032	177	34	143
26001	182	46	136
26002	160	29	131
26003	181	47	134
26004	98	10	88
26005	151	27	124
26006	131	24	107
26007	153	42	111
26008	79	14	65
26009	151	18	133
26010	150	33	117
26011	155	29	126
26012	150	29	121
26013	79	13	66
26014	110	14	96
26015	80	14	66
26016	79	14	65
26017	107	28	79
26018	98	15	83
26019	94	18	76
26020	141	32	109
26021	167	37	130
26022	59	11	48
26023	99	19	80
26024	150	32	118
26025	128	19	109
26026	92	14	78
26027	199	31	168
26028	219	47	172
26029	98	18	80
26030	117	23	94
26031	79	9	70
26032	167	44	123
26033	160	41	119
26034	203	42	161
26035	149	32	117
26036	128	26	102
26037	145	26	119
26038	61	10	51
26039	153	41	112
26040	97	20	77
26041	163	36	127
26042	110	14	96
26043	77	14	63
26044	100	22	78
26045	52	9	43
26046	93	19	74
26047	81	19	62
26048	147	30	117
26049	76	13	63
27001	183	42	141
27002	181	46	135
27003	102	24	78
27004	95	18	77
27005	142	20	122
27006	146	36	110
27007	231	47	184
27008	122	25	97
27009	82	19	63
27010	233	38	195
27011	147	29	118
27012	99	8	91
27013	291	66	225
27014	84	9	75
27015	86	16	70
27016	107	19	88
27017	157	33	124
27018	122	26	96
27019	80	15	65
27020	97	27	70
27021	141	23	118
27022	111	19	92
27023	149	20	129
27024	110	23	87
27025	164	22	142
27026	159	32	127
27027	176	33	143
27028	95	13	82
27029	105	10	95
27030	95	15	80
27031	155	24	131
27032	144	37	107
27033	149	25	124
27034	137	29	108
27035	167	31	136
27036	143	28	115
27037	208	40	168
27038	302	52	250
27039	150	21	129
27040	210	47	163
27041	187	30	157
27042	120	12	108
27043	110	21	89
27044	118	17	101
27045	235	52	183
27046	103	18	85
27047	153	20	133
27048	234	47	187
27049	131	24	107
27050	170	24	146
28001	104	24	80
28002	128	24	104
28003	122	30	92
28004	103	21	82
28005	111	24	87
28006	113	15	98
28007	136	17	119
28008	119	21	98
28009	142	22	120
28010	193	31	162
28011	236	52	184
28012	147	20	127
28013	150	33	117
28014	140	26	114
28015	46	5	41
28016	95	18	77
28017	115	20	95
28018	127	12	115
28019	139	19	120
28020	139	29	110
28021	125	16	109
28022	136	23	113
28023	167	19	148
28024	129	20	109
28025	223	34	189
28026	163	27	136
28027	155	20	135
28028	202	35	167
28029	66	10	56
28030	34	1	33
28031	261	60	201
28032	140	26	114
28033	171	25	146
28034	212	35	177
28035	157	17	140
28036	71	7	64
28037	188	33	155
28038	68	7	61
28039	101	15	86
28040	195	27	168
28041	120	20	100
28042	159	23	136
28043	174	47	127
28044	112	18	94
28045	119	27	92
28046	257	61	196
29001	303	47	256
29002	289	55	234
29003	193	32	161
29004	252	34	218
29005	135	23	112
29006	160	32	128
29007	225	34	191
29008	132	22	110
29009	256	41	215
29010	283	41	242
29011	116	20	96
29012	255	32	223
29013	201	34	167
29014	198	24	174
29015	244	34	210
29016	225	23	202
29017	211	29	182
29018	201	45	156
29019	218	37	181
29020	227	37	190
29021	207	53	154
29022	164	26	138
29023	204	41	163
29024	206	49	157
29025	264	42	222
29026	221	33	188
29027	182	26	156
29028	243	41	202
29029	156	29	127
29030	276	38	238
29031	143	26	117
29032	117	24	93
29033	185	43	142
29034	105	16	89
29035	148	27	121
29036	184	25	159
29037	206	37	169
29038	150	35	115
29039	171	33	138
29040	245	32	213
29041	147	32	115
29042	199	27	172
29043	283	39	244
29044	240	32	208
30001	205	32	173
30002	137	22	115
30003	143	22	121
30004	142	26	116
30005	100	12	88
30006	134	27	107
30007	155	44	111
30008	219	36	183
30009	113	18	95
30010	141	17	124
30011	123	14	109
30012	101	20	81
30013	137	18	119
30014	88	11	77
30015	219	36	183
30016	53	10	43
30017	176	36	140
30018	177	36	141
30019	133	23	110
30020	170	26	144
30021	122	18	104
30022	213	46	167
30023	141	29	112
30024	200	45	155
30025	242	56	186
30026	101	22	79
30027	91	13	78
30028	201	41	160
30029	84	12	72
30030	47	3	44
30031	97	15	82
30032	149	39	110
31001	90	17	73
31002	99	24	75
31003	83	11	72
31004	179	35	144
31005	141	22	119
31006	85	15	70
31007	195	41	154
31008	98	18	80
31009	113	19	94
31010	98	23	75
31011	82	12	70
31012	87	20	67
31013	127	19	108
31014	109	13	96
31015	104	14	90
31016	165	34	131
31017	103	21	82
31018	104	15	89
31019	87	6	81
31020	108	23	85
31021	104	16	88
31022	85	14	71
31023	99	18	81
31024	157	30	127
31025	94	18	76
31026	129	20	109
31027	118	22	96
31028	83	20	63
31029	131	22	109
31030	80	20	60
31031	95	19	76
31032	68	7	61
31033	84	18	66
31034	112	17	95
31035	98	21	77
31036	143	21	122
31037	98	17	81
31038	87	14	73
31039	124	25	99
31040	113	22	91
31041	101	19	82
32001	241	43	198
32002	194	49	145
32003	285	52	233
32004	215	40	175
32005	208	46	162
32006	203	35	168
32007	203	50	153
32008	190	36	154
32009	196	35	161
32010	212	47	165
32011	256	64	192
32012	188	38	150
32013	183	37	146
32014	246	58	188
32015	203	28	175
32016	227	37	190
32017	254	48	206
32018	161	30	131
32019	191	29	162
32020	255	63	192
32021	245	38	207
32022	335	81	254
32023	180	33	147
32024	117	18	99
32025	209	35	174
32026	278	69	209
32027	172	31	141
32028	256	55	201
32029	244	55	189
32030	158	36	122
32031	213	43	170
32032	226	51	175
32033	221	39	182
32034	203	48	155
32035	169	27	142
32036	203	36	167
32037	177	34	143
32038	176	33	143
32039	197	34	163
32040	244	51	193
32041	215	42	173
32042	165	33	132
32043	219	43	176
33001	250	31	219
33002	296	67	229
33003	316	69	247
33004	286	48	238
33005	174	37	137
33006	215	51	164
33007	247	58	189
33008	394	72	322
33009	280	52	228
33010	229	52	177
33011	235	50	185
33012	220	46	174
33013	233	49	184
33014	102	25	77
33015	280	58	222
33016	320	53	267
33017	256	44	212
33018	282	64	218
33019	228	51	177
33020	255	50	205
33021	266	53	213
33022	241	47	194
33023	275	56	219
33024	426	73	353
33025	280	54	226
33026	171	26	145
33027	242	57	185
33028	219	53	166
34001	244	36	208
34002	193	29	164
34003	190	26	164
34004	140	21	119
34005	180	24	156
34006	234	27	207
34007	243	30	213
34008	166	23	143
34009	145	23	122
34010	223	36	187
34011	141	17	124
34012	206	37	169
34013	223	29	194
34014	152	32	120
34015	156	27	129
34016	170	29	141
34017	270	44	226
34018	165	33	132
34019	203	26	177
34020	268	33	235
34021	276	28	248
34022	227	22	205
34023	170	24	146
34024	185	26	159
34025	340	44	296
34026	236	32	204
34027	169	28	141
34028	105	23	82
34029	171	22	149
34030	246	23	223
34031	157	33	124
34032	178	19	159
34033	163	21	142
34034	237	29	208
34035	217	28	189
34036	213	33	180
34037	109	20	89
34038	91	13	78
34039	137	29	108
34040	223	36	187
34041	134	30	104
34042	249	31	218
34043	231	22	209
34044	240	32	208
34045	222	33	189
34046	168	26	142
34047	173	28	145
34048	261	26	235
34049	223	31	192
34050	143	26	117
34051	244	30	214
34052	174	18	156
34053	114	20	94
35001	187	39	148
35002	260	61	199
35003	194	47	147
35004	186	48	138
35005	182	32	150
35006	193	38	155
35007	201	44	157
35008	219	42	177
35009	163	25	138
35010	286	62	224
35011	203	31	172
35012	132	28	104
35013	130	25	105
35014	145	21	124
35015	226	54	172
35016	118	19	99
35017	202	47	155
35018	136	18	118
35019	90	21	69
35020	161	36	125
35021	186	43	143
35022	236	45	191
35023	217	51	166
35024	177	43	134
35025	213	42	171
35026	166	32	134
35027	179	36	143
35028	178	38	140
35029	132	23	109
35030	167	40	127
35031	226	38	188
36001	148	21	127
36002	125	21	104
36003	142	16	126
36004	116	26	90
36005	132	26	106
36006	109	19	90
36007	214	30	184
36008	103	16	87
36009	120	22	98
36010	170	33	137
36011	91	18	73
36012	77	16	61
36013	89	18	71
36014	167	37	130
36015	197	49	148
36016	179	39	140
36017	194	33	161
36018	163	34	129
36019	171	28	143
36020	150	41	109
36021	109	16	93
36022	99	12	87
36023	99	16	83
36024	131	18	113
36025	123	27	96
36026	121	23	98
36027	149	19	130
36028	110	19	91
36029	167	26	141
36030	141	27	114
37001	123	35	88
37002	106	19	87
37003	113	15	98
37004	118	26	92
37005	197	32	165
37006	173	34	139
37007	117	9	108
37008	118	19	99
37009	175	38	137
37010	188	34	154
37011	101	20	81
37012	95	16	79
37013	120	20	100
37014	186	31	155
37015	186	30	156
37016	175	23	152
37017	146	33	113
37018	162	24	138
37019	132	23	109
37020	130	24	106
37021	161	28	133
37022	125	21	104
37023	185	34	151
37024	188	36	152
37025	161	31	130
37026	222	38	184
37027	171	39	132
37028	142	21	121
37029	160	34	126
37030	146	26	120
37031	169	34	135
37032	168	19	149
37033	207	44	163
37034	145	18	127
37035	203	34	169
37036	152	28	124
37037	219	43	176
37038	217	38	179
37039	144	37	107
37040	202	43	159
37041	158	21	137
38001	157	24	133
38002	184	35	149
38003	139	17	122
38004	160	29	131
38005	155	29	126
38006	141	21	120
38007	147	24	123
38008	144	24	120
38009	180	39	141
38010	135	33	102
38011	177	40	137
38012	161	25	136
38013	183	29	154
38014	172	30	142
38015	151	25	126
38016	169	41	128
38017	189	38	151
38018	174	36	138
38019	215	36	179
38020	168	37	131
38021	151	18	133
38022	184	26	158
38023	206	48	158
38024	161	31	130
38025	140	26	114
38026	166	24	142
38027	149	25	124
38028	191	35	156
38029	165	35	130
38030	157	37	120
38031	194	48	146
38032	150	27	123
38033	163	32	131
38034	169	31	138
38035	172	36	136
38036	149	35	114
38037	180	38	142
38038	150	26	124
38039	211	36	175
38040	189	39	150
38041	212	38	174
39001	241	93	148
39002	218	52	166
39003	261	69	192
39004	218	63	155
39005	193	25	168
39006	199	44	155
39007	174	24	150
39008	209	44	165
39009	184	38	146
39010	109	26	83
39011	168	31	137
39012	248	53	195
39013	151	22	129
39014	161	28	133
39015	210	37	173
39016	126	26	100
39017	243	50	193
39018	227	41	186
39019	213	48	165
39020	236	31	205
39021	183	35	148
39022	135	24	111
39023	227	37	190
39024	246	48	198
39025	165	40	125
39026	190	35	155
39027	55	9	46
39028	300	60	240
39029	115	25	90
39030	251	35	216
39031	178	34	144
39032	173	31	142
39033	221	56	165
39034	215	45	170
39035	192	32	160
39036	62	5	57
39037	263	78	185
39038	155	14	141
39039	129	23	106
39040	182	50	132
39041	218	32	186
39042	262	51	211
39043	229	43	186
39044	166	23	143
39045	217	41	176
40001	181	36	145
40002	201	46	155
40003	310	63	247
40004	129	17	112
40005	248	44	204
40006	268	53	215
40007	267	54	213
40008	316	76	240
40009	157	31	126
40010	181	34	147
40011	244	44	200
40012	183	35	148
40013	387	76	311
40014	141	28	113
40015	190	38	152
40016	315	73	242
40017	222	37	185
40018	151	33	118
40019	251	51	200
40020	193	38	155
40021	304	62	242
40022	243	47	196
40023	316	67	249
40024	159	33	126
40025	293	61	232
40026	270	44	226
40027	303	67	236
40028	278	49	229
40029	251	40	211
40030	235	35	200
40031	294	57	237
40032	301	53	248
40033	304	44	260
40034	171	26	145
40035	131	31	100
40036	225	41	184
40037	225	40	185
40038	326	92	234
40039	53	13	40
41001	149	25	124
41002	185	40	145
41003	193	36	157
41004	240	35	205
41005	194	49	145
41006	274	49	225
41007	206	37	169
41008	194	47	147
41009	191	24	167
41010	261	45	216
41011	214	46	168
41012	168	32	136
41013	182	40	142
41014	246	47	199
41015	245	43	202
41016	159	34	125
41017	207	41	166
41018	167	31	136
41019	240	33	207
41020	148	30	118
41021	198	34	164
41022	254	52	202
41023	148	28	120
41024	139	33	106
41025	84	13	71
41026	207	31	176
41027	114	33	81
41028	141	35	106
41029	93	20	73
41030	172	31	141
41031	232	38	194
41032	168	31	137
41033	165	25	140
41034	177	29	148
41035	247	46	201
41036	186	32	154
41037	214	38	176
41038	182	39	143
41039	231	46	185
41040	225	45	180
41041	163	23	140
41042	182	39	143
41043	178	29	149
41044	193	30	163
41045	158	31	127
41046	241	33	208
41047	219	36	183
42001	222	24	198
42002	153	24	129
42003	194	30	164
42004	267	41	226
42005	148	23	125
42006	289	45	244
42007	231	26	205
42008	205	24	181
42009	189	46	143
42010	231	53	178
42011	153	25	128
42012	214	30	184
42013	246	39	207
42014	152	18	134
42015	149	22	127
42016	193	48	145
42017	235	55	180
42018	124	24	100
42019	258	26	232
42020	135	25	110
42021	145	27	118
42022	88	6	82
42023	191	28	163
42024	199	19	180
42025	159	30	129
42026	205	36	169
42027	177	24	153
42028	252	37	215
42029	174	26	148
42030	204	26	178
42031	191	39	152
42032	120	33	87
42033	209	41	168
42034	177	20	157
42035	256	54	202
42036	237	38	199
42037	104	15	89
42038	145	13	132
42039	151	34	117
42040	203	27	176
42041	166	34	132
42042	265	38	227
43001	119	17	102
43002	174	22	152
43003	201	30	171
43004	211	34	177
43005	176	29	147
43006	131	27	104
43007	141	28	113
43008	162	25	137
43009	242	46	196
43010	246	41	205
43011	112	12	100
43012	149	38	111
43013	201	30	171
43014	232	33	199
43015	187	30	157
43016	137	29	108
43017	150	23	127
43018	211	29	182
43019	238	45	193
43020	191	26	165
43021	187	31	156
43022	115	15	100
43023	139	19	120
43024	149	22	127
43025	209	22	187
43026	162	29	133
43027	200	29	171
43028	220	37	183
43029	172	30	142
43030	189	25	164
43031	217	42	175
43032	213	42	171
43033	249	27	222
43034	185	30	155
43035	267	37	230
43036	81	19	62
43037	179	39	140
43038	196	24	172
43039	129	24	105
43040	128	20	108
43041	272	49	223
43042	206	28	178
43043	249	32	217
43044	189	20	169
43045	134	19	115
43046	94	22	72
44001	347	72	275
44002	229	50	179
44003	233	21	212
44004	238	35	203
44005	226	45	181
44006	267	61	206
44007	201	34	167
44008	297	55	242
44009	177	33	144
44010	169	38	131
44011	207	55	152
44012	261	40	221
44013	145	16	129
44014	158	27	131
44015	218	34	184
44016	245	52	193
44017	331	65	266
44018	202	41	161
44019	291	50	241
44020	195	45	150
44021	245	53	192
44022	289	58	231
44023	200	34	166
44024	202	27	175
44025	214	45	169
44026	224	52	172
44027	260	47	213
44028	225	37	188
44029	186	39	147
44030	228	44	184
44031	164	24	140
44032	226	38	188
44033	215	36	179
44034	264	40	224
44035	325	56	269
44036	194	45	149
44037	253	43	210
44038	156	37	119
44039	195	35	160
44040	163	32	131
44041	249	53	196
45001	175	35	140
45002	204	37	167
45003	215	41	174
45004	265	40	225
45005	243	39	204
45006	283	64	219
45007	334	70	264
45008	186	31	155
45009	189	40	149
45010	219	38	181
45011	139	25	114
45012	215	44	171
45013	199	34	165
45014	245	49	196
45015	294	48	246
45016	199	40	159
45017	212	40	172
45018	182	37	145
45019	92	16	76
45020	133	36	97
45021	183	37	146
45022	175	32	143
45023	173	33	140
45024	162	28	134
45025	131	24	107
45026	101	29	72
45027	163	29	134
45028	131	25	106
45029	119	19	100
45030	183	33	150
45031	158	28	130
45032	147	34	113
45033	136	31	105
45034	207	56	151
45035	220	50	170
45036	215	31	184
45037	184	42	142
45038	151	29	122
45039	175	32	143
45040	195	34	161
45041	170	35	135
45042	188	44	144
45043	197	37	160
45044	174	34	140
45045	104	20	84
45046	131	22	109
45047	128	25	103
45048	130	30	100
46001	195	44	151
46002	219	57	162
46003	318	58	260
46004	236	45	191
46005	231	44	187
46006	190	43	147
46007	313	44	269
46008	170	38	132
46009	269	58	211
46010	273	68	205
46011	196	40	156
46012	280	49	231
46013	236	32	204
46014	246	73	173
46015	233	58	175
46016	292	49	243
46017	298	45	253
46018	239	45	194
46019	207	36	171
46020	212	57	155
46021	150	47	103
46022	141	38	103
46023	187	27	160
46024	281	58	223
46025	207	53	154
46026	241	50	191
46027	283	66	217
46028	298	52	246
46029	215	31	184
46030	214	41	173
46031	216	37	179
46032	226	54	172
46033	276	55	221
46034	236	53	183
46035	233	50	183
46036	245	42	203
46037	184	42	142
46038	178	30	148
46039	223	39	184
46040	249	48	201
47001	139	24	115
47002	297	46	251
47003	306	54	252
47004	331	59	272
47005	299	68	231
47006	264	47	217
47007	236	36	200
47008	283	49	234
47009	222	50	172
47010	338	74	264
47011	224	34	190
47012	307	60	247
47013	281	49	232
47014	266	43	223
47015	373	73	300
47016	298	49	249
47017	264	44	220
47018	257	41	216
47019	329	64	265
47020	269	55	214
47021	284	47	237
47022	312	55	257
47023	327	42	285
47024	255	47	208
47025	270	43	227
47026	322	72	250
47027	239	41	198
47028	276	41	235
47029	281	47	234
47030	342	74	268
47031	230	50	180
47032	348	68	280
47033	205	41	164
47034	300	58	242
47035	264	45	219
47036	320	61	259
47037	289	47	242
47038	271	49	222
47039	284	52	232
47040	341	66	275
47041	319	50	269
47042	275	63	212
47043	235	42	193
47044	188	29	159
47045	280	48	232
47046	264	47	217
47047	272	45	227
47048	28	4	24
48001	252	55	197
48002	156	19	137
48003	265	43	222
48004	257	48	209
48005	189	29	160
48006	305	68	237
48007	305	59	246
48008	163	28	135
48009	170	30	140
48010	387	60	327
48011	269	43	226
48012	316	58	258
48013	349	57	292
48014	155	22	133
48015	143	22	121
48016	257	71	186
48017	259	56	203
48018	208	34	174
48019	243	48	195
48020	330	67	263
48021	280	50	230
48022	304	47	257
48023	300	53	247
48024	248	36	212
48025	306	56	250
48026	119	20	99
48027	262	58	204
48028	271	51	220
48029	185	25	160
48030	260	44	216
48031	279	51	228
48032	233	45	188
48033	191	21	170
48034	218	40	178
48035	175	42	133
48036	193	37	156
48037	268	48	220
48038	346	59	287
48039	238	42	196
48040	254	46	208
48041	259	56	203
48042	363	75	288
48043	267	43	224
48044	336	48	288
48045	207	44	163
48046	180	29	151
49001	164	29	135
49002	169	32	137
49003	286	43	243
49004	311	47	264
49005	323	51	272
49006	245	40	205
49007	252	40	212
49008	203	33	170
49009	253	49	204
49010	292	44	248
49011	349	61	288
49012	366	59	307
49013	320	55	265
49014	232	38	194
49015	189	42	147
49016	281	42	239
49017	141	30	111
49018	355	73	282
49019	204	29	175
49020	397	67	330
49021	150	28	122
49022	295	51	244
49023	324	51	273
49024	176	30	146
49025	335	52	283
49026	280	54	226
49027	287	43	244
49028	324	66	258
49029	344	66	278
49030	320	62	258
49031	226	33	193
49032	261	50	211
49033	223	38	185
50001	186	29	157
50002	123	20	103
50003	188	25	163
50004	221	25	196
50005	141	22	119
50006	236	44	192
50007	284	39	245
50008	175	23	152
50009	175	29	146
50010	130	23	107
50011	138	26	112
50012	106	11	95
50013	162	35	127
50014	56	10	46
50015	266	42	224
50016	68	4	64
50017	121	27	94
50018	56	8	48
50019	111	31	80
50020	196	30	166
50021	172	33	139
50022	122	24	98
50023	106	18	88
50024	134	16	118
50025	159	20	139
50026	148	34	114
50027	63	9	54
50028	160	31	129
50029	105	21	84
50030	128	24	104
50031	194	37	157
50032	167	34	133
50033	170	34	136
50034	282	57	225
50035	270	40	230
50036	197	40	157
50037	205	35	170
50038	101	11	90
50039	81	10	71
50040	174	36	138
Barrington 1	122	14	108
Barrington 2	166	27	139
Barrington 3	94	9	85
Barrington 4	159	44	115
Barrington 5	74	14	60
Barrington 6	155	22	133
Barrington 7	42	14	28
Barrington 8	130	23	107
Barrington 9	115	22	93
Barrington 10	192	28	164
Barrington 11	73	13	60
Berwyn Ward 1 Precinct 1	183	52	131
Berwyn Ward 1 Precinct 2	192	36	156
Berwyn Ward 1 Precinct 3	298	62	236
Berwyn Ward 1 Precinct 4	212	47	165
Berwyn Ward 1 Precinct 5	191	48	143
Berwyn Ward 2 Precinct 1	130	29	101
Berwyn Ward 2 Precinct 2	182	40	142
Berwyn Ward 2 Precinct 3	274	63	211
Berwyn Ward 2 Precinct 4	288	63	225
Berwyn Ward 3 Precinct 1	203	43	160
Berwyn Ward 3 Precinct 2	154	33	121
Berwyn Ward 3 Precinct 3	172	43	129
Berwyn Ward 3 Precinct 4	207	42	165
Berwyn Ward 3 Precinct 5	301	70	231
Berwyn Ward 4 Precinct 1	123	27	96
Berwyn Ward 4 Precinct 2	226	49	177
Berwyn Ward 4 Precinct 3	250	54	196
Berwyn Ward 4 Precinct 4	168	36	132
Berwyn Ward 5 Precinct 1	333	78	255
Berwyn Ward 5 Precinct 2	169	31	138
Berwyn Ward 5 Precinct 3	168	36	132
Berwyn Ward 6 Precinct 1	104	25	79
Berwyn Ward 6 Precinct 2	153	36	117
Berwyn Ward 6 Precinct 3	177	33	144
Berwyn Ward 6 Precinct 4	209	41	168
Berwyn Ward 7 Precinct 1	155	31	124
Berwyn Ward 7 Precinct 2	176	33	143
Berwyn Ward 7 Precinct 3	205	43	162
Berwyn Ward 7 Precinct 4	219	47	172
Berwyn Ward 8 Precinct 1	281	64	217
Berwyn Ward 8 Precinct 2	174	39	135
Berwyn Ward 8 Precinct 3	123	28	95
Bloom 1	285	48	237
Bloom 2	268	46	222
Bloom 3	143	21	122
Bloom 4	165	31	134
Bloom 5	139	31	108
Bloom 6	90	13	77
Bloom 7	209	47	162
Bloom 8	145	32	113
Bloom 9	158	27	131
Bloom 10	91	15	76
Bloom 11	100	22	78
Bloom 12	197	28	169
Bloom 13	392	46	346
Bloom 14	235	29	206
Bloom 15	149	26	123
Bloom 16	208	44	164
Bloom 17	173	36	137
Bloom 18	156	20	136
Bloom 19	315	39	276
Bloom 20	249	48	201
Bloom 21	44	3	41
Bloom 22	134	24	110
Bloom 23	171	34	137
Bloom 24	323	44	279
Bloom 25	129	19	110
Bloom 26	82	13	69
Bloom 27	181	39	142
Bloom 28	196	40	156
Bloom 29	107	17	90
Bloom 30	339	44	295
Bloom 31	206	38	168
Bloom 32	135	14	121
Bloom 33	252	37	215
Bloom 34	181	27	154
Bloom 35	98	19	79
Bloom 36	302	45	257
Bloom 37	165	17	148
Bloom 38	599	69	530
Bloom 39	142	30	112
Bloom 40	194	35	159
Bloom 41	332	51	281
Bloom 42	248	35	213
Bloom 43	284	48	236
Bloom 44	221	35	186
Bloom 45	354	64	290
Bloom 46	153	25	128
Bloom 47	321	51	270
Bloom 48	237	31	206
Bloom 49	295	32	263
Bloom 50	229	40	189
Bloom 51	97	21	76
Bloom 52	187	28	159
Bloom 53	83	11	72
Bloom 54	192	26	166
Bloom 55	126	22	104
Bloom 56	149	30	119
Bloom 57	199	40	159
Bloom 58	193	27	166
Bloom 59	173	25	148
Bloom 60	229	34	195
Bloom 61	150	25	125
Bremen 1	221	32	189
Bremen 2	141	38	103
Bremen 3	112	17	95
Bremen 4	145	28	117
Bremen 5	118	28	90
Bremen 6	104	28	76
Bremen 7	123	17	106
Bremen 8	146	18	128
Bremen 9	124	32	92
Bremen 10	163	31	132
Bremen 11	180	31	149
Bremen 12	153	19	134
Bremen 13	210	42	168
Bremen 14	116	28	88
Bremen 15	112	23	89
Bremen 16	186	37	149
Bremen 17	205	36	169
Bremen 18	147	29	118
Bremen 19	94	14	80
Bremen 20	131	36	95
Bremen 21	177	33	144
Bremen 22	98	15	83
Bremen 23	80	13	67
Bremen 24	119	18	101
Bremen 25	229	52	177
Bremen 26	269	35	234
Bremen 27	157	31	126
Bremen 28	105	22	83
Bremen 29	367	51	316
Bremen 30	165	30	135
Bremen 31	196	28	168
Bremen 32	238	34	204
Bremen 33	119	24	95
Bremen 34	166	30	136
Bremen 35	127	17	110
Bremen 36	96	20	76
Bremen 37	150	37	113
Bremen 38	157	18	139
Bremen 39	113	13	100
Bremen 40	351	36	315
Bremen 41	88	18	70
Bremen 42	172	46	126
Bremen 43	122	25	97
Bremen 44	191	40	151
Bremen 45	90	17	73
Bremen 46	125	27	98
Bremen 47	213	26	187
Bremen 48	173	30	143
Bremen 49	243	36	207
Bremen 50	164	33	131
Bremen 51	288	38	250
Bremen 52	125	24	101
Bremen 53	88	26	62
Bremen 54	122	29	93
Bremen 55	114	25	89
Bremen 56	268	40	228
Bremen 57	139	38	101
Bremen 58	201	42	159
Bremen 59	135	23	112
Bremen 60	147	24	123
Bremen 61	146	38	108
Bremen 62	145	32	113
Bremen 63	291	54	237
Bremen 64	177	34	143
Bremen 65	106	25	81
Bremen 66	239	34	205
Bremen 67	165	36	129
Bremen 68	99	19	80
Bremen 69	168	32	136
Bremen 70	135	17	118
Bremen 71	183	32	151
Bremen 72	111	18	93
Bremen 73	155	22	133
Bremen 74	153	38	115
Bremen 75	300	37	263
Bremen 76	119	33	86
Bremen 77	217	49	168
Bremen 78	233	33	200
Bremen 79	163	31	132
Bremen 80	227	23	204
Calumet 1	202	45	157
Calumet 2	202	47	155
Calumet 3	248	37	211
Calumet 4	177	36	141
Calumet 5	225	43	182
Calumet 6	324	54	270
Calumet 7	252	53	199
Calumet 8	121	23	98
Calumet 9	202	37	165
Calumet 10	310	53	257
Calumet 11	382	55	327
Calumet 12	181	26	155
Cicero 1	179	35	144
Cicero 2	93	18	75
Cicero 3	172	34	138
Cicero 4	124	30	94
Cicero 5	290	59	231
Cicero 6	205	41	164
Cicero 7	103	28	75
Cicero 8	116	22	94
Cicero 9	173	31	142
Cicero 10	194	44	150
Cicero 11	180	35	145
Cicero 12	189	35	154
Cicero 13	177	39	138
Cicero 14	172	32	140
Cicero 15	201	41	160
Cicero 16	116	25	91
Cicero 17	163	40	123
Cicero 18	116	17	99
Cicero 19	254	48	206
Cicero 20	157	25	132
Cicero 21	179	30	149
Cicero 22	183	35	148
Cicero 23	247	49	198
Cicero 24	165	25	140
Cicero 25	188	45	143
Cicero 26	142	32	110
Cicero 27	168	40	128
Cicero 28	179	34	145
Cicero 29	164	31	133
Cicero 30	137	31	106
Cicero 31	99	17	82
Cicero 32	151	32	119
Elk Grove 1	233	48	185
Elk Grove 2	98	23	75
Elk Grove 3	190	47	143
Elk Grove 4	145	37	108
Elk Grove 5	339	74	265
Elk Grove 6	137	31	106
Elk Grove 7	263	55	208
Elk Grove 8	175	48	127
Elk Grove 9	143	39	104
Elk Grove 10	312	66	246
Elk Grove 11	228	47	181
Elk Grove 12	92	18	74
Elk Grove 13	128	35	93
Elk Grove 14	186	41	145
Elk Grove 15	97	20	77
Elk Grove 16	276	57	219
Elk Grove 17	136	35	101
Elk Grove 18	191	51	140
Elk Grove 19	205	43	162
Elk Grove 20	156	31	125
Elk Grove 21	124	37	87
Elk Grove 22	118	34	84
Elk Grove 23	299	61	238
Elk Grove 24	123	25	98
Elk Grove 25	189	45	144
Elk Grove 26	122	34	88
Elk Grove 27	177	36	141
Elk Grove 28	90	17	73
Elk Grove 29	135	33	102
Elk Grove 30	143	31	112
Elk Grove 31	75	14	61
Elk Grove 32	82	27	55
Elk Grove 33	72	18	54
Elk Grove 34	387	73	314
Elk Grove 35	102	30	72
Elk Grove 36	83	22	61
Elk Grove 37	192	48	144
Elk Grove 38	82	23	59
Elk Grove 39	204	51	153
Elk Grove 40	115	32	83
Elk Grove 41	113	26	87
Elk Grove 42	104	28	76
Elk Grove 43	143	35	108
Elk Grove 44	106	20	86
Elk Grove 45	131	26	105
Elk Grove 46	101	21	80
Elk Grove 47	191	38	153
Elk Grove 48	139	28	111
Elk Grove 49	144	38	106
Elk Grove 50	75	16	59
Elk Grove 51	187	38	149
Elk Grove 52	97	19	78
Evanston Ward 1 Precinct 1	138	30	108
Evanston Ward 1 Precinct 2	328	53	275
Evanston Ward 1 Precinct 3	347	55	292
Evanston Ward 1 Precinct 4	533	69	464
Evanston Ward 2 Precinct 1	517	77	440
Evanston Ward 2 Precinct 2	265	38	227
Evanston Ward 2 Precinct 3	274	53	221
Evanston Ward 2 Precinct 4	388	61	327
Evanston Ward 2 Precinct 5	288	41	247
Evanston Ward 3 Precinct 1	360	56	304
Evanston Ward 3 Precinct 2	421	78	343
Evanston Ward 3 Precinct 3	404	87	317
Evanston Ward 3 Precinct 4	200	27	173
Evanston Ward 3 Precinct 5	305	45	260
Evanston Ward 3 Precinct 6	342	72	270
Evanston Ward 3 Precinct 7	305	53	252
Evanston Ward 4 Precinct 1	198	37	161
Evanston Ward 4 Precinct 2	297	52	245
Evanston Ward 4 Precinct 3	177	33	144
Evanston Ward 4 Precinct 4	528	95	433
Evanston Ward 4 Precinct 5	226	35	191
Evanston Ward 4 Precinct 6	443	76	367
Evanston Ward 5 Precinct 1	251	25	226
Evanston Ward 5 Precinct 2	368	94	274
Evanston Ward 5 Precinct 3	296	44	252
Evanston Ward 5 Precinct 4	139	20	119
Evanston Ward 6 Precinct 1	608	92	516
Evanston Ward 6 Precinct 2	299	45	254
Evanston Ward 6 Precinct 3	320	49	271
Evanston Ward 6 Precinct 4	385	50	335
Evanston Ward 6 Precinct 5	502	72	430
Evanston Ward 6 Precinct 6	256	30	226
Evanston Ward 6 Precinct 7	491	67	424
Evanston Ward 7 Precinct 1	573	84	489
Evanston Ward 7 Precinct 2	582	81	501
Evanston Ward 7 Precinct 3	65	22	43
Evanston Ward 7 Precinct 4	315	44	271
Evanston Ward 7 Precinct 5	507	64	443
Evanston Ward 7 Precinct 6	19	2	17
Evanston Ward 8 Precinct 1	398	65	333
Evanston Ward 8 Precinct 2	256	43	213
Evanston Ward 8 Precinct 3	221	47	174
Evanston Ward 8 Precinct 4	374	76	298
Evanston Ward 8 Precinct 5	387	59	328
Evanston Ward 9 Precinct 1	232	48	184
Evanston Ward 9 Precinct 2	346	66	280
Evanston Ward 9 Precinct 3	476	79	397
Evanston Ward 9 Precinct 4	436	81	355
Evanston Ward 9 Precinct 5	256	43	213
Evanston Ward 9 Precinct 6	319	62	257
Hanover 1	168	40	128
Hanover 2	140	30	110
Hanover 3	65	11	54
Hanover 4	104	30	74
Hanover 5	113	24	89
Hanover 6	93	25	68
Hanover 7	135	34	101
Hanover 8	107	18	89
Hanover 9	180	28	152
Hanover 10	85	19	66
Hanover 11	124	28	96
Hanover 12	74	12	62
Hanover 13	72	15	57
Hanover 14	164	38	126
Hanover 15	92	20	72
Hanover 16	165	29	136
Hanover 17	93	25	68
Hanover 18	91	22	69
Hanover 19	85	20	65
Hanover 20	166	40	126
Hanover 21	65	18	47
Hanover 22	124	21	103
Hanover 23	146	26	120
Hanover 24	114	27	87
Hanover 25	123	20	103
Hanover 26	164	40	124
Hanover 27	357	82	275
Hanover 28	182	48	134
Hanover 29	60	15	45
Hanover 30	138	21	117
Hanover 31	107	26	81
Hanover 32	90	23	67
Hanover 33	125	31	94
Hanover 34	168	45	123
Hanover 35	99	20	79
Hanover 36	83	18	65
Hanover 37	242	66	176
Hanover 38	141	22	119
Hanover 39	158	38	120
Hanover 40	167	43	124
Hanover 41	194	33	161
Hanover 42	124	27	97
Hanover 43	163	37	126
Hanover 44	204	56	148
Lemont 1	129	30	99
Lemont 2	128	26	102
Lemont 3	154	26	128
Lemont 4	162	49	113
Lemont 5	180	37	143
Lemont 6	163	38	125
Lemont 7	157	38	119
Lemont 8	185	39	146
Lemont 9	86	20	66
Lemont 10	127	34	93
Lemont 11	187	36	151
Lemont 12	121	23	98
Lemont 13	141	34	107
Lemont 14	122	34	88
Leyden 1	75	16	59
Leyden 2	83	21	62
Leyden 3	197	37	160
Leyden 4	108	36	72
Leyden 5	160	46	114
Leyden 6	209	54	155
Leyden 7	97	26	71
Leyden 8	175	34	141
Leyden 9	211	32	179
Leyden 10	163	38	125
Leyden 11	137	29	108
Leyden 12	62	10	52
Leyden 13	132	29	103
Leyden 14	109	24	85
Leyden 15	157	26	131
Leyden 16	154	28	126
Leyden 17	83	13	70
Leyden 18	106	26	80
Leyden 19	180	50	130
Leyden 20	67	22	45
Leyden 21	97	23	74
Leyden 22	109	17	92
Leyden 23	230	44	186
Leyden 24	123	29	94
Leyden 25	103	21	82
Leyden 26	217	39	178
Leyden 27	26	8	18
Leyden 28	73	13	60
Leyden 29	80	19	61
Leyden 30	145	34	111
Leyden 31	142	23	119
Leyden 32	178	41	137
Leyden 33	118	24	94
Leyden 34	98	22	76
Leyden 35	67	19	48
Leyden 36	117	28	89
Leyden 37	106	27	79
Leyden 38	36	6	30
Leyden 39	103	17	86
Leyden 40	134	26	108
Leyden 41	72	17	55
Leyden 42	151	28	123
Leyden 43	116	26	90
Leyden 44	87	16	71
Leyden 45	97	27	70
Leyden 46	133	35	98
Leyden 47	91	22	69
Leyden 48	147	34	113
Leyden 49	198	38	160
Leyden 50	205	37	168
Lyons 1	39	1	38
Lyons 2	207	44	163
Lyons 3	160	44	116
Lyons 4	371	76	295
Lyons 5	204	39	165
Lyons 6	154	30	124
Lyons 7	262	52	210
Lyons 8	130	29	101
Lyons 9	332	70	262
Lyons 10	244	36	208
Lyons 11	211	48	163
Lyons 12	84	8	76
Lyons 13	75	14	61
Lyons 14	284	61	223
Lyons 15	308	67	241
Lyons 16	455	84	371
Lyons 17	98	21	77
Lyons 18	199	35	164
Lyons 19	194	58	136
Lyons 20	351	59	292
Lyons 21	383	64	319
Lyons 22	134	32	102
Lyons 23	261	59	202
Lyons 24	204	34	170
Lyons 25	195	40	155
Lyons 26	85	23	62
Lyons 27	105	19	86
Lyons 28	253	47	206
Lyons 29	136	28	108
Lyons 30	59	16	43
Lyons 31	219	39	180
Lyons 32	86	18	68
Lyons 33	80	16	64
Lyons 34	95	25	70
Lyons 35	137	28	109
Lyons 36	116	17	99
Lyons 37	133	24	109
Lyons 38	103	24	79
Lyons 39	249	40	209
Lyons 40	202	29	173
Lyons 41	113	26	87
Lyons 42	183	34	149
Lyons 43	228	43	185
Lyons 44	359	69	290
Lyons 45	326	58	268
Lyons 46	153	27	126
Lyons 47	240	50	190
Lyons 48	220	62	158
Lyons 49	154	34	120
Lyons 50	257	49	208
Lyons 51	163	36	127
Lyons 52	233	53	180
Lyons 53	200	43	157
Lyons 54	113	21	92
Lyons 55	224	30	194
Lyons 56	295	66	229
Lyons 57	222	41	181
Lyons 58	102	18	84
Lyons 59	130	32	98
Lyons 60	301	59	242
Lyons 61	218	29	189
Lyons 62	65	6	59
Lyons 63	212	50	162
Lyons 64	187	46	141
Lyons 65	260	57	203
Lyons 66	135	28	107
Lyons 67	207	40	167
Lyons 68	140	29	111
Lyons 69	298	63	235
Lyons 70	138	15	123
Lyons 71	79	16	63
Lyons 72	298	58	240
Lyons 73	217	24	193
Lyons 74	86	19	67
Lyons 75	130	28	102
Lyons 76	136	37	99
Lyons 77	120	30	90
Lyons 78	125	29	96
Maine 1	90	17	73
Maine 2	130	24	106
Maine 3	61	14	47
Maine 4	149	35	114
Maine 5	125	31	94
Maine 6	260	58	202
Maine 7	117	32	85
Maine 8	160	34	126
Maine 9	269	67	202
Maine 10	139	27	112
Maine 11	109	14	95
Maine 12	134	32	102
Maine 13	160	40	120
Maine 14	225	54	171
Maine 15	89	9	80
Maine 16	140	27	113
Maine 17	161	31	130
Maine 18	143	27	116
Maine 19	95	27	68
Maine 20	107	27	80
Maine 21	192	37	155
Maine 22	221	44	177
Maine 23	128	29	99
Maine 24	280	44	236
Maine 25	209	35	174
Maine 26	168	31	137
Maine 27	143	19	124
Maine 28	57	11	46
Maine 29	243	49	194
Maine 30	420	75	345
Maine 31	164	29	135
Maine 32	99	21	78
Maine 33	81	16	65
Maine 34	192	34	158
Maine 35	177	40	137
Maine 36	154	33	121
Maine 37	154	30	124
Maine 38	103	23	80
Maine 39	164	30	134
Maine 40	148	28	120
Maine 41	110	21	89
Maine 42	259	52	207
Maine 43	120	27	93
Maine 44	129	24	105
Maine 45	39	10	29
Maine 46	146	23	123
Maine 47	173	35	138
Maine 48	219	36	183
Maine 49	138	39	99
Maine 50	141	22	119
Maine 51	137	37	100
Maine 52	192	33	159
Maine 53	120	29	91
Maine 54	203	42	161
Maine 55	152	25	127
Maine 56	155	41	114
Maine 57	70	20	50
Maine 58	164	27	137
Maine 59	141	28	113
Maine 60	252	45	207
Maine 61	77	16	61
Maine 62	87	19	68
Maine 63	125	32	93
Maine 64	87	18	69
Maine 65	87	15	72
Maine 66	34	8	26
Maine 67	212	37	175
Maine 68	116	27	89
Maine 69	125	28	97
Maine 70	126	26	100
Maine 71	82	11	71
Maine 72	146	26	120
Maine 73	43	14	29
Maine 74	160	27	133
Maine 75	149	32	117
Maine 76	86	18	68
Maine 77	224	47	177
Maine 78	150	34	116
Maine 79	136	37	99
Maine 80	162	29	133
Maine 81	77	22	55
Maine 82	155	27	128
Maine 83	102	24	78
Maine 84	87	15	72
Maine 85	87	12	75
Maine 86	128	29	99
Maine 87	102	22	80
Maine 88	78	21	57
Maine 89	75	15	60
Maine 90	82	16	66
Maine 91	234	56	178
Maine 92	135	28	107
New Trier 1	333	47	286
New Trier 2	398	70	328
New Trier 3	284	34	250
New Trier 4	325	51	274
New Trier 5	181	21	160
New Trier 6	172	24	148
New Trier 7	243	41	202
New Trier 8	152	26	126
New Trier 9	218	41	177
New Trier 10	184	23	161
New Trier 11	237	49	188
New Trier 12	195	31	164
New Trier 13	327	52	275
New Trier 14	233	37	196
New Trier 15	302	48	254
New Trier 16	262	50	212
New Trier 17	274	36	238
New Trier 18	191	29	162
New Trier 19	95	11	84
New Trier 20	339	62	277
New Trier 21	347	29	318
New Trier 22	174	37	137
New Trier 23	225	49	176
New Trier 24	322	56	266
New Trier 25	209	36	173
New Trier 26	264	41	223
New Trier 27	312	52	260
New Trier 28	226	33	193
New Trier 29	218	29	189
New Trier 30	314	48	266
New Trier 31	303	37	266
New Trier 32	263	46	217
New Trier 33	367	50	317
New Trier 34	200	22	178
New Trier 35	185	19	166
New Trier 36	374	59	315
New Trier 37	304	47	257
New Trier 38	305	43	262
New Trier 39	215	24	191
New Trier 40	128	23	105
New Trier 41	162	22	140
Niles 1	245	38	207
Niles 2	206	48	158
Niles 3	283	59	224
Niles 4	123	18	105
Niles 5	129	24	105
Niles 6	171	23	148
Niles 7	283	49	234
Niles 8	140	17	123
Niles 9	153	26	127
Niles 10	213	44	169
Niles 11	119	24	95
Niles 12	134	23	111
Niles 13	186	32	154
Niles 14	322	49	273
Niles 15	244	51	193
Niles 16	260	48	212
Niles 17	302	69	233
Niles 18	183	28	155
Niles 19	270	42	228
Niles 20	183	34	149
Niles 21	399	57	342
Niles 22	210	36	174
Niles 23	246	39	207
Niles 24	260	61	199
Niles 25	167	33	134
Niles 26	230	38	192
Niles 27	158	31	127
Niles 28	316	52	264
Niles 29	152	24	128
Niles 30	162	30	132
Niles 31	291	65	226
Niles 32	103	19	84
Niles 33	278	39	239
Niles 34	214	34	180
Niles 35	231	48	183
Niles 36	152	18	134
Niles 37	230	50	180
Niles 38	366	66	300
Niles 39	252	37	215
Niles 40	107	15	92
Niles 41	255	43	212
Niles 42	205	43	162
Niles 43	230	48	182
Niles 44	299	50	249
Niles 45	224	36	188
Niles 46	232	42	190
Niles 47	160	33	127
Niles 48	192	39	153
Niles 49	450	54	396
Niles 50	233	55	178
Niles 51	104	14	90
Niles 52	176	27	149
Niles 53	313	46	267
Niles 54	152	23	129
Niles 55	186	41	145
Niles 56	262	42	220
Niles 57	256	52	204
Niles 58	227	44	183
Niles 59	332	64	268
Niles 60	311	55	256
Niles 61	295	49	246
Niles 62	158	35	123
Niles 63	350	68	282
Niles 64	319	57	262
Northfield 1	176	27	149
Northfield 2	184	25	159
Northfield 3	141	26	115
Northfield 4	175	23	152
Northfield 5	146	37	109
Northfield 6	180	38	142
Northfield 7	291	66	225
Northfield 8	160	37	123
Northfield 9	132	26	106
Northfield 10	184	31	153
Northfield 11	96	23	73
Northfield 12	363	64	299
Northfield 13	159	33	126
Northfield 14	198	29	169
Northfield 15	185	39	146
Northfield 16	221	32	189
Northfield 17	170	30	140
Northfield 18	288	50	238
Northfield 19	241	25	216
Northfield 20	202	47	155
Northfield 21	346	54	292
Northfield 22	246	36	210
Northfield 23	140	16	124
Northfield 24	193	32	161
Northfield 25	182	38	144
Northfield 26	191	39	152
Northfield 27	162	36	126
Northfield 28	291	57	234
Northfield 29	154	34	120
Northfield 30	270	45	225
Northfield 31	227	41	186
Northfield 32	271	46	225
Northfield 33	82	15	67
Northfield 34	174	24	150
Northfield 35	180	31	149
Northfield 36	141	24	117
Northfield 37	198	38	160
Northfield 38	215	48	167
Northfield 39	105	25	80
Northfield 40	118	18	100
Northfield 41	230	30	200
Northfield 42	174	26	148
Northfield 43	226	29	197
Northfield 44	198	37	161
Northfield 45	227	38	189
Northfield 46	287	55	232
Northfield 47	289	44	245
Northfield 48	196	23	173
Northfield 49	170	28	142
Northfield 50	176	27	149
Northfield 51	421	75	346
Northfield 52	236	30	206
Northfield 53	273	37	236
Northfield 54	172	24	148
Northfield 55	239	54	185
Northfield 56	266	39	227
Northfield 57	155	23	132
Northfield 58	114	16	98
Northfield 59	148	25	123
Northfield 60	310	41	269
Northfield 61	137	28	109
Northfield 62	178	30	148
Norwood Park 1	162	39	123
Norwood Park 2	217	58	159
Norwood Park 3	188	46	142
Norwood Park 4	203	45	158
Norwood Park 5	190	46	144
Norwood Park 6	220	47	173
Norwood Park 7	173	39	134
Norwood Park 8	104	20	84
Norwood Park 9	134	27	107
Norwood Park 10	174	45	129
Norwood Park 11	277	65	212
Norwood Park 12	160	40	120
Norwood Park 13	137	31	106
Norwood Park 14	148	35	113
Norwood Park 15	130	32	98
Norwood Park 16	118	29	89
Norwood Park 17	187	35	152
Oak Park 1	293	48	245
Oak Park 2	474	76	398
Oak Park 3	528	101	427
Oak Park 4	408	67	341
Oak Park 5	461	92	369
Oak Park 6	417	75	342
Oak Park 7	290	37	253
Oak Park 8	418	77	341
Oak Park 9	233	44	189
Oak Park 10	427	60	367
Oak Park 11	333	51	282
Oak Park 12	184	44	140
Oak Park 13	353	75	278
Oak Park 14	414	72	342
Oak Park 15	494	94	400
Oak Park 16	580	102	478
Oak Park 17	561	95	466
Oak Park 18	320	58	262
Oak Park 19	382	57	325
Oak Park 20	488	78	410
Oak Park 21	235	45	190
Oak Park 22	223	40	183
Oak Park 23	356	60	296
Oak Park 24	291	55	236
Oak Park 25	353	74	279
Oak Park 26	362	48	314
Oak Park 27	118	22	96
Oak Park 28	427	77	350
Oak Park 29	387	71	316
Oak Park 30	457	89	368
Oak Park 31	625	127	498
Oak Park 32	258	52	206
Oak Park 33	333	53	280
Oak Park 34	291	60	231
Oak Park 35	439	75	364
Oak Park 36	487	110	377
Oak Park 37	219	34	185
Orland 1	212	44	168
Orland 2	196	37	159
Orland 3	96	23	73
Orland 4	115	26	89
Orland 5	109	22	87
Orland 6	111	19	92
Orland 7	91	21	70
Orland 8	154	41	113
Orland 9	193	35	158
Orland 10	174	38	136
Orland 11	114	25	89
Orland 12	73	21	52
Orland 13	226	54	172
Orland 14	166	25	141
Orland 15	183	34	149
Orland 16	116	19	97
Orland 17	114	29	85
Orland 18	233	53	180
Orland 19	114	18	96
Orland 20	68	9	59
Orland 21	197	37	160
Orland 22	162	37	125
Orland 23	145	27	118
Orland 24	147	32	115
Orland 25	274	51	223
Orland 26	150	37	113
Orland 27	113	20	93
Orland 28	102	24	78
Orland 29	183	36	147
Orland 30	94	14	80
Orland 31	109	18	91
Orland 32	95	15	80
Orland 33	126	24	102
Orland 34	178	24	154
Orland 35	191	33	158
Orland 36	214	56	158
Orland 37	237	42	195
Orland 38	81	19	62
Orland 39	136	25	111
Orland 40	164	26	138
Orland 41	143	30	113
Orland 42	208	37	171
Orland 43	178	33	145
Orland 44	127	28	99
Orland 45	158	29	129
Orland 46	130	32	98
Orland 47	209	45	164
Orland 48	158	32	126
Orland 49	108	18	90
Orland 50	132	31	101
Orland 51	201	38	163
Orland 52	169	36	133
Orland 53	196	40	156
Orland 54	202	33	169
Orland 55	154	21	133
Orland 56	128	18	110
Orland 57	158	37	121
Orland 58	178	27	151
Orland 59	163	38	125
Orland 60	130	22	108
Orland 61	145	39	106
Orland 62	170	29	141
Orland 63	172	29	143
Orland 64	200	36	164
Orland 65	156	30	126
Orland 66	159	36	123
Orland 67	94	18	76
Orland 68	89	17	72
Orland 69	111	30	81
Orland 70	181	46	135
Orland 71	167	26	141
Orland 72	148	35	113
Orland 73	189	33	156
Orland 74	128	21	107
Orland 75	192	40	152
Palatine 1	115	22	93
Palatine 2	196	51	145
Palatine 3	91	15	76
Palatine 4	68	14	54
Palatine 5	198	43	155
Palatine 6	175	51	124
Palatine 7	170	36	134
Palatine 8	161	30	131
Palatine 9	139	26	113
Palatine 10	142	22	120
Palatine 11	118	31	87
Palatine 12	112	21	91
Palatine 13	149	34	115
Palatine 14	143	34	109
Palatine 15	152	24	128
Palatine 16	83	25	58
Palatine 17	177	35	142
Palatine 18	125	27	98
Palatine 19	171	26	145
Palatine 20	119	26	93
Palatine 21	188	49	139
Palatine 22	158	19	139
Palatine 23	87	15	72
Palatine 24	160	42	118
Palatine 25	132	27	105
Palatine 26	195	39	156
Palatine 27	106	20	86
Palatine 28	120	23	97
Palatine 29	196	43	153
Palatine 30	132	31	101
Palatine 31	117	26	91
Palatine 32	121	26	95
Palatine 33	89	23	66
Palatine 34	174	36	138
Palatine 35	152	27	125
Palatine 36	125	16	109
Palatine 37	176	33	143
Palatine 38	113	24	89
Palatine 39	207	45	162
Palatine 40	202	45	157
Palatine 41	189	39	150
Palatine 42	187	35	152
Palatine 43	163	40	123
Palatine 44	134	18	116
Palatine 45	110	17	93
Palatine 46	173	29	144
Palatine 47	148	28	120
Palatine 48	132	32	100
Palatine 49	97	22	75
Palatine 50	235	46	189
Palatine 51	89	22	67
Palatine 52	129	33	96
Palatine 53	135	26	109
Palatine 54	246	45	201
Palatine 55	93	12	81
Palatine 56	148	26	122
Palatine 57	231	38	193
Palatine 58	130	26	104
Palatine 59	219	42	177
Palatine 60	138	34	104
Palatine 61	80	24	56
Palatine 62	108	21	87
Palatine 63	141	31	110
Palatine 64	122	30	92
Palatine 65	119	29	90
Palatine 66	155	40	115
Palatine 67	70	17	53
Palatine 68	103	19	84
Palatine 69	126	33	93
Palos 1	104	18	86
Palos 2	133	21	112
Palos 3	144	24	120
Palos 4	123	22	101
Palos 5	133	30	103
Palos 6	73	11	62
Palos 7	176	40	136
Palos 8	66	13	53
Palos 9	113	22	91
Palos 10	172	25	147
Palos 11	151	33	118
Palos 12	165	32	133
Palos 13	144	28	116
Palos 14	107	19	88
Palos 15	161	18	143
Palos 16	228	32	196
Palos 17	221	41	180
Palos 18	194	36	158
Palos 19	235	36	199
Palos 20	188	41	147
Palos 21	113	15	98
Palos 22	39	11	28
Palos 23	103	32	71
Palos 24	93	20	73
Palos 25	139	49	90
Palos 26	76	15	61
Palos 27	201	37	164
Palos 28	133	30	103
Palos 29	153	25	128
Palos 30	227	50	177
Palos 31	197	41	156
Palos 32	81	11	70
Palos 33	201	35	166
Palos 34	133	20	113
Palos 35	250	59	191
Palos 36	193	45	148
Palos 37	187	30	157
Palos 38	185	33	152
Palos 39	196	42	154
Proviso 1	187	31	156
Proviso 2	167	18	149
Proviso 3	265	40	225
Proviso 4	240	47	193
Proviso 5	250	29	221
Proviso 6	131	25	106
Proviso 7	63	18	45
Proviso 8	157	20	137
Proviso 9	227	36	191
Proviso 10	119	18	101
Proviso 11	156	26	130
Proviso 12	238	36	202
Proviso 13	136	38	98
Proviso 14	132	17	115
Proviso 15	144	22	122
Proviso 16	170	36	134
Proviso 17	144	26	118
Proviso 18	299	50	249
Proviso 19	217	35	182
Proviso 20	215	26	189
Proviso 21	183	39	144
Proviso 22	216	45	171
Proviso 23	101	20	81
Proviso 24	340	76	264
Proviso 25	264	46	218
Proviso 26	287	61	226
Proviso 27	262	63	199
Proviso 28	207	30	177
Proviso 29	300	58	242
Proviso 30	210	26	184
Proviso 31	139	26	113
Proviso 32	271	66	205
Proviso 33	296	49	247
Proviso 34	449	78	371
Proviso 35	227	38	189
Proviso 36	259	35	224
Proviso 37	169	27	142
Proviso 38	227	41	186
Proviso 39	248	41	207
Proviso 40	257	43	214
Proviso 41	198	26	172
Proviso 42	183	35	148
Proviso 43	183	39	144
Proviso 44	180	30	150
Proviso 45	225	23	202
Proviso 46	56	10	46
Proviso 47	147	24	123
Proviso 48	266	43	223
Proviso 49	148	27	121
Proviso 50	312	48	264
Proviso 51	216	34	182
Proviso 52	150	23	127
Proviso 53	217	42	175
Proviso 54	300	53	247
Proviso 55	223	43	180
Proviso 56	221	42	179
Proviso 57	168	25	143
Proviso 58	145	28	117
Proviso 59	171	31	140
Proviso 60	142	24	118
Proviso 61	277	43	234
Proviso 62	337	56	281
Proviso 63	256	58	198
Proviso 64	259	46	213
Proviso 65	192	29	163
Proviso 66	310	64	246
Proviso 67	359	78	281
Proviso 68	154	38	116
Proviso 69	211	32	179
Proviso 70	160	25	135
Proviso 71	357	62	295
Proviso 72	253	48	205
Proviso 73	231	52	179
Proviso 74	266	50	216
Proviso 75	235	53	182
Proviso 76	268	47	221
Proviso 77	118	18	100
Proviso 78	53	12	41
Proviso 79	223	35	188
Proviso 80	87	21	66
Proviso 81	164	32	132
Proviso 82	356	54	302
Proviso 83	300	35	265
Proviso 84	124	20	104
Proviso 85	243	36	207
Proviso 86	265	48	217
Proviso 87	277	35	242
Proviso 88	70	14	56
Proviso 89	186	39	147
Proviso 90	369	84	285
Proviso 91	189	32	157
Proviso 92	240	46	194
Proviso 93	145	21	124
Proviso 94	215	34	181
Proviso 95	205	41	164
Proviso 96	128	26	102
Proviso 97	281	56	225
Proviso 98	262	31	231
Proviso 99	234	47	187
Proviso 100	318	35	283
Proviso 101	155	27	128
Proviso 102	258	53	205
Rich 1	956	120	836
Rich 2	332	47	285
Rich 3	461	72	389
Rich 4	235	43	192
Rich 5	431	45	386
Rich 6	435	58	377
Rich 7	235	27	208
Rich 8	422	64	358
Rich 9	341	39	302
Rich 10	241	41	200
Rich 11	296	57	239
Rich 12	304	38	266
Rich 13	133	21	112
Rich 14	217	43	174
Rich 15	548	60	488
Rich 16	170	25	145
Rich 17	195	33	162
Rich 18	278	45	233
Rich 19	139	18	121
Rich 20	319	57	262
Rich 21	323	57	266
Rich 22	239	39	200
Rich 23	365	45	320
Rich 24	309	42	267
Rich 25	438	46	392
Rich 26	292	35	257
Rich 27	298	40	258
Rich 28	261	34	227
Rich 29	272	35	237
Rich 30	424	63	361
Rich 31	245	40	205
Rich 32	350	44	306
Rich 33	214	17	197
Rich 34	301	42	259
Rich 35	262	33	229
Rich 36	679	95	584
Rich 37	229	31	198
Rich 38	215	30	185
Rich 39	372	50	322
Rich 40	268	32	236
Rich 41	227	27	200
Rich 42	279	29	250
Rich 43	312	48	264
Rich 44	227	41	186
Rich 45	443	48	395
Rich 46	393	42	351
Rich 47	465	62	403
Rich 48	333	40	293
Rich 49	165	24	141
Rich 50	69	19	50
Rich 51	254	29	225
River Forest 1	311	51	260
River Forest 2	211	36	175
River Forest 3	277	60	217
River Forest 4	282	48	234
River Forest 5	214	25	189
River Forest 6	192	31	161
River Forest 7	305	54	251
River Forest 8	372	82	290
Riverside 1	320	70	250
Riverside 2	13	2	11
Riverside 3	157	29	128
Riverside 4	401	63	338
Riverside 5	169	28	141
Riverside 6	155	29	126
Riverside 7	155	35	120
Riverside 8	323	61	262
Riverside 9	257	57	200
Riverside 10	295	56	239
Riverside 11	319	54	265
Riverside 12	150	22	128
Riverside 13	204	42	162
Schaumburg 1	267	58	209
Schaumburg 2	205	31	174
Schaumburg 3	149	33	116
Schaumburg 4	111	26	85
Schaumburg 5	105	15	90
Schaumburg 6	134	33	101
Schaumburg 7	87	18	69
Schaumburg 8	125	32	93
Schaumburg 9	134	33	101
Schaumburg 10	81	16	65
Schaumburg 11	112	25	87
Schaumburg 12	122	37	85
Schaumburg 13	98	23	75
Schaumburg 14	171	36	135
Schaumburg 15	120	26	94
Schaumburg 16	163	26	137
Schaumburg 17	140	27	113
Schaumburg 18	118	23	95
Schaumburg 19	112	28	84
Schaumburg 20	118	22	96
Schaumburg 21	179	37	142
Schaumburg 22	148	31	117
Schaumburg 23	151	34	117
Schaumburg 24	178	29	149
Schaumburg 25	135	29	106
Schaumburg 26	156	37	119
Schaumburg 27	121	24	97
Schaumburg 28	216	45	171
Schaumburg 29	160	28	132
Schaumburg 30	134	20	114
Schaumburg 31	174	39	135
Schaumburg 32	219	45	174
Schaumburg 33	143	25	118
Schaumburg 34	180	40	140
Schaumburg 35	125	25	100
Schaumburg 36	109	19	90
Schaumburg 37	119	19	100
Schaumburg 38	139	35	104
Schaumburg 39	215	43	172
Schaumburg 40	117	21	96
Schaumburg 41	106	18	88
Schaumburg 42	122	36	86
Schaumburg 43	122	30	92
Schaumburg 44	154	40	114
Schaumburg 45	152	35	117
Schaumburg 46	122	23	99
Schaumburg 47	144	25	119
Schaumburg 48	112	20	92
Schaumburg 49	105	31	74
Schaumburg 50	93	22	71
Schaumburg 51	118	26	92
Schaumburg 52	188	39	149
Schaumburg 53	144	28	116
Schaumburg 54	123	24	99
Schaumburg 55	102	18	84
Schaumburg 56	162	33	129
Schaumburg 57	170	34	136
Schaumburg 58	89	28	61
Schaumburg 59	169	37	132
Schaumburg 60	112	32	80
Schaumburg 61	181	38	143
Schaumburg 62	167	32	135
Schaumburg 63	137	24	113
Schaumburg 64	118	24	94
Schaumburg 65	132	21	111
Schaumburg 66	127	24	103
Schaumburg 67	123	21	102
Schaumburg 68	116	29	87
Schaumburg 69	130	35	95
Schaumburg 70	83	25	58
Schaumburg 71	144	39	105
Schaumburg 72	107	29	78
Schaumburg 73	174	46	128
Schaumburg 74	113	28	85
Schaumburg 75	125	26	99
Schaumburg 76	128	21	107
Schaumburg 77	179	40	139
Schaumburg 78	104	22	82
Stickney 1	84	16	68
Stickney 2	148	32	116
Stickney 3	288	71	217
Stickney 4	229	48	181
Stickney 5	245	55	190
Stickney 6	306	52	254
Stickney 7	118	32	86
Stickney 8	160	37	123
Stickney 9	173	35	138
Stickney 10	253	45	208
Stickney 11	240	48	192
Stickney 12	213	55	158
Stickney 13	180	39	141
Stickney 14	238	58	180
Stickney 15	217	36	181
Stickney 16	202	49	153
Stickney 17	129	30	99
Stickney 18	87	16	71
Stickney 19	171	42	129
Stickney 20	177	32	145
Thornton 1	133	20	113
Thornton 2	84	14	70
Thornton 3	186	22	164
Thornton 4	280	47	233
Thornton 5	126	19	107
Thornton 6	327	56	271
Thornton 7	274	46	228
Thornton 8	208	41	167
Thornton 9	187	22	165
Thornton 10	189	39	150
Thornton 11	99	23	76
Thornton 12	153	25	128
Thornton 13	148	22	126
Thornton 14	223	34	189
Thornton 15	180	24	156
Thornton 16	154	24	130
Thornton 17	189	28	161
Thornton 18	215	44	171
Thornton 19	207	43	164
Thornton 20	105	17	88
Thornton 21	338	45	293
Thornton 22	207	28	179
Thornton 23	240	40	200
Thornton 24	292	61	231
Thornton 25	248	44	204
Thornton 26	162	26	136
Thornton 27	379	33	346
Thornton 28	165	24	141
Thornton 29	126	11	115
Thornton 30	132	8	124
Thornton 31	48	8	40
Thornton 32	138	17	121
Thornton 33	213	33	180
Thornton 34	331	39	292
Thornton 35	296	38	258
Thornton 36	88	16	72
Thornton 37	190	27	163
Thornton 38	278	28	250
Thornton 39	175	34	141
Thornton 40	158	22	136
Thornton 41	142	24	118
Thornton 42	154	20	134
Thornton 43	157	20	137
Thornton 44	130	17	113
Thornton 45	225	28	197
Thornton 46	252	50	202
Thornton 47	119	14	105
Thornton 48	201	35	166
Thornton 49	107	19	88
Thornton 50	151	25	126
Thornton 51	128	23	105
Thornton 52	246	39	207
Thornton 53	126	19	107
Thornton 54	376	52	324
Thornton 55	156	17	139
Thornton 56	182	29	153
Thornton 57	105	17	88
Thornton 58	213	36	177
Thornton 59	148	30	118
Thornton 60	143	30	113
Thornton 61	124	21	103
Thornton 62	48	10	38
Thornton 63	109	17	92
Thornton 64	263	27	236
Thornton 65	187	35	152
Thornton 66	403	51	352
Thornton 67	315	63	252
Thornton 68	187	30	157
Thornton 69	146	12	134
Thornton 70	145	20	125
Thornton 71	131	19	112
Thornton 72	212	25	187
Thornton 73	333	75	258
Thornton 74	193	33	160
Thornton 75	213	27	186
Thornton 76	270	46	224
Thornton 77	328	51	277
Thornton 78	248	27	221
Thornton 79	256	46	210
Thornton 80	247	33	214
Thornton 81	224	30	194
Thornton 82	133	21	112
Thornton 83	276	32	244
Thornton 84	318	38	280
Thornton 85	203	24	179
Thornton 86	201	26	175
Thornton 87	329	39	290
Thornton 88	236	32	204
Thornton 89	297	44	253
Thornton 90	274	42	232
Thornton 91	254	28	226
Thornton 92	254	49	205
Thornton 93	154	18	136
Thornton 94	268	44	224
Thornton 95	149	23	126
Thornton 96	179	30	149
Thornton 97	60	9	51
Thornton 98	55	11	44
Thornton 99	173	31	142
Thornton 100	113	16	97
Thornton 101	176	24	152
Thornton 102	129	31	98
Thornton 103	131	22	109
Thornton 104	81	17	64
Thornton 105	201	26	175
Thornton 106	165	31	134
Thornton 107	399	48	351
Thornton 108	118	29	89
Thornton 109	152	21	131
Thornton 110	155	36	119
Thornton 111	153	30	123
Thornton 112	87	9	78
Thornton 113	105	20	85
Thornton 114	200	33	167
Thornton 115	203	28	175
Thornton 116	197	21	176
Thornton 117	232	41	191
Thornton 118	323	74	249
Thornton 119	206	37	169
Thornton 120	385	63	322
Thornton 121	189	22	167
Thornton 122	299	47	252
Thornton 123	175	23	152
Wheeling 1	182	32	150
Wheeling 2	109	21	88
Wheeling 3	152	28	124
Wheeling 4	152	19	133
Wheeling 5	154	24	130
Wheeling 6	132	23	109
Wheeling 7	247	35	212
Wheeling 8	115	25	90
Wheeling 9	101	22	79
Wheeling 10	208	34	174
Wheeling 11	185	37	148
Wheeling 12	206	45	161
Wheeling 13	113	24	89
Wheeling 14	139	24	115
Wheeling 15	157	22	135
Wheeling 16	50	12	38
Wheeling 17	139	27	112
Wheeling 18	228	45	183
Wheeling 19	231	48	183
Wheeling 20	194	34	160
Wheeling 21	87	8	79
Wheeling 22	193	44	149
Wheeling 23	149	33	116
Wheeling 24	141	18	123
Wheeling 25	313	60	253
Wheeling 26	247	40	207
Wheeling 27	261	41	220
Wheeling 28	223	43	180
Wheeling 29	94	19	75
Wheeling 30	212	32	180
Wheeling 31	118	22	96
Wheeling 32	83	11	72
Wheeling 33	50	9	41
Wheeling 34	203	48	155
Wheeling 35	164	29	135
Wheeling 36	255	43	212
Wheeling 37	178	39	139
Wheeling 38	193	43	150
Wheeling 39	293	63	230
Wheeling 40	158	34	124
Wheeling 41	270	42	228
Wheeling 42	214	32	182
Wheeling 43	109	18	91
Wheeling 44	177	34	143
Wheeling 45	225	54	171
Wheeling 46	243	49	194
Wheeling 47	111	19	92
Wheeling 48	131	14	117
Wheeling 49	194	43	151
Wheeling 50	128	30	98
Wheeling 51	181	33	148
Wheeling 52	135	20	115
Wheeling 53	158	33	125
Wheeling 54	182	29	153
Wheeling 55	184	38	146
Wheeling 56	140	24	116
Wheeling 57	159	18	141
Wheeling 58	120	26	94
Wheeling 59	214	43	171
Wheeling 60	174	23	151
Wheeling 61	156	30	126
Wheeling 62	175	40	135
Wheeling 63	118	25	93
Wheeling 64	226	44	182
Wheeling 65	216	45	171
Wheeling 66	197	36	161
Wheeling 67	153	16	137
Wheeling 68	83	14	69
Wheeling 69	160	34	126
Wheeling 70	249	45	204
Wheeling 71	216	31	185
Wheeling 72	157	32	125
Wheeling 73	176	36	140
Wheeling 74	121	27	94
Wheeling 75	159	27	132
Wheeling 76	186	30	156
Wheeling 77	52	18	34
Wheeling 78	284	52	232
Wheeling 79	134	28	106
Wheeling 80	120	34	86
Wheeling 81	151	23	128
Wheeling 82	224	53	171
Wheeling 83	287	39	248
Wheeling 84	190	59	131
Wheeling 85	120	26	94
Wheeling 86	175	26	149
Wheeling 87	139	25	114
Wheeling 88	166	29	137
Wheeling 89	102	23	79
Wheeling 90	182	30	152
Wheeling 91	251	50	201
Wheeling 92	258	35	223
Worth 1	98	20	78
Worth 2	218	30	188
Worth 3	208	40	168
Worth 4	259	60	199
Worth 5	241	41	200
Worth 6	190	39	151
Worth 7	149	33	116
Worth 8	215	56	159
Worth 9	284	54	230
Worth 10	272	48	224
Worth 11	235	43	192
Worth 12	111	27	84
Worth 13	262	43	219
Worth 14	200	41	159
Worth 15	273	42	231
Worth 16	254	56	198
Worth 17	211	45	166
Worth 18	130	25	105
Worth 19	174	36	138
Worth 20	125	29	96
Worth 21	279	63	216
Worth 22	180	34	146
Worth 23	178	37	141
Worth 24	112	28	84
Worth 25	240	51	189
Worth 26	160	38	122
Worth 27	177	44	133
Worth 28	140	26	114
Worth 29	192	27	165
Worth 30	213	44	169
Worth 31	290	50	240
Worth 32	161	29	132
Worth 33	145	27	118
Worth 34	170	33	137
Worth 35	222	43	179
Worth 36	263	52	211
Worth 37	163	32	131
Worth 38	289	38	251
Worth 39	221	39	182
Worth 40	240	44	196
Worth 41	160	29	131
Worth 42	152	36	116
Worth 43	140	23	117
Worth 44	117	24	93
Worth 45	194	33	161
Worth 46	237	46	191
Worth 47	108	32	76
Worth 48	165	31	134
Worth 49	122	21	101
Worth 50	201	33	168
Worth 51	122	31	91
Worth 52	103	23	80
Worth 53	218	56	162
Worth 54	244	50	194
Worth 55	99	19	80
Worth 56	219	46	173
Worth 57	252	48	204
Worth 58	216	47	169
Worth 59	374	68	306
Worth 60	128	25	103
Worth 61	165	42	123
Worth 62	141	34	107
Worth 63	196	31	165
Worth 64	240	47	193
Worth 65	247	49	198
Worth 66	134	39	95
Worth 67	80	14	66
Worth 68	168	36	132
Worth 69	280	64	216
Worth 70	265	63	202
Worth 71	127	32	95
Worth 72	227	48	179
Worth 73	113	27	86
Worth 74	110	24	86
Worth 75	258	22	236
Worth 76	98	22	76
Worth 77	227	39	188
Worth 78	249	62	187
Worth 79	111	24	87
Worth 80	248	34	214
Worth 81	119	28	91
Worth 82	187	36	151
Worth 83	97	23	74
Worth 84	227	50	177
Worth 85	204	37	167
Worth 86	234	46	188
Worth 87	130	28	102
Worth 88	129	30	99
Worth 89	243	42	201
Worth 90	223	41	182
Worth 91	124	22	102
Worth 92	206	28	178
Worth 93	121	23	98
Worth 94	220	45	175
Worth 95	185	37	148
Worth 96	253	28	225
Worth 97	196	36	160
Worth 98	255	40	215
Worth 99	108	25	83
Worth 100	240	43	197
