Precinct	total_votes	votes|YES	votes|NO
01001	238	209	29
01002	181	159	22
01003	264	235	29
01004	257	223	34
01005	232	208	24
01006	223	185	38
01007	164	146	18
01008	214	161	53
01009	211	160	51
01010	242	231	11
01011	241	222	19
01012	306	261	45
01013	124	108	16
01014	232	206	26
01015	238	207	31
01016	256	218	38
01017	225	201	24
01018	250	217	33
01019	276	239	37
01020	207	180	27
01021	252	237	15
01022	170	146	24
01023	364	329	35
01024	205	164	41
01025	210	194	16
01026	157	121	36
01027	246	224	22
01028	72	43	29
01029	254	224	30
01030	281	241	40
01031	250	199	51
01032	227	189	38
01033	271	228	43
01034	225	203	22
01035	294	256	38
01036	238	217	21
01037	242	205	37
01038	211	183	28
01039	204	163	41
01040	247	191	56
01041	167	155	12
01042	72	64	8
01043	151	131	20
01044	224	211	13
02001	247	228	19
02002	228	157	71
02003	289	265	24
02004	198	185	13
02005	287	260	27
02006	188	164	24
02007	221	194	27
02008	247	225	22
02009	167	137	30
02010	254	158	96
02011	297	203	94
02012	240	179	61
02013	242	175	67
02014	289	246	43
02015	247	219	28
02016	208	186	22
02017	314	279	35
02018	253	163	90
02019	209	150	59
02020	209	189	20
02021	264	240	24
02022	254	201	53
02023	213	158	55
02024	243	173	70
02025	244	212	32
02026	197	156	41
02027	233	167	66
02028	259	205	54
02029	255	200	55
02030	222	160	62
02031	343	244	99
02032	197	152	45
02033	420	315	105
02034	280	197	83
02035	241	197	44
02036	221	174	47
02037	259	183	76
02038	242	159	83
02039	185	125	60
02040	247	203	44
02041	165	123	42
02042	213	156	57
02043	245	195	50
02044	160	119	41
02045	257	197	60
02046	140	105	35
03001	335	236	99
03002	397	239	158
03003	235	165	70
03004	314	245	69
03005	140	99	41
03006	320	249	71
03007	222	155	67
03008	194	152	42
03009	276	199	77
03010	115	79	36
03011	255	203	52
03012	328	247	81
03013	346	287	59
03014	249	206	43
03015	234	188	46
03016	232	170	62
03017	273	233	40
03018	331	253	78
03019	287	215	72
03020	275	195	80
03021	341	238	103
03022	308	259	49
03023	219	146	73
03024	234	172	62
03025	434	318	116
03026	395	294	101
03027	322	267	55
03028	188	136	52
03029	255	174	81
03030	257	200	57
03031	293	219	74
03032	301	229	72
03033	272	232	40
03034	332	264	68
03035	102	77	25
03036	135	86	49
03037	209	154	55
03038	282	178	104
03039	359	304	55
03040	295	204	91
03041	250	175	75
04001	408	325	83
04002	327	268	59
04003	238	176	62
04004	381	284	97
04005	315	251	64
04006	374	244	130
04007	410	306	104
04008	353	273	80
04009	420	273	147
04010	377	285	92
04011	263	186	77
04012	310	243	67
04013	215	188	27
04014	320	219	101
04015	354	265	89
04016	362	309	53
04017	356	313	43
04018	302	232	70
04019	187	143	44
04020	298	227	71
04021	285	238	47
04022	307	246	61
04023	439	367	72
04024	282	214	68
04025	308	253	55
04026	265	187	78
04027	380	304	76
04028	246	143	103
04029	247	188	59
04030	326	228	98
04031	390	250	140
04032	314	243	71
04033	306	233	73
04034	278	203	75
04035	354	225	129
04036	340	249	91
04037	409	313	96
04038	354	232	122
05001	223	174	49
05002	165	111	54
05003	304	253	51
05004	342	280	62
05005	226	167	59
05006	225	166	59
05007	290	213	77
05008	340	280	60
05009	351	272	79
05010	203	153	50
05011	363	296	67
05012	179	128	51
05013	211	153	58
05014	274	213	61
05015	250	182	68
05016	216	150	66
05017	202	135	67
05018	280	218	62
05019	335	270	65
05020	357	262	95
05021	285	225	60
05022	384	299	85
05023	505	412	93
05024	324	269	55
05025	292	203	89
05026	282	196	86
05027	273	219	54
05028	324	243	81
05029	289	211	78
05030	179	125	54
05031	207	157	50
05032	350	239	111
05033	302	200	102
05034	324	271	53
05035	349	279	70
05036	146	98	48
05037	345	277	68
05038	254	199	55
05039	273	203	70
05040	210	154	56
05041	204	156	48
06001	279	187	92
06002	242	164	78
06003	263	173	90
06004	143	100	43
06005	123	90	33
06006	254	186	68
06007	217	166	51
06008	232	161	71
06009	158	116	42
06010	115	89	26
06011	178	140	38
06012	134	103	31
06013	169	111	58
06014	209	155	54
06015	136	96	40
06016	258	173	85
06017	134	93	41
06018	120	82	38
06019	177	127	50
06020	111	81	30
06021	103	77	26
06022	117	79	38
06023	89	58	31
06024	112	76	36
06025	105	67	38
06026	132	97	35
06027	105	65	40
06028	92	68	24
06029	281	190	91
06030	158	109	49
06031	278	177	101
06032	211	161	50
06033	238	160	78
06034	240	167	73
06035	211	152	59
06036	292	191	101
06037	284	190	94
06038	260	177	83
06039	182	131	51
06040	204	137	67
06041	235	162	73
06042	192	125	67
06043	196	146	50
06044	192	125	67
06045	236	153	83
06046	145	103	42
06047	163	112	51
06048	215	160	55
07001	190	138	52
07002	171	126	45
07003	259	190	69
07004	227	157	70
07005	181	131	50
07006	268	196	72
07007	171	131	40
07008	167	121	46
07009	393	286	107
07010	233	156	77
07011	178	129	49
07012	182	137	45
07013	148	100	48
07014	216	159	57
07015	226	171	55
07016	165	130	35
07017	155	111	44
07018	174	129	45
07019	210	150	60
07020	138	94	44
07021	160	114	46
07022	169	126	43
07023	258	167	91
07024	175	128	47
07025	135	84	51
07026	176	111	65
07027	178	122	56
07028	136	82	54
07029	168	104	64
07030	142	84	58
07031	115	81	34
07032	350	227	123
07033	340	227	113
07034	271	181	90
07035	213	138	75
07036	274	174	100
07037	225	132	93
07038	179	112	67
07039	201	135	66
07040	183	129	54
07041	188	124	64
07042	196	135	61
07043	194	123	71
07044	152	102	50
07045	156	101	55
07046	114	83	31
08001	184	130	54
08002	198	158	40
08003	293	190	103
08004	279	169	110
08005	287	190	97
08006	244	153	91
08007	286	202	84
08008	275	169	106
08009	173	124	49
08010	348	219	129
08011	196	133	63
08012	184	128	56
08013	231	150	81
08014	133	94	39
08015	204	146	58
08016	61	50	11
08017	217	139	78
08018	162	106	56
08019	289	174	115
08020	272	203	69
08021	276	178	98
08022	215	132	83
08023	187	125	62
08024	166	111	55
08025	203	131	72
08026	203	144	59
08027	275	187	88
08028	250	163	87
08029	284	194	90
08030	229	166	63
08031	177	110	67
08032	171	117	54
08033	217	143	74
08034	221	149	72
08035	255	180	75
08036	240	182	58
08037	229	150	79
08038	135	86	49
08039	227	158	69
08040	186	136	50
08041	233	167	66
08042	272	193	79
08043	113	72	41
08044	140	93	47
08045	177	118	59
08046	167	112	55
08047	181	117	64
08048	193	133	60
08049	218	161	57
08050	243	155	88
08051	267	189	78
08052	323	208	115
08053	128	83	45
08054	138	105	33
08055	201	132	69
08056	258	164	94
09001	212	141	71
09002	183	123	60
09003	128	101	27
09004	150	104	46
09005	214	143	71
09006	187	114	73
09007	154	113	41
09008	184	133	51
09009	237	150	87
09010	155	100	55
09011	159	100	59
09012	264	168	96
09013	267	176	91
09014	271	176	95
09015	127	98	29
09016	193	122	71
09017	131	86	45
09018	135	98	37
09019	187	121	66
09020	225	152	73
09021	178	119	59
09022	232	149	83
09023	269	174	95
09024	219	161	58
09025	211	154	57
09026	143	109	34
09027	174	127	47
09028	117	79	38
09029	156	94	62
09030	155	102	53
09031	139	83	56
09032	215	146	69
09033	144	90	54
09034	148	83	65
09035	223	152	71
09036	173	118	55
09037	321	236	85
09038	187	131	56
09039	233	158	75
09040	259	150	109
09041	153	96	57
09042	236	158	78
09043	165	104	61
09044	196	131	65
09045	145	102	43
09046	214	150	64
09047	261	179	82
09048	230	160	70
09049	225	137	88
09050	339	234	105
09051	227	160	67
10001	153	99	54
10002	194	148	46
10003	169	95	74
10004	132	111	21
10005	139	90	49
10006	127	73	54
10007	106	63	43
10008	79	47	32
10009	163	98	65
10010	190	121	69
10011	173	97	76
10012	110	70	40
10013	157	94	63
10014	198	119	79
10015	418	263	155
10016	121	81	40
10017	242	161	81
10018	97	68	29
10019	165	113	52
10020	178	110	68
10021	137	79	58
10022	87	63	24
10023	131	88	43
10024	184	109	75
10025	56	37	19
10026	110	76	34
10027	153	95	58
10028	169	110	59
10029	128	80	48
10030	146	92	54
10031	106	56	50
10032	153	95	58
10033	118	78	40
10034	87	51	36
10035	202	123	79
10036	48	30	18
11001	254	175	79
11002	18	11	7
11003	210	181	29
11004	236	147	89
11005	307	249	58
11006	298	255	43
11007	199	158	41
11008	213	156	57
11009	204	143	61
11010	215	149	66
11011	265	197	68
11012	352	269	83
11013	312	214	98
11014	94	56	38
11015	110	72	38
11016	183	134	49
11017	302	238	64
11018	210	151	59
11019	310	229	81
11020	173	126	47
11021	378	269	109
11022	284	186	98
11023	177	124	53
11024	375	266	109
11025	279	214	65
11026	330	234	96
11027	94	68	26
11028	108	80	28
11029	332	225	107
11030	127	77	50
11031	265	202	63
11032	140	90	50
11033	231	182	49
11034	108	77	31
11035	56	35	21
11036	97	70	27
11037	66	42	24
11038	122	97	25
12001	243	153	90
12002	167	104	63
12003	318	225	93
12004	253	182	71
12005	215	142	73
12006	190	117	73
12007	166	123	43
12008	245	157	88
12009	187	115	72
12010	212	150	62
12011	191	122	69
12012	185	118	67
12013	215	137	78
12014	161	99	62
12015	161	113	48
12016	144	81	63
12017	195	121	74
12018	138	93	45
12019	190	118	72
12020	213	128	85
12021	206	141	65
12022	152	115	37
12023	237	167	70
13001	208	139	69
13002	224	139	85
13003	168	103	65
13004	234	139	95
13005	239	142	97
13006	252	179	73
13007	148	92	56
13008	177	121	56
13009	177	118	59
13010	218	127	91
13011	247	165	82
13012	179	119	60
13013	217	141	76
13014	184	111	73
13015	307	197	110
13016	127	81	46
13017	188	123	65
13018	173	105	68
13019	162	104	58
13020	136	93	43
13021	246	143	103
13022	250	157	93
13023	149	101	48
13024	213	135	78
13025	197	125	72
13026	193	138	55
13027	218	157	61
13028	166	97	69
13029	156	96	60
13030	173	116	57
13031	254	176	78
13032	193	115	78
13033	249	159	90
13034	303	197	106
13035	220	138	82
13036	122	74	48
13037	260	148	112
13038	224	144	80
13039	206	125	81
13040	217	128	89
13041	202	120	82
13042	245	153	92
13043	245	173	72
13044	235	156	79
13045	277	181	96
13046	234	140	94
13047	213	119	94
13048	218	121	97
14001	294	189	105
14002	261	155	106
14003	160	94	66
14004	305	170	135
14005	250	147	103
14006	94	47	47
14007	213	107	106
14008	210	125	85
14009	291	175	116
14010	142	83	59
14011	107	58	49
14012	229	138	91
14013	193	132	61
14014	214	127	87
14015	197	112	85
14016	154	92	62
14017	164	97	67
14018	102	64	38
14019	206	108	98
14020	136	72	64
14021	205	127	78
14022	273	164	109
14023	189	106	83
14024	327	217	110
14025	128	85	43
14026	147	92	55
14027	205	112	93
14028	140	78	62
14029	186	119	67
14030	110	58	52
14031	102	51	51
15001	177	120	57
15002	111	79	32
15003	128	89	39
15004	183	121	62
15005	152	87	65
15006	166	89	77
15007	127	94	33
15008	163	108	55
15009	229	137	92
15010	215	128	87
15011	191	110	81
15012	200	125	75
15013	180	112	68
15014	141	89	52
15015	125	71	54
15016	190	100	90
15017	149	101	48
15018	97	68	29
15019	170	111	59
15020	114	72	42
15021	128	91	37
15022	114	81	33
15023	136	99	37
15024	110	88	22
16001	196	118	78
16002	147	102	45
16003	114	75	39
16004	126	85	41
16005	117	88	29
16006	138	88	50
16007	132	86	46
16008	95	61	34
16009	154	103	51
16010	116	78	38
16011	118	84	34
16012	101	70	31
16013	122	78	44
16014	108	79	29
16015	166	133	33
16016	136	87	49
16017	144	75	69
16018	138	94	44
16019	118	88	30
16020	123	86	37
16021	120	87	33
16022	114	78	36
16023	132	79	53
16024	77	50	27
16025	181	124	57
16026	132	98	34
16027	127	92	35
16028	149	110	39
16029	118	88	30
16030	108	75	33
16031	171	134	37
16032	156	101	55
16033	127	87	40
16034	110	73	37
16035	186	121	65
16036	109	70	39
17001	166	106	60
17002	163	115	48
17003	179	124	55
17004	241	162	79
17005	137	95	42
17006	149	110	39
17007	119	70	49
17008	125	87	38
17009	147	101	46
17010	249	175	74
17011	128	84	44
17012	214	142	72
17013	140	87	53
17014	192	124	68
17015	185	133	52
17016	142	78	64
17017	177	106	71
17018	225	143	82
17019	105	75	30
17020	266	181	85
17021	283	186	97
17022	166	116	50
17023	127	80	47
17024	207	128	79
17025	128	90	38
17026	201	121	80
17027	179	118	61
17028	144	95	49
17029	170	110	60
17030	119	63	56
17031	101	63	38
17032	126	84	42
17033	101	62	39
17034	121	82	39
17035	125	88	37
17036	174	125	49
17037	163	100	63
17038	158	112	46
17039	187	129	58
17040	215	136	79
17041	253	175	78
18001	155	91	64
18002	167	103	64
18003	167	93	74
18004	270	178	92
18005	133	92	41
18006	176	109	67
18007	191	123	68
18008	220	146	74
18009	253	159	94
18010	318	214	104
18011	173	114	59
18012	201	125	76
18013	241	171	70
18014	218	152	66
18015	238	158	80
18016	202	130	72
18017	212	129	83
18018	207	134	73
18019	238	145	93
18020	168	106	62
18021	265	179	86
18022	274	157	117
18023	180	125	55
18024	179	107	72
18025	181	113	68
18026	286	194	92
18027	158	110	48
18028	180	116	64
18029	230	128	102
18030	200	121	79
18031	210	135	75
18032	246	168	78
18033	163	97	66
18034	287	189	98
18035	288	181	107
18036	212	148	64
18037	259	178	81
18038	198	133	65
18039	161	109	52
18040	242	142	100
18041	267	166	101
18042	148	97	51
18043	142	81	61
18044	200	108	92
18045	160	89	71
18046	225	137	88
18047	152	97	55
18048	155	117	38
18049	129	88	41
18050	142	92	50
19001	288	181	107
19002	411	279	132
19003	212	123	89
19004	321	221	100
19005	358	253	105
19006	309	204	105
19007	282	184	98
19008	284	181	103
19009	236	123	113
19010	408	300	108
19011	257	163	94
19012	245	130	115
19013	357	249	108
19014	326	198	128
19015	338	228	110
19016	306	198	108
19017	263	187	76
19018	282	203	79
19019	399	273	126
19020	268	173	95
19021	270	175	95
19022	344	225	119
19023	304	214	90
19024	231	149	82
19025	319	209	110
19026	337	234	103
19027	300	223	77
19028	320	221	99
19029	245	162	83
19030	262	159	103
19031	301	214	87
19032	262	201	61
19033	286	177	109
19034	291	203	88
19035	312	202	110
19036	357	263	94
19037	314	243	71
19038	279	190	89
19039	76	51	25
19040	314	233	81
19041	255	174	81
19042	235	140	95
19043	364	243	121
19044	275	172	103
19045	313	208	105
19046	328	212	116
19047	438	292	146
19048	297	209	88
19049	391	277	114
19050	217	155	62
19051	367	252	115
19052	292	191	101
19053	290	197	93
19054	223	143	80
19055	229	139	90
19056	350	235	115
19057	268	205	63
20001	218	161	57
20002	72	56	16
20003	170	138	32
20004	73	54	19
20005	230	175	55
20006	77	64	13
20007	177	142	35
20008	210	138	72
20009	281	222	59
20010	149	122	27
20011	225	175	50
20012	113	84	29
20013	204	146	58
20014	117	90	27
20015	138	83	55
20016	219	151	68
20017	99	60	39
20018	145	93	52
20019	152	108	44
20020	124	80	44
20021	112	82	30
20022	255	196	59
20023	191	139	52
20024	211	165	46
20025	134	86	48
20026	242	178	64
20027	91	60	31
20028	128	102	26
20029	268	185	83
20030	93	65	28
20031	209	161	48
20032	146	113	33
20033	151	108	43
20034	270	219	51
20035	78	57	21
20036	62	38	24
20037	62	41	21
20038	59	42	17
20039	20	16	4
21001	246	156	90
21002	153	93	60
21003	249	163	86
21004	197	124	73
21005	275	184	91
21006	165	101	64
21007	243	158	85
21008	230	157	73
21009	254	164	90
21010	187	132	55
21011	193	124	69
21012	179	126	53
21013	200	121	79
21014	281	181	100
21015	172	123	49
21016	198	139	59
21017	174	131	43
21018	244	166	78
21019	235	156	79
21020	169	118	51
21021	189	125	64
21022	202	122	80
21023	195	130	65
21024	229	130	99
21025	201	132	69
21026	190	136	54
21027	196	132	64
21028	257	163	94
21029	229	142	87
21030	173	114	59
21031	181	118	63
21032	205	138	67
21033	184	124	60
21034	181	123	58
21035	263	170	93
21036	216	150	66
21037	190	121	69
21038	181	133	48
21039	144	93	51
21040	190	123	67
21041	213	131	82
21042	245	161	84
21043	210	138	72
21044	221	144	77
21045	179	109	70
21046	226	149	77
21047	176	126	50
21048	198	137	61
21049	264	169	95
21050	167	114	53
21051	201	140	61
21052	214	151	63
21053	169	106	63
21054	203	131	72
22001	129	80	49
22002	270	181	89
22003	257	143	114
22004	146	84	62
22005	152	77	75
22006	164	95	69
22007	128	75	53
22008	287	179	108
22009	137	89	48
22010	231	124	107
22011	151	97	54
22012	212	150	62
22013	179	109	70
22014	154	100	54
22015	132	93	39
22016	133	81	52
22017	194	118	76
22018	144	89	55
22019	70	48	22
22020	164	89	75
22021	170	118	52
22022	147	102	45
22023	278	176	102
22024	184	120	64
22025	174	113	61
23001	244	143	101
23002	215	127	88
23003	230	136	94
23004	254	182	72
23005	183	101	82
23006	183	116	67
23007	166	96	70
23008	241	147	94
23009	179	111	68
23010	216	140	76
23011	188	108	80
23012	237	149	88
23013	150	79	71
23014	212	119	93
23015	158	89	69
23016	244	151	93
23017	103	59	44
23018	187	125	62
23019	151	102	49
23020	114	52	62
23021	263	155	108
23022	213	141	72
23023	236	140	96
23024	167	92	75
23025	168	98	70
23026	210	124	86
23027	221	139	82
23028	212	124	88
23029	189	121	68
23030	225	107	118
23031	151	86	65
23032	189	98	91
23033	192	116	76
23034	188	110	78
23035	166	98	68
23036	217	124	93
23037	245	143	102
23038	189	101	88
23039	179	104	75
24001	135	94	41
24002	136	90	46
24003	135	95	40
24004	113	85	28
24005	82	55	27
24006	153	91	62
24007	101	75	26
24008	70	56	14
24009	124	88	36
24010	71	42	29
24011	144	101	43
24012	79	54	25
24013	58	32	26
24014	116	78	38
24015	63	49	14
24016	240	186	54
24017	126	91	35
24018	165	119	46
24019	193	124	69
24020	114	82	32
24021	65	48	17
24022	185	125	60
24023	112	89	23
24024	170	126	44
24025	122	84	38
24026	240	162	78
24027	169	111	58
24028	115	81	34
24029	132	92	40
24030	89	63	26
24031	154	100	54
24032	75	51	24
24033	83	58	25
24034	133	95	38
24035	121	91	30
24036	185	123	62
24037	86	63	23
24038	133	88	45
24039	187	126	61
24040	149	107	42
24041	119	72	47
25001	219	160	59
25002	241	199	42
25003	254	221	33
25004	180	143	37
25005	255	204	51
25006	78	45	33
25007	235	187	48
25008	251	190	61
25009	208	170	38
25010	253	213	40
25011	258	197	61
25012	233	191	42
25013	242	188	54
25014	122	76	46
25015	190	144	46
25016	228	198	30
25017	285	224	61
25018	106	72	34
25019	258	212	46
25020	129	99	30
25021	364	307	57
25022	221	183	38
25023	285	210	75
25024	236	192	44
25025	203	151	52
25026	216	158	58
25027	219	200	19
25028	261	210	51
25029	182	142	40
25030	221	180	41
25031	237	197	40
25032	198	141	57
26001	194	168	26
26002	179	144	35
26003	204	182	22
26004	104	59	45
26005	174	136	38
26006	140	108	32
26007	178	164	14
26008	90	59	31
26009	164	109	55
26010	164	135	29
26011	171	125	46
26012	182	151	31
26013	80	55	25
26014	130	98	32
26015	73	47	26
26016	81	54	27
26017	138	118	20
26018	105	67	38
26019	94	62	32
26020	163	135	28
26021	186	147	39
26022	74	54	20
26023	99	70	29
26024	156	116	40
26025	153	120	33
26026	108	93	15
26027	224	183	41
26028	254	223	31
26029	107	86	21
26030	135	114	21
26031	86	55	31
26032	198	169	29
26033	183	161	22
26034	228	195	33
26035	167	137	30
26036	143	129	14
26037	164	134	30
26038	64	41	23
26039	182	152	30
26040	105	89	16
26041	177	147	30
26042	136	117	19
26043	81	59	22
26044	100	51	49
26045	52	29	23
26046	112	92	20
26047	91	62	29
26048	156	140	16
26049	73	42	31
27001	216	188	28
27002	195	145	50
27003	109	69	40
27004	109	77	32
27005	147	106	41
27006	177	133	44
27007	270	237	33
27008	126	89	37
27009	97	72	25
27010	228	142	86
27011	181	160	21
27012	118	95	23
27013	295	218	77
27014	94	70	24
27015	86	63	23
27016	146	127	19
27017	173	137	36
27018	135	105	30
27019	81	59	22
27020	97	70	27
27021	178	152	26
27022	106	75	31
27023	154	108	46
27024	104	73	31
27025	183	139	44
27026	153	110	43
27027	187	137	50
27028	107	76	31
27029	102	76	26
27030	98	66	32
27031	154	106	48
27032	163	132	31
27033	182	145	37
27034	135	85	50
27035	212	187	25
27036	148	114	34
27037	225	175	50
27038	354	230	124
27039	157	117	40
27040	247	202	45
27041	181	120	61
27042	144	106	38
27043	121	91	30
27044	115	77	38
27045	274	237	37
27046	139	115	24
27047	158	120	38
27048	281	217	64
27049	131	95	36
27050	169	118	51
28001	106	66	40
28002	132	98	34
28003	125	94	31
28004	121	96	25
28005	108	73	35
28006	114	90	24
28007	131	85	46
28008	142	118	24
28009	139	92	47
28010	222	174	48
28011	268	214	54
28012	148	96	52
28013	166	115	51
28014	144	99	45
28015	43	31	12
28016	90	61	29
28017	118	81	37
28018	130	76	54
28019	159	123	36
28020	139	107	32
28021	128	96	32
28022	136	110	26
28023	161	118	43
28024	127	93	34
28025	234	168	66
28026	160	118	42
28027	181	124	57
28028	229	176	53
28029	71	56	15
28030	37	32	5
28031	248	167	81
28032	142	96	46
28033	166	114	52
28034	211	144	67
28035	164	131	33
28036	76	43	33
28037	184	127	57
28038	62	41	21
28039	91	67	24
28040	197	137	60
28041	119	86	33
28042	147	97	50
28043	166	116	50
28044	104	72	32
28045	142	128	14
28046	281	211	70
29001	339	226	113
29002	286	183	103
29003	192	118	74
29004	251	145	106
29005	140	95	45
29006	162	114	48
29007	248	159	89
29008	131	93	38
29009	282	188	94
29010	317	227	90
29011	123	73	50
29012	255	166	89
29013	212	152	60
29014	194	137	57
29015	248	171	77
29016	229	169	60
29017	208	149	59
29018	208	141	67
29019	222	154	68
29020	240	163	77
29021	220	146	74
29022	183	114	69
29023	238	157	81
29024	199	127	72
29025	255	180	75
29026	235	157	78
29027	181	119	62
29028	244	156	88
29029	202	135	67
29030	285	162	123
29031	182	116	66
29032	149	103	46
29033	181	122	59
29034	114	69	45
29035	149	102	47
29036	191	135	56
29037	204	133	71
29038	181	119	62
29039	194	121	73
29040	246	149	97
29041	147	91	56
29042	214	153	61
29043	296	225	71
29044	257	169	88
30001	225	160	65
30002	156	91	65
30003	164	133	31
30004	170	122	48
30005	97	54	43
30006	145	91	54
30007	197	147	50
30008	249	185	64
30009	141	80	61
30010	163	89	74
30011	131	79	52
30012	121	66	55
30013	150	94	56
30014	99	64	35
30015	248	205	43
30016	76	43	33
30017	197	139	58
30018	209	162	47
30019	156	89	67
30020	198	146	52
30021	149	92	57
30022	249	200	49
30023	185	140	45
30024	242	209	33
30025	270	232	38
30026	124	81	43
30027	105	78	27
30028	238	192	46
30029	84	53	31
30030	55	27	28
30031	127	91	36
30032	170	131	39
31001	94	66	28
31002	103	71	32
31003	105	74	31
31004	200	156	44
31005	151	109	42
31006	93	43	50
31007	216	182	34
31008	99	67	32
31009	124	86	38
31010	103	75	28
31011	98	68	30
31012	96	67	29
31013	138	96	42
31014	115	77	38
31015	121	79	42
31016	188	156	32
31017	110	66	44
31018	112	67	45
31019	102	69	33
31020	111	67	44
31021	111	64	47
31022	94	58	36
31023	124	88	36
31024	162	97	65
31025	109	74	35
31026	133	81	52
31027	139	72	67
31028	97	76	21
31029	136	85	51
31030	90	60	30
31031	112	65	47
31032	84	53	31
31033	109	67	42
31034	121	75	46
31035	113	64	49
31036	148	100	48
31037	117	72	45
31038	93	54	39
31039	147	120	27
31040	133	109	24
31041	110	67	43
32001	281	234	47
32002	246	221	25
32003	319	284	35
32004	248	215	33
32005	246	218	28
32006	261	248	13
32007	243	218	25
32008	244	216	28
32009	235	198	37
32010	268	208	60
32011	303	279	24
32012	225	201	24
32013	233	203	30
32014	296	268	28
32015	251	213	38
32016	259	228	31
32017	311	268	43
32018	222	185	37
32019	221	197	24
32020	299	271	28
32021	287	248	39
32022	398	358	40
32023	237	198	39
32024	164	137	27
32025	250	226	24
32026	323	292	31
32027	221	193	28
32028	292	263	29
32029	280	243	37
32030	197	160	37
32031	257	231	26
32032	251	227	24
32033	278	223	55
32034	247	221	26
32035	224	195	29
32036	267	239	28
32037	213	194	19
32038	222	183	39
32039	266	210	56
32040	277	240	37
32041	256	193	63
32042	221	187	34
32043	246	229	17
33001	279	227	52
33002	381	263	118
33003	375	315	60
33004	336	288	48
33005	196	167	29
33006	230	173	57
33007	282	226	56
33008	448	365	83
33009	325	267	58
33010	250	184	66
33011	288	223	65
33012	256	187	69
33013	246	205	41
33014	125	99	26
33015	315	249	66
33016	370	288	82
33017	297	234	63
33018	334	275	59
33019	254	201	53
33020	294	255	39
33021	306	259	47
33022	289	221	68
33023	306	268	38
33024	478	409	69
33025	329	268	61
33026	201	166	35
33027	268	216	52
33028	269	230	39
34001	249	159	90
34002	196	134	62
34003	193	113	80
34004	142	88	54
34005	183	135	48
34006	234	146	88
34007	244	168	76
34008	175	115	60
34009	157	117	40
34010	216	151	65
34011	156	98	58
34012	215	135	80
34013	225	170	55
34014	159	103	56
34015	151	91	60
34016	171	128	43
34017	270	173	97
34018	155	109	46
34019	205	149	56
34020	266	170	96
34021	286	176	110
34022	229	143	86
34023	169	113	56
34024	182	127	55
34025	337	226	111
34026	250	171	79
34027	185	124	61
34028	118	77	41
34029	166	103	63
34030	243	171	72
34031	152	107	45
34032	188	130	58
34033	167	106	61
34034	244	167	77
34035	231	149	82
34036	210	133	77
34037	111	76	35
34038	84	62	22
34039	130	91	39
34040	218	146	72
34041	138	91	47
34042	243	162	81
34043	233	140	93
34044	241	173	68
34045	228	153	75
34046	160	94	66
34047	179	128	51
34048	267	179	88
34049	227	160	67
34050	156	91	65
34051	255	156	99
34052	177	112	65
34053	117	77	40
35001	231	185	46
35002	314	272	42
35003	210	177	33
35004	218	171	47
35005	206	172	34
35006	214	185	29
35007	236	204	32
35008	248	214	34
35009	210	146	64
35010	336	319	17
35011	249	205	44
35012	144	85	59
35013	131	89	42
35014	150	100	50
35015	268	226	42
35016	111	65	46
35017	241	214	27
35018	150	92	58
35019	101	57	44
35020	179	135	44
35021	210	162	48
35022	262	215	47
35023	248	199	49
35024	199	156	43
35025	261	238	23
35026	198	140	58
35027	204	148	56
35028	210	171	39
35029	163	110	53
35030	174	118	56
35031	267	207	60
36001	164	113	51
36002	138	89	49
36003	157	91	66
36004	125	75	50
36005	139	72	67
36006	130	88	42
36007	260	162	98
36008	120	64	56
36009	126	89	37
36010	196	119	77
36011	98	55	43
36012	83	56	27
36013	89	49	40
36014	197	139	58
36015	217	158	59
36016	210	145	65
36017	228	153	75
36018	189	128	61
36019	200	126	74
36020	190	123	67
36021	118	69	49
36022	115	67	48
36023	107	53	54
36024	141	91	50
36025	132	80	52
36026	157	98	59
36027	168	106	62
36028	148	93	55
36029	195	110	85
36030	167	109	58
37001	129	85	44
37002	114	75	39
37003	106	90	16
37004	126	80	46
37005	191	119	72
37006	169	114	55
37007	113	66	47
37008	119	79	40
37009	179	118	61
37010	195	115	80
37011	98	55	43
37012	107	77	30
37013	120	76	44
37014	189	122	67
37015	189	130	59
37016	174	128	46
37017	140	96	44
37018	169	110	59
37019	135	83	52
37020	136	94	42
37021	158	113	45
37022	131	85	46
37023	182	128	54
37024	198	137	61
37025	164	102	62
37026	230	155	75
37027	174	109	65
37028	140	87	53
37029	172	108	64
37030	149	98	51
37031	166	110	56
37032	167	106	61
37033	190	118	72
37034	156	104	52
37035	200	129	71
37036	147	96	51
37037	213	150	63
37038	217	137	80
37039	140	91	49
37040	201	127	74
37041	152	101	51
38001	181	148	33
38002	253	142	111
38003	179	118	61
38004	199	142	57
38005	195	121	74
38006	180	111	69
38007	194	129	65
38008	184	114	70
38009	224	138	86
38010	170	106	64
38011	220	164	56
38012	215	117	98
38013	228	146	82
38014	230	163	67
38015	174	106	68
38016	220	132	88
38017	239	164	75
38018	223	152	71
38019	254	152	102
38020	218	155	63
38021	194	123	71
38022	224	166	58
38023	246	165	81
38024	195	133	62
38025	181	130	51
38026	203	118	85
38027	186	135	51
38028	246	165	81
38029	194	129	65
38030	187	124	63
38031	230	179	51
38032	201	137	64
38033	208	137	71
38034	189	138	51
38035	197	135	62
38036	176	128	48
38037	210	134	76
38038	186	123	63
38039	248	172	76
38040	220	147	73
38041	250	190	60
39001	267	182	85
39002	230	143	87
39003	303	248	55
39004	255	178	77
39005	236	168	68
39006	229	168	61
39007	197	145	52
39008	221	153	68
39009	199	141	58
39010	130	107	23
39011	202	129	73
39012	269	213	56
39013	169	115	54
39014	207	153	54
39015	252	171	81
39016	166	108	58
39017	294	239	55
39018	262	185	77
39019	248	190	58
39020	292	200	92
39021	230	147	83
39022	162	110	52
39023	288	212	76
39024	323	235	88
39025	187	135	52
39026	221	155	66
39027	65	50	15
39028	331	278	53
39029	112	86	26
39030	281	209	72
39031	200	148	52
39032	206	115	91
39033	253	183	70
39034	262	198	64
39035	223	157	66
39036	66	27	39
39037	314	221	93
39038	185	133	52
39039	162	112	50
39040	221	142	79
39041	285	194	91
39042	317	190	127
39043	290	195	95
39044	201	132	69
39045	251	173	78
40001	197	128	69
40002	229	184	45
40003	341	303	38
40004	141	112	29
40005	283	231	52
40006	319	294	25
40007	314	266	48
40008	353	314	39
40009	180	125	55
40010	202	149	53
40011	282	241	41
40012	209	182	27
40013	449	420	29
40014	165	112	53
40015	228	185	43
40016	376	330	46
40017	246	208	38
40018	170	123	47
40019	301	242	59
40020	220	179	41
40021	356	309	47
40022	274	245	29
40023	371	321	50
40024	176	118	58
40025	331	294	37
40026	306	266	40
40027	345	292	53
40028	296	267	29
40029	282	210	72
40030	274	207	67
40031	336	301	35
40032	328	286	42
40033	330	290	40
40034	192	145	47
40035	161	93	68
40036	261	226	35
40037	257	208	49
40038	352	318	34
40039	60	41	19
41001	224	136	88
41002	270	155	115
41003	242	167	75
41004	291	209	82
41005	269	184	85
41006	346	226	120
41007	276	183	93
41008	277	182	95
41009	240	148	92
41010	343	229	114
41011	298	177	121
41012	232	141	91
41013	279	176	103
41014	306	196	110
41015	327	222	105
41016	217	141	76
41017	280	171	109
41018	215	145	70
41019	319	214	105
41020	217	124	93
41021	250	168	82
41022	316	222	94
41023	226	124	102
41024	207	123	84
41025	115	76	39
41026	292	191	101
41027	165	91	74
41028	195	135	60
41029	133	80	53
41030	227	166	61
41031	312	130	182
41032	199	124	75
41033	219	144	75
41034	236	164	72
41035	342	211	131
41036	261	184	77
41037	272	162	110
41038	225	163	62
41039	277	175	102
41040	302	188	114
41041	230	155	75
41042	256	142	114
41043	265	161	104
41044	289	169	120
41045	212	126	86
41046	305	183	122
41047	287	196	91
42001	263	190	73
42002	203	154	49
42003	242	183	59
42004	347	272	75
42005	175	148	27
42006	356	237	119
42007	288	186	102
42008	259	186	73
42009	230	191	39
42010	291	225	66
42011	203	116	87
42012	284	222	62
42013	314	192	122
42014	220	175	45
42015	191	153	38
42016	264	217	47
42017	329	266	63
42018	167	153	14
42019	349	223	126
42020	204	164	40
42021	201	172	29
42022	107	80	27
42023	263	182	81
42024	265	186	79
42025	223	167	56
42026	272	212	60
42027	220	179	41
42028	333	238	95
42029	254	199	55
42030	296	208	88
42031	270	190	80
42032	196	143	53
42033	256	195	61
42034	249	160	89
42035	313	237	76
42036	314	265	49
42037	154	134	20
42038	191	157	34
42039	227	191	36
42040	277	210	67
42041	219	181	38
42042	338	271	67
43001	141	118	23
43002	231	180	51
43003	258	204	54
43004	270	216	54
43005	201	165	36
43006	181	150	31
43007	175	146	29
43008	206	159	47
43009	288	226	62
43010	312	241	71
43011	162	134	28
43012	189	143	46
43013	249	199	50
43014	307	231	76
43015	257	216	41
43016	195	169	26
43017	196	168	28
43018	287	226	61
43019	299	237	62
43020	247	210	37
43021	253	209	44
43022	157	126	31
43023	168	150	18
43024	176	123	53
43025	250	188	62
43026	193	154	39
43027	273	214	59
43028	301	217	84
43029	224	182	42
43030	248	201	47
43031	264	203	61
43032	292	232	60
43033	318	214	104
43034	234	179	55
43035	349	247	102
43036	100	91	9
43037	212	175	37
43038	236	165	71
43039	185	148	37
43040	171	145	26
43041	332	272	60
43042	251	206	45
43043	317	225	92
43044	264	211	53
43045	182	137	45
43046	120	102	18
44001	425	354	71
44002	269	238	31
44003	262	185	77
44004	287	216	71
44005	277	240	37
44006	328	290	38
44007	230	159	71
44008	367	322	45
44009	241	208	33
44010	230	205	25
44011	276	244	32
44012	301	239	62
44013	187	153	34
44014	192	169	23
44015	261	222	39
44016	299	263	36
44017	417	345	72
44018	256	214	42
44019	364	305	59
44020	247	232	15
44021	308	273	35
44022	342	288	54
44023	245	213	32
44024	236	191	45
44025	278	243	35
44026	286	258	28
44027	331	283	48
44028	256	212	44
44029	234	197	37
44030	290	259	31
44031	231	201	30
44032	296	249	47
44033	255	246	9
44034	310	283	27
44035	389	273	116
44036	254	226	28
44037	294	258	36
44038	213	185	28
44039	251	225	26
44040	223	183	40
44041	313	265	48
45001	193	156	37
45002	222	195	27
45003	237	199	38
45004	316	261	55
45005	280	225	55
45006	337	280	57
45007	396	308	88
45008	222	170	52
45009	234	159	75
45010	264	190	74
45011	158	120	38
45012	248	187	61
45013	226	172	54
45014	288	224	64
45015	325	268	57
45016	232	179	53
45017	255	172	83
45018	231	153	78
45019	116	76	40
45020	165	108	57
45021	234	161	73
45022	202	138	64
45023	222	155	67
45024	195	127	68
45025	162	96	66
45026	139	77	62
45027	209	131	78
45028	188	135	53
45029	148	92	56
45030	205	157	48
45031	177	138	39
45032	177	125	52
45033	161	121	40
45034	245	193	52
45035	295	211	84
45036	277	193	84
45037	224	161	63
45038	189	140	49
45039	205	138	67
45040	244	161	83
45041	226	152	74
45042	234	156	78
45043	248	175	73
45044	235	167	68
45045	137	83	54
45046	178	112	66
45047	156	105	51
45048	186	116	70
46001	228	198	30
46002	251	224	27
46003	366	311	55
46004	262	230	32
46005	286	262	24
46006	211	185	26
46007	367	291	76
46008	187	132	55
46009	307	274	33
46010	350	328	22
46011	235	207	28
46012	318	292	26
46013	261	228	33
46014	232	171	61
46015	280	234	46
46016	323	297	26
46017	339	274	65
46018	305	254	51
46019	239	189	50
46020	239	193	46
46021	157	130	27
46022	183	137	46
46023	217	193	24
46024	329	284	45
46025	243	221	22
46026	275	256	19
46027	347	314	33
46028	338	267	71
46029	249	212	37
46030	265	217	48
46031	254	223	31
46032	234	192	42
46033	332	279	53
46034	274	255	19
46035	265	187	78
46036	297	231	66
46037	214	158	56
46038	208	173	35
46039	280	247	33
46040	269	227	42
47001	169	154	15
47002	336	259	77
47003	351	272	79
47004	370	309	61
47005	355	311	44
47006	312	266	46
47007	264	230	34
47008	317	266	51
47009	274	236	38
47010	391	352	39
47011	263	241	22
47012	357	316	41
47013	324	282	42
47014	309	264	45
47015	416	394	22
47016	342	290	52
47017	293	241	52
47018	312	268	44
47019	373	342	31
47020	302	263	39
47021	304	257	47
47022	365	317	48
47023	363	333	30
47024	297	261	36
47025	325	291	34
47026	364	332	32
47027	280	236	44
47028	323	280	43
47029	319	282	37
47030	365	326	39
47031	282	247	35
47032	399	368	31
47033	235	209	26
47034	357	311	46
47035	314	264	50
47036	370	343	27
47037	339	299	40
47038	325	290	35
47039	335	298	37
47040	388	344	44
47041	375	330	45
47042	326	300	26
47043	272	232	40
47044	234	174	60
47045	318	275	43
47046	307	247	60
47047	326	281	45
47048	36	20	16
48001	286	259	27
48002	180	145	35
48003	307	259	48
48004	273	235	38
48005	228	187	41
48006	345	292	53
48007	325	301	24
48008	190	141	49
48009	203	157	46
48010	447	401	46
48011	295	274	21
48012	350	314	36
48013	402	315	87
48014	170	131	39
48015	170	137	33
48016	281	250	31
48017	304	256	48
48018	231	167	64
48019	267	237	30
48020	374	329	45
48021	318	269	49
48022	331	257	74
48023	363	249	114
48024	306	224	82
48025	335	295	40
48026	131	103	28
48027	306	249	57
48028	330	236	94
48029	197	149	48
48030	298	265	33
48031	316	255	61
48032	278	243	35
48033	220	163	57
48034	274	244	30
48035	201	148	53
48036	216	176	40
48037	294	262	32
48038	376	321	55
48039	260	205	55
48040	291	253	38
48041	300	266	34
48042	401	357	44
48043	302	252	50
48044	390	359	31
48045	246	214	32
48046	209	148	61
49001	168	147	21
49002	191	171	20
49003	304	265	39
49004	352	318	34
49005	337	272	65
49006	275	242	33
49007	295	239	56
49008	216	171	45
49009	292	257	35
49010	337	285	52
49011	373	330	43
49012	409	373	36
49013	357	296	61
49014	278	238	40
49015	202	163	39
49016	322	265	57
49017	167	133	34
49018	386	352	34
49019	221	186	35
49020	451	403	48
49021	165	113	52
49022	322	257	65
49023	360	314	46
49024	202	163	39
49025	376	335	41
49026	332	292	40
49027	309	275	34
49028	369	333	36
49029	383	348	35
49030	355	295	60
49031	247	210	37
49032	292	257	35
49033	248	209	39
50001	242	141	101
50002	138	88	50
50003	223	140	83
50004	250	178	72
50005	175	96	79
50006	263	177	86
50007	322	247	75
50008	185	137	48
50009	191	130	61
50010	170	89	81
50011	170	71	99
50012	116	71	45
50013	180	130	50
50014	78	47	31
50015	308	253	55
50016	90	55	35
50017	152	96	56
50018	68	26	42
50019	126	82	44
50020	235	192	43
50021	204	157	47
50022	138	77	61
50023	122	70	52
50024	179	79	100
50025	191	98	93
50026	161	96	65
50027	70	41	29
50028	170	110	60
50029	123	94	29
50030	137	97	40
50031	219	153	66
50032	181	140	41
50033	242	141	101
50034	346	261	85
50035	308	232	76
50036	234	190	44
50037	249	202	47
50038	121	76	45
50039	114	60	54
50040	232	117	115
Barrington 1	281	151	130
Barrington 2	281	169	112
Barrington 3	253	110	143
Barrington 4	320	151	169
Barrington 5	269	123	146
Barrington 6	339	200	139
Barrington 7	85	49	36
Barrington 8	312	146	166
Barrington 9	246	143	103
Barrington 10	324	204	120
Barrington 11	178	85	93
Berwyn Ward 1 Precinct 1	221	170	51
Berwyn Ward 1 Precinct 2	233	162	71
Berwyn Ward 1 Precinct 3	349	223	126
Berwyn Ward 1 Precinct 4	247	170	77
Berwyn Ward 1 Precinct 5	259	192	67
Berwyn Ward 2 Precinct 1	159	103	56
Berwyn Ward 2 Precinct 2	226	143	83
Berwyn Ward 2 Precinct 3	338	203	135
Berwyn Ward 2 Precinct 4	342	232	110
Berwyn Ward 3 Precinct 1	244	150	94
Berwyn Ward 3 Precinct 2	197	146	51
Berwyn Ward 3 Precinct 3	214	136	78
Berwyn Ward 3 Precinct 4	257	168	89
Berwyn Ward 3 Precinct 5	388	283	105
Berwyn Ward 4 Precinct 1	144	91	53
Berwyn Ward 4 Precinct 2	263	161	102
Berwyn Ward 4 Precinct 3	297	173	124
Berwyn Ward 4 Precinct 4	190	107	83
Berwyn Ward 5 Precinct 1	372	226	146
Berwyn Ward 5 Precinct 2	211	146	65
Berwyn Ward 5 Precinct 3	188	119	69
Berwyn Ward 6 Precinct 1	124	81	43
Berwyn Ward 6 Precinct 2	172	120	52
Berwyn Ward 6 Precinct 3	208	139	69
Berwyn Ward 6 Precinct 4	246	168	78
Berwyn Ward 7 Precinct 1	177	117	60
Berwyn Ward 7 Precinct 2	204	130	74
Berwyn Ward 7 Precinct 3	241	166	75
Berwyn Ward 7 Precinct 4	276	190	86
Berwyn Ward 8 Precinct 1	337	255	82
Berwyn Ward 8 Precinct 2	209	144	65
Berwyn Ward 8 Precinct 3	146	110	36
Bloom 1	399	281	118
Bloom 2	420	285	135
Bloom 3	160	112	48
Bloom 4	166	111	55
Bloom 5	179	112	67
Bloom 6	95	63	32
Bloom 7	265	168	97
Bloom 8	202	128	74
Bloom 9	217	143	74
Bloom 10	96	72	24
Bloom 11	154	101	53
Bloom 12	215	128	87
Bloom 13	435	303	132
Bloom 14	301	171	130
Bloom 15	190	129	61
Bloom 16	250	137	113
Bloom 17	197	134	63
Bloom 18	219	141	78
Bloom 19	393	243	150
Bloom 20	390	274	116
Bloom 21	58	46	12
Bloom 22	163	121	42
Bloom 23	179	125	54
Bloom 24	373	243	130
Bloom 25	152	97	55
Bloom 26	107	69	38
Bloom 27	195	124	71
Bloom 28	249	157	92
Bloom 29	106	71	35
Bloom 30	443	309	134
Bloom 31	271	171	100
Bloom 32	153	88	65
Bloom 33	259	166	93
Bloom 34	210	150	60
Bloom 35	99	64	35
Bloom 36	329	187	142
Bloom 37	182	109	73
Bloom 38	620	367	253
Bloom 39	156	102	54
Bloom 40	245	152	93
Bloom 41	353	225	128
Bloom 42	282	180	102
Bloom 43	301	206	95
Bloom 44	291	151	140
Bloom 45	353	226	127
Bloom 46	174	122	52
Bloom 47	501	360	141
Bloom 48	278	179	99
Bloom 49	300	176	124
Bloom 50	287	182	105
Bloom 51	103	74	29
Bloom 52	177	121	56
Bloom 53	110	72	38
Bloom 54	230	149	81
Bloom 55	138	93	45
Bloom 56	202	117	85
Bloom 57	245	151	94
Bloom 58	218	144	74
Bloom 59	196	127	69
Bloom 60	235	131	104
Bloom 61	207	125	82
Bremen 1	224	155	69
Bremen 2	231	156	75
Bremen 3	181	107	74
Bremen 4	199	131	68
Bremen 5	177	122	55
Bremen 6	149	102	47
Bremen 7	133	96	37
Bremen 8	152	92	60
Bremen 9	200	130	70
Bremen 10	259	165	94
Bremen 11	250	138	112
Bremen 12	162	95	67
Bremen 13	278	179	99
Bremen 14	148	102	46
Bremen 15	146	99	47
Bremen 16	284	182	102
Bremen 17	199	133	66
Bremen 18	255	179	76
Bremen 19	95	61	34
Bremen 20	193	138	55
Bremen 21	210	146	64
Bremen 22	165	111	54
Bremen 23	85	63	22
Bremen 24	224	120	104
Bremen 25	360	225	135
Bremen 26	311	203	108
Bremen 27	233	139	94
Bremen 28	158	113	45
Bremen 29	357	230	127
Bremen 30	258	154	104
Bremen 31	204	124	80
Bremen 32	245	161	84
Bremen 33	192	117	75
Bremen 34	311	176	135
Bremen 35	130	82	48
Bremen 36	156	99	57
Bremen 37	146	101	45
Bremen 38	152	91	61
Bremen 39	121	87	34
Bremen 40	364	220	144
Bremen 41	134	89	45
Bremen 42	280	191	89
Bremen 43	141	96	45
Bremen 44	196	119	77
Bremen 45	91	59	32
Bremen 46	201	106	95
Bremen 47	211	133	78
Bremen 48	177	111	66
Bremen 49	248	147	101
Bremen 50	297	172	125
Bremen 51	282	153	129
Bremen 52	186	113	73
Bremen 53	134	84	50
Bremen 54	200	125	75
Bremen 55	139	86	53
Bremen 56	265	149	116
Bremen 57	238	147	91
Bremen 58	293	181	112
Bremen 59	194	122	72
Bremen 60	209	130	79
Bremen 61	249	145	104
Bremen 62	206	133	73
Bremen 63	294	174	120
Bremen 64	233	144	89
Bremen 65	109	82	27
Bremen 66	249	148	101
Bremen 67	309	182	127
Bremen 68	153	95	58
Bremen 69	216	157	59
Bremen 70	141	88	53
Bremen 71	198	123	75
Bremen 72	169	100	69
Bremen 73	210	124	86
Bremen 74	220	143	77
Bremen 75	386	262	124
Bremen 76	197	120	77
Bremen 77	316	185	131
Bremen 78	247	159	88
Bremen 79	258	151	107
Bremen 80	247	158	89
Calumet 1	223	133	90
Calumet 2	232	153	79
Calumet 3	269	175	94
Calumet 4	201	124	77
Calumet 5	230	136	94
Calumet 6	350	230	120
Calumet 7	302	189	113
Calumet 8	133	85	48
Calumet 9	208	137	71
Calumet 10	315	207	108
Calumet 11	398	249	149
Calumet 12	188	127	61
Cicero 1	209	107	102
Cicero 2	111	74	37
Cicero 3	202	108	94
Cicero 4	151	86	65
Cicero 5	371	208	163
Cicero 6	272	121	151
Cicero 7	111	63	48
Cicero 8	153	74	79
Cicero 9	211	105	106
Cicero 10	259	155	104
Cicero 11	255	158	97
Cicero 12	241	135	106
Cicero 13	264	145	119
Cicero 14	216	117	99
Cicero 15	231	142	89
Cicero 16	147	92	55
Cicero 17	195	108	87
Cicero 18	133	75	58
Cicero 19	331	200	131
Cicero 20	187	103	84
Cicero 21	205	106	99
Cicero 22	217	124	93
Cicero 23	296	182	114
Cicero 24	189	97	92
Cicero 25	224	138	86
Cicero 26	195	111	84
Cicero 27	211	117	94
Cicero 28	201	120	81
Cicero 29	234	148	86
Cicero 30	159	84	75
Cicero 31	121	67	54
Cicero 32	171	93	78
Elk Grove 1	423	271	152
Elk Grove 2	141	91	50
Elk Grove 3	287	168	119
Elk Grove 4	218	149	69
Elk Grove 5	594	384	210
Elk Grove 6	197	119	78
Elk Grove 7	492	303	189
Elk Grove 8	353	195	158
Elk Grove 9	240	140	100
Elk Grove 10	667	383	284
Elk Grove 11	422	245	177
Elk Grove 12	189	110	79
Elk Grove 13	185	117	68
Elk Grove 14	278	171	107
Elk Grove 15	167	86	81
Elk Grove 16	512	296	216
Elk Grove 17	211	140	71
Elk Grove 18	316	199	117
Elk Grove 19	355	210	145
Elk Grove 20	260	151	109
Elk Grove 21	197	128	69
Elk Grove 22	179	112	67
Elk Grove 23	544	327	217
Elk Grove 24	225	124	101
Elk Grove 25	407	242	165
Elk Grove 26	201	94	107
Elk Grove 27	332	184	148
Elk Grove 28	168	97	71
Elk Grove 29	244	160	84
Elk Grove 30	254	147	107
Elk Grove 31	118	73	45
Elk Grove 32	133	84	49
Elk Grove 33	147	82	65
Elk Grove 34	744	417	327
Elk Grove 35	171	110	61
Elk Grove 36	116	75	41
Elk Grove 37	316	152	164
Elk Grove 38	108	76	32
Elk Grove 39	278	162	116
Elk Grove 40	170	103	67
Elk Grove 41	217	115	102
Elk Grove 42	142	95	47
Elk Grove 43	226	141	85
Elk Grove 44	215	114	101
Elk Grove 45	253	142	111
Elk Grove 46	200	99	101
Elk Grove 47	331	185	146
Elk Grove 48	242	104	138
Elk Grove 49	214	135	79
Elk Grove 50	113	67	46
Elk Grove 51	323	187	136
Elk Grove 52	134	93	41
Evanston Ward 1 Precinct 1	173	164	9
Evanston Ward 1 Precinct 2	380	311	69
Evanston Ward 1 Precinct 3	413	321	92
Evanston Ward 1 Precinct 4	620	442	178
Evanston Ward 2 Precinct 1	624	515	109
Evanston Ward 2 Precinct 2	299	257	42
Evanston Ward 2 Precinct 3	292	217	75
Evanston Ward 2 Precinct 4	426	349	77
Evanston Ward 2 Precinct 5	324	251	73
Evanston Ward 3 Precinct 1	457	390	67
Evanston Ward 3 Precinct 2	514	415	99
Evanston Ward 3 Precinct 3	464	384	80
Evanston Ward 3 Precinct 4	241	191	50
Evanston Ward 3 Precinct 5	373	305	68
Evanston Ward 3 Precinct 6	420	342	78
Evanston Ward 3 Precinct 7	382	332	50
Evanston Ward 4 Precinct 1	226	195	31
Evanston Ward 4 Precinct 2	367	304	63
Evanston Ward 4 Precinct 3	232	200	32
Evanston Ward 4 Precinct 4	642	536	106
Evanston Ward 4 Precinct 5	271	234	37
Evanston Ward 4 Precinct 6	532	432	100
Evanston Ward 5 Precinct 1	271	198	73
Evanston Ward 5 Precinct 2	450	382	68
Evanston Ward 5 Precinct 3	320	253	67
Evanston Ward 5 Precinct 4	145	124	21
Evanston Ward 6 Precinct 1	735	558	177
Evanston Ward 6 Precinct 2	373	283	90
Evanston Ward 6 Precinct 3	402	323	79
Evanston Ward 6 Precinct 4	479	380	99
Evanston Ward 6 Precinct 5	617	488	129
Evanston Ward 6 Precinct 6	352	199	153
Evanston Ward 6 Precinct 7	606	479	127
Evanston Ward 7 Precinct 1	694	562	132
Evanston Ward 7 Precinct 2	697	557	140
Evanston Ward 7 Precinct 3	99	97	2
Evanston Ward 7 Precinct 4	386	322	64
Evanston Ward 7 Precinct 5	621	495	126
Evanston Ward 7 Precinct 6	25	24	1
Evanston Ward 8 Precinct 1	445	355	90
Evanston Ward 8 Precinct 2	281	225	56
Evanston Ward 8 Precinct 3	252	209	43
Evanston Ward 8 Precinct 4	431	368	63
Evanston Ward 8 Precinct 5	441	358	83
Evanston Ward 9 Precinct 1	299	251	48
Evanston Ward 9 Precinct 2	360	298	62
Evanston Ward 9 Precinct 3	575	491	84
Evanston Ward 9 Precinct 4	509	434	75
Evanston Ward 9 Precinct 5	308	263	45
Evanston Ward 9 Precinct 6	372	309	63
Hanover 1	260	164	96
Hanover 2	235	148	87
Hanover 3	84	55	29
Hanover 4	192	110	82
Hanover 5	205	123	82
Hanover 6	151	99	52
Hanover 7	221	139	82
Hanover 8	195	126	69
Hanover 9	318	163	155
Hanover 10	138	83	55
Hanover 11	192	124	68
Hanover 12	122	79	43
Hanover 13	115	79	36
Hanover 14	253	150	103
Hanover 15	153	93	60
Hanover 16	332	202	130
Hanover 17	145	92	53
Hanover 18	156	94	62
Hanover 19	185	90	95
Hanover 20	305	190	115
Hanover 21	150	86	64
Hanover 22	200	127	73
Hanover 23	254	173	81
Hanover 24	154	93	61
Hanover 25	235	147	88
Hanover 26	308	206	102
Hanover 27	596	339	257
Hanover 28	277	176	101
Hanover 29	83	54	29
Hanover 30	230	138	92
Hanover 31	211	127	84
Hanover 32	131	85	46
Hanover 33	204	144	60
Hanover 34	244	155	89
Hanover 35	174	105	69
Hanover 36	129	88	41
Hanover 37	355	239	116
Hanover 38	241	150	91
Hanover 39	240	149	91
Hanover 40	269	168	101
Hanover 41	312	192	120
Hanover 42	241	132	109
Hanover 43	249	149	100
Hanover 44	388	245	143
Lemont 1	282	157	125
Lemont 2	233	108	125
Lemont 3	321	155	166
Lemont 4	321	177	144
Lemont 5	302	190	112
Lemont 6	308	179	129
Lemont 7	290	189	101
Lemont 8	372	225	147
Lemont 9	172	95	77
Lemont 10	222	138	84
Lemont 11	394	209	185
Lemont 12	289	151	138
Lemont 13	326	179	147
Lemont 14	299	153	146
Leyden 1	102	63	39
Leyden 2	123	75	48
Leyden 3	280	180	100
Leyden 4	153	97	56
Leyden 5	218	155	63
Leyden 6	285	192	93
Leyden 7	139	84	55
Leyden 8	252	165	87
Leyden 9	338	217	121
Leyden 10	264	178	86
Leyden 11	223	145	78
Leyden 12	420	250	170
Leyden 13	206	125	81
Leyden 14	179	124	55
Leyden 15	235	133	102
Leyden 16	253	167	86
Leyden 17	164	98	66
Leyden 18	152	96	56
Leyden 19	258	174	84
Leyden 20	109	66	43
Leyden 21	116	82	34
Leyden 22	218	139	79
Leyden 23	405	255	150
Leyden 24	172	101	71
Leyden 25	148	88	60
Leyden 26	366	238	128
Leyden 27	45	26	19
Leyden 28	97	80	17
Leyden 29	117	77	40
Leyden 30	247	174	73
Leyden 31	209	137	72
Leyden 32	242	150	92
Leyden 33	194	118	76
Leyden 34	142	89	53
Leyden 35	87	54	33
Leyden 36	170	106	64
Leyden 37	144	81	63
Leyden 38	107	75	32
Leyden 39	143	90	53
Leyden 40	213	133	80
Leyden 41	94	56	38
Leyden 42	304	162	142
Leyden 43	166	81	85
Leyden 44	159	97	62
Leyden 45	156	85	71
Leyden 46	190	109	81
Leyden 47	187	107	80
Leyden 48	238	145	93
Leyden 49	334	223	111
Leyden 50	309	217	92
Lyons 1	54	38	16
Lyons 2	287	197	90
Lyons 3	236	143	93
Lyons 4	501	357	144
Lyons 5	287	187	100
Lyons 6	229	152	77
Lyons 7	308	220	88
Lyons 8	152	99	53
Lyons 9	430	295	135
Lyons 10	293	189	104
Lyons 11	290	201	89
Lyons 12	186	80	106
Lyons 13	83	60	23
Lyons 14	430	275	155
Lyons 15	400	264	136
Lyons 16	617	420	197
Lyons 17	169	89	80
Lyons 18	294	182	112
Lyons 19	258	178	80
Lyons 20	573	336	237
Lyons 21	626	380	246
Lyons 22	174	109	65
Lyons 23	382	241	141
Lyons 24	321	200	121
Lyons 25	287	176	111
Lyons 26	151	80	71
Lyons 27	218	106	112
Lyons 28	369	231	138
Lyons 29	195	121	74
Lyons 30	68	37	31
Lyons 31	331	218	113
Lyons 32	123	80	43
Lyons 33	117	85	32
Lyons 34	132	85	47
Lyons 35	206	123	83
Lyons 36	275	126	149
Lyons 37	193	120	73
Lyons 38	143	76	67
Lyons 39	389	240	149
Lyons 40	306	193	113
Lyons 41	205	120	85
Lyons 42	312	184	128
Lyons 43	319	203	116
Lyons 44	579	348	231
Lyons 45	449	316	133
Lyons 46	261	132	129
Lyons 47	354	234	120
Lyons 48	282	167	115
Lyons 49	223	144	79
Lyons 50	362	238	124
Lyons 51	201	126	75
Lyons 52	347	211	136
Lyons 53	306	178	128
Lyons 54	163	113	50
Lyons 55	387	204	183
Lyons 56	352	219	133
Lyons 57	258	159	99
Lyons 58	144	82	62
Lyons 59	186	123	63
Lyons 60	326	183	143
Lyons 61	309	177	132
Lyons 62	126	63	63
Lyons 63	376	205	171
Lyons 64	257	159	98
Lyons 65	361	213	148
Lyons 66	175	112	63
Lyons 67	280	185	95
Lyons 68	205	130	75
Lyons 69	505	266	239
Lyons 70	145	99	46
Lyons 71	99	78	21
Lyons 72	468	287	181
Lyons 73	310	181	129
Lyons 74	125	76	49
Lyons 75	169	108	61
Lyons 76	207	139	68
Lyons 77	156	94	62
Lyons 78	210	123	87
Maine 1	154	89	65
Maine 2	168	112	56
Maine 3	107	77	30
Maine 4	276	168	108
Maine 5	206	141	65
Maine 6	380	267	113
Maine 7	181	121	60
Maine 8	263	153	110
Maine 9	375	242	133
Maine 10	232	164	68
Maine 11	180	96	84
Maine 12	205	132	73
Maine 13	249	159	90
Maine 14	349	241	108
Maine 15	113	58	55
Maine 16	200	144	56
Maine 17	255	168	87
Maine 18	212	145	67
Maine 19	157	83	74
Maine 20	158	112	46
Maine 21	359	211	148
Maine 22	336	221	115
Maine 23	183	108	75
Maine 24	410	241	169
Maine 25	305	207	98
Maine 26	243	146	97
Maine 27	199	134	65
Maine 28	95	60	35
Maine 29	398	247	151
Maine 30	663	407	256
Maine 31	257	133	124
Maine 32	157	82	75
Maine 33	141	84	57
Maine 34	274	162	112
Maine 35	228	160	68
Maine 36	270	170	100
Maine 37	287	182	105
Maine 38	179	110	69
Maine 39	239	147	92
Maine 40	219	127	92
Maine 41	175	130	45
Maine 42	396	268	128
Maine 43	235	127	108
Maine 44	223	141	82
Maine 45	68	37	31
Maine 46	229	120	109
Maine 47	234	145	89
Maine 48	322	226	96
Maine 49	207	129	78
Maine 50	243	160	83
Maine 51	210	112	98
Maine 52	291	196	95
Maine 53	186	109	77
Maine 54	305	194	111
Maine 55	233	127	106
Maine 56	257	152	105
Maine 57	115	56	59
Maine 58	286	141	145
Maine 59	255	149	106
Maine 60	424	221	203
Maine 61	142	82	60
Maine 62	124	80	44
Maine 63	171	100	71
Maine 64	171	95	76
Maine 65	177	94	83
Maine 66	178	113	65
Maine 67	371	201	170
Maine 68	172	106	66
Maine 69	217	131	86
Maine 70	162	99	63
Maine 71	125	74	51
Maine 72	224	147	77
Maine 73	93	40	53
Maine 74	239	151	88
Maine 75	229	116	113
Maine 76	153	97	56
Maine 77	398	224	174
Maine 78	183	121	62
Maine 79	177	109	68
Maine 80	253	144	109
Maine 81	134	65	69
Maine 82	236	156	80
Maine 83	173	84	89
Maine 84	125	68	57
Maine 85	157	74	83
Maine 86	192	104	88
Maine 87	166	100	66
Maine 88	155	83	72
Maine 89	120	68	52
Maine 90	122	60	62
Maine 91	345	213	132
Maine 92	166	99	67
New Trier 1	481	363	118
New Trier 2	512	392	120
New Trier 3	386	271	115
New Trier 4	450	335	115
New Trier 5	257	187	70
New Trier 6	242	184	58
New Trier 7	332	228	104
New Trier 8	273	156	117
New Trier 9	387	230	157
New Trier 10	349	213	136
New Trier 11	401	245	156
New Trier 12	364	231	133
New Trier 13	490	335	155
New Trier 14	381	232	149
New Trier 15	451	282	169
New Trier 16	453	289	164
New Trier 17	388	272	116
New Trier 18	294	185	109
New Trier 19	196	107	89
New Trier 20	507	334	173
New Trier 21	453	304	149
New Trier 22	352	174	178
New Trier 23	416	209	207
New Trier 24	407	301	106
New Trier 25	324	199	125
New Trier 26	330	257	73
New Trier 27	427	296	131
New Trier 28	326	226	100
New Trier 29	348	217	131
New Trier 30	467	302	165
New Trier 31	396	284	112
New Trier 32	368	263	105
New Trier 33	475	345	130
New Trier 34	266	194	72
New Trier 35	251	152	99
New Trier 36	531	361	170
New Trier 37	404	275	129
New Trier 38	432	311	121
New Trier 39	284	198	86
New Trier 40	202	134	68
New Trier 41	287	175	112
Niles 1	355	199	156
Niles 2	293	185	108
Niles 3	464	289	175
Niles 4	175	103	72
Niles 5	164	104	60
Niles 6	256	151	105
Niles 7	366	250	116
Niles 8	173	123	50
Niles 9	260	119	141
Niles 10	296	173	123
Niles 11	172	111	61
Niles 12	178	125	53
Niles 13	283	157	126
Niles 14	396	284	112
Niles 15	310	223	87
Niles 16	351	219	132
Niles 17	393	285	108
Niles 18	212	143	69
Niles 19	366	247	119
Niles 20	266	179	87
Niles 21	507	378	129
Niles 22	268	187	81
Niles 23	309	219	90
Niles 24	340	216	124
Niles 25	215	151	64
Niles 26	306	205	101
Niles 27	191	114	77
Niles 28	409	287	122
Niles 29	193	106	87
Niles 30	211	137	74
Niles 31	364	266	98
Niles 32	128	89	39
Niles 33	343	253	90
Niles 34	274	183	91
Niles 35	342	238	104
Niles 36	191	136	55
Niles 37	296	211	85
Niles 38	485	294	191
Niles 39	348	248	100
Niles 40	156	106	50
Niles 41	329	213	116
Niles 42	261	177	84
Niles 43	326	184	142
Niles 44	347	237	110
Niles 45	274	208	66
Niles 46	293	163	130
Niles 47	210	158	52
Niles 48	237	156	81
Niles 49	536	406	130
Niles 50	320	209	111
Niles 51	149	99	50
Niles 52	223	147	76
Niles 53	396	279	117
Niles 54	221	149	72
Niles 55	225	172	53
Niles 56	363	223	140
Niles 57	337	220	117
Niles 58	303	182	121
Niles 59	447	300	147
Niles 60	391	255	136
Niles 61	385	276	109
Niles 62	202	118	84
Niles 63	440	315	125
Niles 64	412	271	141
Northfield 1	282	157	125
Northfield 2	299	199	100
Northfield 3	194	129	65
Northfield 4	318	198	120
Northfield 5	273	166	107
Northfield 6	352	198	154
Northfield 7	498	268	230
Northfield 8	301	157	144
Northfield 9	229	143	86
Northfield 10	274	183	91
Northfield 11	156	90	66
Northfield 12	624	358	266
Northfield 13	262	157	105
Northfield 14	252	176	76
Northfield 15	254	178	76
Northfield 16	326	206	120
Northfield 17	221	153	68
Northfield 18	405	282	123
Northfield 19	370	236	134
Northfield 20	282	182	100
Northfield 21	535	332	203
Northfield 22	324	226	98
Northfield 23	255	137	118
Northfield 24	347	195	152
Northfield 25	289	143	146
Northfield 26	260	186	74
Northfield 27	234	127	107
Northfield 28	424	294	130
Northfield 29	247	171	76
Northfield 30	411	270	141
Northfield 31	437	255	182
Northfield 32	394	271	123
Northfield 33	150	81	69
Northfield 34	309	123	186
Northfield 35	326	198	128
Northfield 36	201	146	55
Northfield 37	348	209	139
Northfield 38	317	213	104
Northfield 39	170	107	63
Northfield 40	163	109	54
Northfield 41	320	215	105
Northfield 42	279	141	138
Northfield 43	317	227	90
Northfield 44	288	179	109
Northfield 45	391	276	115
Northfield 46	419	283	136
Northfield 47	408	280	128
Northfield 48	314	198	116
Northfield 49	238	161	77
Northfield 50	281	167	114
Northfield 51	694	413	281
Northfield 52	332	188	144
Northfield 53	367	231	136
Northfield 54	206	160	46
Northfield 55	290	194	96
Northfield 56	420	261	159
Northfield 57	257	162	95
Northfield 58	162	110	52
Northfield 59	220	129	91
Northfield 60	395	272	123
Northfield 61	252	143	109
Northfield 62	305	192	113
Norwood Park 1	232	136	96
Norwood Park 2	281	184	97
Norwood Park 3	293	179	114
Norwood Park 4	314	188	126
Norwood Park 5	367	215	152
Norwood Park 6	353	172	181
Norwood Park 7	301	175	126
Norwood Park 8	149	84	65
Norwood Park 9	182	108	74
Norwood Park 10	346	174	172
Norwood Park 11	411	255	156
Norwood Park 12	227	136	91
Norwood Park 13	213	123	90
Norwood Park 14	211	138	73
Norwood Park 15	177	116	61
Norwood Park 16	158	90	68
Norwood Park 17	292	168	124
Oak Park 1	333	247	86
Oak Park 2	559	424	135
Oak Park 3	638	503	135
Oak Park 4	493	352	141
Oak Park 5	550	423	127
Oak Park 6	488	360	128
Oak Park 7	347	265	82
Oak Park 8	473	387	86
Oak Park 9	284	230	54
Oak Park 10	492	393	99
Oak Park 11	407	327	80
Oak Park 12	214	177	37
Oak Park 13	410	331	79
Oak Park 14	515	388	127
Oak Park 15	572	441	131
Oak Park 16	690	535	155
Oak Park 17	653	518	135
Oak Park 18	404	310	94
Oak Park 19	445	337	108
Oak Park 20	580	435	145
Oak Park 21	274	213	61
Oak Park 22	269	209	60
Oak Park 23	423	314	109
Oak Park 24	344	261	83
Oak Park 25	428	344	84
Oak Park 26	432	344	88
Oak Park 27	141	120	21
Oak Park 28	488	371	117
Oak Park 29	480	381	99
Oak Park 30	518	389	129
Oak Park 31	729	582	147
Oak Park 32	309	252	57
Oak Park 33	392	316	76
Oak Park 34	354	278	76
Oak Park 35	545	428	117
Oak Park 36	572	436	136
Oak Park 37	268	223	45
Orland 1	380	214	166
Orland 2	313	172	141
Orland 3	131	81	50
Orland 4	221	116	105
Orland 5	181	113	68
Orland 6	165	105	60
Orland 7	161	111	50
Orland 8	206	136	70
Orland 9	313	132	181
Orland 10	301	158	143
Orland 11	176	107	69
Orland 12	132	73	59
Orland 13	353	212	141
Orland 14	248	147	101
Orland 15	324	155	169
Orland 16	248	121	127
Orland 17	163	96	67
Orland 18	345	155	190
Orland 19	192	99	93
Orland 20	143	92	51
Orland 21	350	185	165
Orland 22	266	142	124
Orland 23	224	131	93
Orland 24	272	127	145
Orland 25	446	260	186
Orland 26	231	164	67
Orland 27	170	99	71
Orland 28	211	92	119
Orland 29	351	201	150
Orland 30	164	83	81
Orland 31	181	87	94
Orland 32	173	96	77
Orland 33	233	109	124
Orland 34	324	156	168
Orland 35	345	189	156
Orland 36	315	180	135
Orland 37	363	174	189
Orland 38	145	88	57
Orland 39	247	108	139
Orland 40	297	167	130
Orland 41	214	126	88
Orland 42	301	176	125
Orland 43	260	157	103
Orland 44	216	120	96
Orland 45	271	151	120
Orland 46	201	112	89
Orland 47	373	165	208
Orland 48	254	129	125
Orland 49	189	121	68
Orland 50	195	128	67
Orland 51	306	191	115
Orland 52	332	152	180
Orland 53	321	170	151
Orland 54	402	194	208
Orland 55	253	137	116
Orland 56	240	114	126
Orland 57	287	156	131
Orland 58	287	150	137
Orland 59	299	137	162
Orland 60	213	119	94
Orland 61	235	137	98
Orland 62	304	144	160
Orland 63	306	160	146
Orland 64	342	186	156
Orland 65	276	134	142
Orland 66	271	140	131
Orland 67	152	89	63
Orland 68	190	96	94
Orland 69	133	94	39
Orland 70	285	155	130
Orland 71	294	112	182
Orland 72	215	139	76
Orland 73	299	174	125
Orland 74	189	120	69
Orland 75	360	178	182
Palatine 1	193	122	71
Palatine 2	357	204	153
Palatine 3	225	111	114
Palatine 4	95	67	28
Palatine 5	358	222	136
Palatine 6	297	195	102
Palatine 7	297	206	91
Palatine 8	294	196	98
Palatine 9	277	150	127
Palatine 10	306	149	157
Palatine 11	200	111	89
Palatine 12	247	125	122
Palatine 13	245	171	74
Palatine 14	257	162	95
Palatine 15	254	172	82
Palatine 16	128	81	47
Palatine 17	288	205	83
Palatine 18	208	147	61
Palatine 19	315	179	136
Palatine 20	178	122	56
Palatine 21	329	194	135
Palatine 22	281	167	114
Palatine 23	208	100	108
Palatine 24	333	206	127
Palatine 25	245	149	96
Palatine 26	349	203	146
Palatine 27	171	116	55
Palatine 28	197	122	75
Palatine 29	321	197	124
Palatine 30	218	133	85
Palatine 31	231	131	100
Palatine 32	256	157	99
Palatine 33	146	104	42
Palatine 34	331	187	144
Palatine 35	269	158	111
Palatine 36	219	127	92
Palatine 37	298	180	118
Palatine 38	251	128	123
Palatine 39	380	226	154
Palatine 40	394	231	163
Palatine 41	331	181	150
Palatine 42	351	216	135
Palatine 43	257	156	101
Palatine 44	355	170	185
Palatine 45	244	118	126
Palatine 46	305	181	124
Palatine 47	269	144	125
Palatine 48	289	154	135
Palatine 49	187	107	80
Palatine 50	410	242	168
Palatine 51	163	102	61
Palatine 52	285	154	131
Palatine 53	238	146	92
Palatine 54	422	246	176
Palatine 55	187	94	93
Palatine 56	266	166	100
Palatine 57	386	238	148
Palatine 58	200	126	74
Palatine 59	353	203	150
Palatine 60	197	132	65
Palatine 61	129	80	49
Palatine 62	158	102	56
Palatine 63	260	149	111
Palatine 64	214	144	70
Palatine 65	222	127	95
Palatine 66	229	134	95
Palatine 67	247	108	139
Palatine 68	208	107	101
Palatine 69	221	150	71
Palos 1	174	83	91
Palos 2	246	120	126
Palos 3	247	154	93
Palos 4	188	107	81
Palos 5	197	113	84
Palos 6	115	72	43
Palos 7	280	161	119
Palos 8	106	78	28
Palos 9	211	105	106
Palos 10	347	193	154
Palos 11	264	135	129
Palos 12	248	153	95
Palos 13	276	137	139
Palos 14	179	90	89
Palos 15	290	166	124
Palos 16	423	219	204
Palos 17	314	172	142
Palos 18	283	172	111
Palos 19	329	185	144
Palos 20	286	162	124
Palos 21	168	96	72
Palos 22	50	38	12
Palos 23	144	80	64
Palos 24	180	106	74
Palos 25	226	104	122
Palos 26	145	77	68
Palos 27	299	168	131
Palos 28	151	105	46
Palos 29	283	165	118
Palos 30	359	216	143
Palos 31	289	154	135
Palos 32	117	67	50
Palos 33	356	162	194
Palos 34	201	120	81
Palos 35	350	198	152
Palos 36	293	160	133
Palos 37	337	168	169
Palos 38	258	154	104
Palos 39	339	194	145
Proviso 1	206	148	58
Proviso 2	188	116	72
Proviso 3	293	184	109
Proviso 4	246	160	86
Proviso 5	258	168	90
Proviso 6	202	127	75
Proviso 7	88	42	46
Proviso 8	180	113	67
Proviso 9	231	159	72
Proviso 10	128	72	56
Proviso 11	183	119	64
Proviso 12	275	169	106
Proviso 13	189	106	83
Proviso 14	154	82	72
Proviso 15	150	91	59
Proviso 16	204	129	75
Proviso 17	156	103	53
Proviso 18	307	207	100
Proviso 19	233	142	91
Proviso 20	226	143	83
Proviso 21	264	170	94
Proviso 22	225	129	96
Proviso 23	155	70	85
Proviso 24	481	329	152
Proviso 25	364	250	114
Proviso 26	398	286	112
Proviso 27	332	255	77
Proviso 28	296	168	128
Proviso 29	442	337	105
Proviso 30	249	154	95
Proviso 31	147	93	54
Proviso 32	395	298	97
Proviso 33	307	202	105
Proviso 34	465	280	185
Proviso 35	354	187	167
Proviso 36	278	175	103
Proviso 37	181	119	62
Proviso 38	251	156	95
Proviso 39	279	179	100
Proviso 40	266	182	84
Proviso 41	204	145	59
Proviso 42	190	122	68
Proviso 43	193	118	75
Proviso 44	190	116	74
Proviso 45	236	151	85
Proviso 46	98	64	34
Proviso 47	149	100	49
Proviso 48	289	180	109
Proviso 49	173	102	71
Proviso 50	377	245	132
Proviso 51	289	197	92
Proviso 52	158	97	61
Proviso 53	229	152	77
Proviso 54	427	296	131
Proviso 55	316	220	96
Proviso 56	219	136	83
Proviso 57	244	154	90
Proviso 58	153	100	53
Proviso 59	216	128	88
Proviso 60	164	89	75
Proviso 61	315	230	85
Proviso 62	399	287	112
Proviso 63	374	250	124
Proviso 64	267	179	88
Proviso 65	227	159	68
Proviso 66	378	277	101
Proviso 67	460	348	112
Proviso 68	205	163	42
Proviso 69	209	132	77
Proviso 70	221	121	100
Proviso 71	430	260	170
Proviso 72	308	238	70
Proviso 73	285	220	65
Proviso 74	322	245	77
Proviso 75	293	221	72
Proviso 76	332	248	84
Proviso 77	164	91	73
Proviso 78	69	53	16
Proviso 79	233	152	81
Proviso 80	97	51	46
Proviso 81	202	123	79
Proviso 82	369	229	140
Proviso 83	316	186	130
Proviso 84	211	87	124
Proviso 85	345	193	152
Proviso 86	267	162	105
Proviso 87	312	178	134
Proviso 88	66	33	33
Proviso 89	258	196	62
Proviso 90	505	379	126
Proviso 91	228	151	77
Proviso 92	326	208	118
Proviso 93	186	118	68
Proviso 94	225	138	87
Proviso 95	233	138	95
Proviso 96	206	94	112
Proviso 97	407	272	135
Proviso 98	304	184	120
Proviso 99	249	144	105
Proviso 100	397	230	167
Proviso 101	218	148	70
Proviso 102	358	216	142
Rich 1	987	651	336
Rich 2	350	226	124
Rich 3	524	329	195
Rich 4	248	168	80
Rich 5	444	286	158
Rich 6	483	301	182
Rich 7	281	155	126
Rich 8	451	285	166
Rich 9	363	224	139
Rich 10	266	178	88
Rich 11	352	236	116
Rich 12	345	227	118
Rich 13	155	104	51
Rich 14	256	176	80
Rich 15	549	343	206
Rich 16	199	126	73
Rich 17	226	154	72
Rich 18	299	180	119
Rich 19	187	107	80
Rich 20	457	250	207
Rich 21	330	218	112
Rich 22	282	190	92
Rich 23	379	241	138
Rich 24	336	231	105
Rich 25	459	298	161
Rich 26	330	202	128
Rich 27	319	206	113
Rich 28	276	182	94
Rich 29	339	222	117
Rich 30	426	271	155
Rich 31	342	217	125
Rich 32	372	254	118
Rich 33	299	212	87
Rich 34	332	209	123
Rich 35	289	201	88
Rich 36	710	455	255
Rich 37	234	148	86
Rich 38	232	155	77
Rich 39	419	247	172
Rich 40	282	179	103
Rich 41	251	171	80
Rich 42	280	188	92
Rich 43	318	200	118
Rich 44	237	150	87
Rich 45	504	322	182
Rich 46	395	267	128
Rich 47	467	317	150
Rich 48	343	218	125
Rich 49	194	144	50
Rich 50	121	73	48
Rich 51	253	168	85
River Forest 1	443	288	155
River Forest 2	325	199	126
River Forest 3	343	235	108
River Forest 4	405	273	132
River Forest 5	270	188	82
River Forest 6	264	169	95
River Forest 7	388	265	123
River Forest 8	486	346	140
Riverside 1	445	283	162
Riverside 2	18	13	5
Riverside 3	230	155	75
Riverside 4	555	372	183
Riverside 5	241	155	86
Riverside 6	238	160	78
Riverside 7	214	148	66
Riverside 8	447	319	128
Riverside 9	356	247	109
Riverside 10	461	289	172
Riverside 11	483	333	150
Riverside 12	208	126	82
Riverside 13	306	186	120
Schaumburg 1	396	243	153
Schaumburg 2	306	200	106
Schaumburg 3	247	155	92
Schaumburg 4	133	98	35
Schaumburg 5	200	76	124
Schaumburg 6	216	138	78
Schaumburg 7	122	80	42
Schaumburg 8	197	129	68
Schaumburg 9	183	127	56
Schaumburg 10	138	86	52
Schaumburg 11	216	123	93
Schaumburg 12	193	104	89
Schaumburg 13	181	111	70
Schaumburg 14	292	181	111
Schaumburg 15	230	124	106
Schaumburg 16	257	159	98
Schaumburg 17	248	148	100
Schaumburg 18	169	119	50
Schaumburg 19	181	109	72
Schaumburg 20	209	126	83
Schaumburg 21	318	197	121
Schaumburg 22	220	145	75
Schaumburg 23	239	177	62
Schaumburg 24	320	204	116
Schaumburg 25	212	132	80
Schaumburg 26	241	145	96
Schaumburg 27	197	105	92
Schaumburg 28	334	223	111
Schaumburg 29	292	192	100
Schaumburg 30	241	148	93
Schaumburg 31	279	169	110
Schaumburg 32	351	224	127
Schaumburg 33	235	142	93
Schaumburg 34	234	160	74
Schaumburg 35	189	118	71
Schaumburg 36	176	109	67
Schaumburg 37	185	106	79
Schaumburg 38	199	124	75
Schaumburg 39	382	221	161
Schaumburg 40	227	133	94
Schaumburg 41	217	120	97
Schaumburg 42	190	133	57
Schaumburg 43	171	93	78
Schaumburg 44	200	141	59
Schaumburg 45	235	148	87
Schaumburg 46	187	112	75
Schaumburg 47	235	148	87
Schaumburg 48	190	104	86
Schaumburg 49	154	107	47
Schaumburg 50	213	106	107
Schaumburg 51	168	102	66
Schaumburg 52	328	192	136
Schaumburg 53	285	152	133
Schaumburg 54	243	129	114
Schaumburg 55	208	107	101
Schaumburg 56	270	168	102
Schaumburg 57	335	187	148
Schaumburg 58	143	90	53
Schaumburg 59	342	176	166
Schaumburg 60	157	102	55
Schaumburg 61	302	182	120
Schaumburg 62	231	156	75
Schaumburg 63	257	163	94
Schaumburg 64	217	134	83
Schaumburg 65	208	126	82
Schaumburg 66	246	146	100
Schaumburg 67	224	144	80
Schaumburg 68	197	126	71
Schaumburg 69	211	132	79
Schaumburg 70	182	102	80
Schaumburg 71	209	132	77
Schaumburg 72	181	110	71
Schaumburg 73	281	162	119
Schaumburg 74	191	107	84
Schaumburg 75	256	132	124
Schaumburg 76	227	141	86
Schaumburg 77	280	173	107
Schaumburg 78	150	102	48
Stickney 1	130	82	48
Stickney 2	188	121	67
Stickney 3	372	195	177
Stickney 4	277	146	131
Stickney 5	324	186	138
Stickney 6	389	263	126
Stickney 7	134	76	58
Stickney 8	211	120	91
Stickney 9	232	146	86
Stickney 10	314	182	132
Stickney 11	313	175	138
Stickney 12	256	147	109
Stickney 13	206	106	100
Stickney 14	307	202	105
Stickney 15	276	160	116
Stickney 16	276	157	119
Stickney 17	177	107	70
Stickney 18	121	70	51
Stickney 19	226	132	94
Stickney 20	219	144	75
Thornton 1	140	94	46
Thornton 2	89	54	35
Thornton 3	198	140	58
Thornton 4	274	178	96
Thornton 5	137	97	40
Thornton 6	335	205	130
Thornton 7	279	172	107
Thornton 8	218	156	62
Thornton 9	195	113	82
Thornton 10	202	135	67
Thornton 11	108	66	42
Thornton 12	170	115	55
Thornton 13	188	117	71
Thornton 14	255	179	76
Thornton 15	184	113	71
Thornton 16	212	144	68
Thornton 17	241	141	100
Thornton 18	319	188	131
Thornton 19	248	162	86
Thornton 20	151	114	37
Thornton 21	381	227	154
Thornton 22	210	138	72
Thornton 23	290	198	92
Thornton 24	415	298	117
Thornton 25	380	263	117
Thornton 26	204	116	88
Thornton 27	399	259	140
Thornton 28	182	119	63
Thornton 29	127	80	47
Thornton 30	128	86	42
Thornton 31	55	36	19
Thornton 32	142	96	46
Thornton 33	224	149	75
Thornton 34	349	232	117
Thornton 35	318	193	125
Thornton 36	92	59	33
Thornton 37	260	134	126
Thornton 38	305	197	108
Thornton 39	178	109	69
Thornton 40	160	101	59
Thornton 41	161	101	60
Thornton 42	153	104	49
Thornton 43	216	129	87
Thornton 44	134	88	46
Thornton 45	227	159	68
Thornton 46	260	164	96
Thornton 47	176	105	71
Thornton 48	215	149	66
Thornton 49	110	67	43
Thornton 50	173	96	77
Thornton 51	184	114	70
Thornton 52	257	169	88
Thornton 53	136	95	41
Thornton 54	407	241	166
Thornton 55	161	109	52
Thornton 56	221	145	76
Thornton 57	163	101	62
Thornton 58	250	164	86
Thornton 59	158	114	44
Thornton 60	143	85	58
Thornton 61	133	100	33
Thornton 62	65	42	23
Thornton 63	115	81	34
Thornton 64	273	169	104
Thornton 65	267	154	113
Thornton 66	435	246	189
Thornton 67	459	324	135
Thornton 68	248	148	100
Thornton 69	148	88	60
Thornton 70	145	83	62
Thornton 71	130	83	47
Thornton 72	213	138	75
Thornton 73	349	227	122
Thornton 74	206	138	68
Thornton 75	222	139	83
Thornton 76	300	172	128
Thornton 77	343	221	122
Thornton 78	259	183	76
Thornton 79	276	181	95
Thornton 80	277	159	118
Thornton 81	230	154	76
Thornton 82	181	124	57
Thornton 83	293	187	106
Thornton 84	323	208	115
Thornton 85	207	138	69
Thornton 86	210	115	95
Thornton 87	341	216	125
Thornton 88	241	155	86
Thornton 89	310	209	101
Thornton 90	301	175	126
Thornton 91	276	144	132
Thornton 92	287	171	116
Thornton 93	155	100	55
Thornton 94	281	190	91
Thornton 95	156	101	55
Thornton 96	180	116	64
Thornton 97	77	54	23
Thornton 98	53	36	17
Thornton 99	192	140	52
Thornton 100	120	78	42
Thornton 101	175	116	59
Thornton 102	131	90	41
Thornton 103	132	84	48
Thornton 104	79	50	29
Thornton 105	204	136	68
Thornton 106	168	103	65
Thornton 107	430	246	184
Thornton 108	120	74	46
Thornton 109	163	109	54
Thornton 110	154	93	61
Thornton 111	163	109	54
Thornton 112	102	62	40
Thornton 113	106	69	37
Thornton 114	242	138	104
Thornton 115	211	135	76
Thornton 116	211	121	90
Thornton 117	297	167	130
Thornton 118	400	229	171
Thornton 119	205	145	60
Thornton 120	416	271	145
Thornton 121	191	115	76
Thornton 122	335	184	151
Thornton 123	190	122	68
Wheeling 1	268	189	79
Wheeling 2	214	127	87
Wheeling 3	266	166	100
Wheeling 4	237	159	78
Wheeling 5	251	164	87
Wheeling 6	180	123	57
Wheeling 7	400	256	144
Wheeling 8	201	119	82
Wheeling 9	170	107	63
Wheeling 10	362	229	133
Wheeling 11	338	196	142
Wheeling 12	359	183	176
Wheeling 13	284	168	116
Wheeling 14	226	145	81
Wheeling 15	285	175	110
Wheeling 16	76	55	21
Wheeling 17	210	145	65
Wheeling 18	419	252	167
Wheeling 19	403	249	154
Wheeling 20	364	229	135
Wheeling 21	204	106	98
Wheeling 22	299	193	106
Wheeling 23	306	179	127
Wheeling 24	327	79	248
Wheeling 25	571	384	187
Wheeling 26	440	261	179
Wheeling 27	431	262	169
Wheeling 28	425	228	197
Wheeling 29	156	101	55
Wheeling 30	362	207	155
Wheeling 31	197	133	64
Wheeling 32	165	91	74
Wheeling 33	84	51	33
Wheeling 34	372	219	153
Wheeling 35	286	169	117
Wheeling 36	445	278	167
Wheeling 37	266	158	108
Wheeling 38	287	178	109
Wheeling 39	537	359	178
Wheeling 40	263	159	104
Wheeling 41	482	282	200
Wheeling 42	353	198	155
Wheeling 43	200	119	81
Wheeling 44	332	175	157
Wheeling 45	421	267	154
Wheeling 46	502	295	207
Wheeling 47	170	110	60
Wheeling 48	225	146	79
Wheeling 49	296	178	118
Wheeling 50	173	115	58
Wheeling 51	290	185	105
Wheeling 52	213	131	82
Wheeling 53	314	147	167
Wheeling 54	322	184	138
Wheeling 55	273	180	93
Wheeling 56	232	132	100
Wheeling 57	316	179	137
Wheeling 58	230	102	128
Wheeling 59	435	272	163
Wheeling 60	221	146	75
Wheeling 61	346	181	165
Wheeling 62	300	189	111
Wheeling 63	174	112	62
Wheeling 64	318	213	105
Wheeling 65	397	234	163
Wheeling 66	334	211	123
Wheeling 67	198	129	69
Wheeling 68	178	86	92
Wheeling 69	281	177	104
Wheeling 70	371	233	138
Wheeling 71	417	249	168
Wheeling 72	245	168	77
Wheeling 73	271	160	111
Wheeling 74	189	105	84
Wheeling 75	275	159	116
Wheeling 76	254	165	89
Wheeling 77	78	46	32
Wheeling 78	470	288	182
Wheeling 79	220	143	77
Wheeling 80	172	121	51
Wheeling 81	239	155	84
Wheeling 82	363	230	133
Wheeling 83	501	229	272
Wheeling 84	275	181	94
Wheeling 85	213	134	79
Wheeling 86	327	188	139
Wheeling 87	259	143	116
Wheeling 88	254	165	89
Wheeling 89	165	99	66
Wheeling 90	310	178	132
Wheeling 91	361	242	119
Wheeling 92	440	261	179
Worth 1	137	80	57
Worth 2	299	162	137
Worth 3	320	204	116
Worth 4	303	183	120
Worth 5	353	185	168
Worth 6	283	171	112
Worth 7	289	168	121
Worth 8	273	203	70
Worth 9	417	281	136
Worth 10	351	251	100
Worth 11	323	191	132
Worth 12	158	94	64
Worth 13	335	229	106
Worth 14	249	166	83
Worth 15	354	226	128
Worth 16	353	232	121
Worth 17	251	165	86
Worth 18	238	132	106
Worth 19	234	160	74
Worth 20	158	101	57
Worth 21	371	234	137
Worth 22	236	131	105
Worth 23	292	161	131
Worth 24	145	89	56
Worth 25	343	218	125
Worth 26	219	132	87
Worth 27	246	142	104
Worth 28	174	101	73
Worth 29	226	143	83
Worth 30	295	195	100
Worth 31	348	242	106
Worth 32	212	131	81
Worth 33	227	134	93
Worth 34	218	152	66
Worth 35	323	208	115
Worth 36	329	191	138
Worth 37	194	150	44
Worth 38	345	238	107
Worth 39	320	209	111
Worth 40	314	174	140
Worth 41	199	130	69
Worth 42	234	141	93
Worth 43	146	92	54
Worth 44	163	85	78
Worth 45	270	180	90
Worth 46	340	207	133
Worth 47	148	107	41
Worth 48	230	137	93
Worth 49	172	113	59
Worth 50	290	173	117
Worth 51	184	114	70
Worth 52	163	102	61
Worth 53	299	205	94
Worth 54	322	221	101
Worth 55	134	88	46
Worth 56	323	183	140
Worth 57	336	241	95
Worth 58	304	196	108
Worth 59	405	221	184
Worth 60	175	95	80
Worth 61	236	149	87
Worth 62	193	123	70
Worth 63	270	156	114
Worth 64	406	225	181
Worth 65	444	228	216
Worth 66	193	100	93
Worth 67	147	92	55
Worth 68	192	125	67
Worth 69	347	231	116
Worth 70	364	235	129
Worth 71	216	141	75
Worth 72	307	187	120
Worth 73	153	95	58
Worth 74	144	91	53
Worth 75	343	210	133
Worth 76	121	72	49
Worth 77	310	203	107
Worth 78	333	199	134
Worth 79	173	110	63
Worth 80	290	208	82
Worth 81	203	146	57
Worth 82	278	172	106
Worth 83	113	65	48
Worth 84	301	198	103
Worth 85	303	178	125
Worth 86	318	214	104
Worth 87	204	136	68
Worth 88	160	105	55
Worth 89	378	186	192
Worth 90	295	177	118
Worth 91	162	98	64
Worth 92	305	198	107
Worth 93	161	101	60
Worth 94	310	194	116
Worth 95	324	169	155
Worth 96	330	175	155
Worth 97	225	128	97
Worth 98	331	174	157
Worth 99	148	76	72
Worth 100	313	177	136
