Precinct	total_votes	votes|Toni Preckwinkle	votes|Bob Fioretti
01001	224	160	64
01002	170	126	44
01003	236	172	64
01004	224	152	72
01005	197	144	53
01006	192	137	55
01007	154	97	57
01008	189	136	53
01009	198	125	73
01010	197	141	56
01011	228	172	56
01012	254	179	75
01013	108	76	32
01014	220	154	66
01015	218	146	72
01016	234	170	64
01017	199	139	60
01018	245	187	58
01019	249	172	77
01020	180	129	51
01021	220	161	59
01022	152	102	50
01023	323	245	78
01024	195	140	55
01025	187	136	51
01026	139	89	50
01027	217	150	67
01028	78	43	35
01029	239	160	79
01030	255	172	83
01031	226	153	73
01032	200	135	65
01033	238	152	86
01034	193	145	48
01035	252	178	74
01036	194	130	64
01037	217	145	72
01038	189	136	53
01039	193	136	57
01040	225	148	77
01041	154	110	44
01042	65	49	16
01043	135	86	49
01044	201	158	43
02001	214	161	53
02002	202	148	54
02003	248	185	63
02004	169	127	42
02005	238	160	78
02006	177	131	46
02007	188	125	63
02008	218	159	59
02009	144	96	48
02010	210	155	55
02011	247	176	71
02012	234	157	77
02013	218	158	60
02014	260	192	68
02015	214	143	71
02016	192	134	58
02017	273	204	69
02018	203	159	44
02019	177	119	58
02020	165	119	46
02021	239	179	60
02022	214	144	70
02023	176	119	57
02024	213	144	69
02025	211	158	53
02026	153	104	49
02027	187	121	66
02028	208	135	73
02029	206	148	58
02030	176	122	54
02031	287	211	76
02032	149	95	54
02033	341	251	90
02034	248	177	71
02035	192	135	57
02036	187	127	60
02037	204	135	69
02038	187	124	63
02039	138	91	47
02040	211	135	76
02041	140	100	40
02042	167	118	49
02043	216	141	75
02044	128	75	53
02045	222	149	73
02046	120	71	49
03001	362	243	119
03002	410	300	110
03003	237	149	88
03004	300	210	90
03005	145	81	64
03006	275	177	98
03007	243	163	80
03008	201	123	78
03009	266	175	91
03010	132	80	52
03011	259	160	99
03012	337	230	107
03013	315	204	111
03014	234	149	85
03015	247	170	77
03016	227	147	80
03017	260	158	102
03018	333	209	124
03019	264	153	111
03020	279	190	89
03021	335	208	127
03022	274	171	103
03023	218	143	75
03024	241	169	72
03025	383	262	121
03026	354	240	114
03027	282	181	101
03028	206	140	66
03029	254	166	88
03030	258	184	74
03031	302	196	106
03032	282	196	86
03033	230	154	76
03034	312	178	134
03035	98	57	41
03036	148	93	55
03037	211	144	67
03038	301	207	94
03039	317	200	117
03040	286	162	124
03041	255	175	80
04001	383	321	62
04002	300	204	96
04003	250	203	47
04004	388	260	128
04005	316	207	109
04006	374	263	111
04007	426	304	122
04008	356	261	95
04009	425	325	100
04010	363	253	110
04011	265	177	88
04012	306	199	107
04013	179	129	50
04014	328	204	124
04015	363	267	96
04016	323	226	97
04017	309	230	79
04018	313	222	91
04019	196	130	66
04020	271	189	82
04021	266	167	99
04022	320	254	66
04023	432	366	66
04024	285	227	58
04025	270	186	84
04026	290	209	81
04027	359	284	75
04028	251	153	98
04029	257	169	88
04030	341	223	118
04031	396	289	107
04032	313	220	93
04033	312	234	78
04034	288	199	89
04035	357	246	111
04036	353	204	149
04037	365	246	119
04038	349	232	117
05001	214	150	64
05002	168	101	67
05003	277	236	41
05004	332	247	85
05005	249	159	90
05006	225	156	69
05007	289	221	68
05008	324	287	37
05009	348	281	67
05010	199	128	71
05011	323	267	56
05012	182	111	71
05013	211	141	70
05014	271	189	82
05015	249	198	51
05016	233	150	83
05017	221	154	67
05018	266	204	62
05019	316	260	56
05020	343	297	46
05021	269	230	39
05022	382	315	67
05023	490	421	69
05024	309	258	51
05025	293	210	83
05026	280	192	88
05027	248	220	28
05028	329	240	89
05029	291	218	73
05030	182	121	61
05031	207	130	77
05032	352	234	118
05033	311	206	105
05034	312	275	37
05035	324	281	43
05036	151	105	46
05037	343	295	48
05038	251	167	84
05039	264	225	39
05040	213	140	73
05041	205	161	44
06001	284	183	101
06002	247	161	86
06003	285	182	103
06004	150	92	58
06005	119	77	42
06006	256	149	107
06007	221	135	86
06008	228	146	82
06009	173	106	67
06010	128	90	38
06011	185	135	50
06012	138	82	56
06013	163	96	67
06014	230	144	86
06015	153	97	56
06016	273	166	107
06017	141	94	47
06018	127	79	48
06019	189	113	76
06020	113	67	46
06021	108	71	37
06022	125	80	45
06023	93	53	40
06024	118	76	42
06025	112	66	46
06026	142	86	56
06027	104	71	33
06028	101	74	27
06029	288	190	98
06030	163	95	68
06031	293	192	101
06032	226	151	75
06033	233	152	81
06034	245	162	83
06035	225	137	88
06036	301	205	96
06037	292	199	93
06038	266	155	111
06039	190	131	59
06040	202	127	75
06041	242	155	87
06042	197	131	66
06043	204	135	69
06044	195	131	64
06045	244	156	88
06046	145	84	61
06047	163	104	59
06048	220	156	64
07001	194	132	62
07002	184	107	77
07003	273	170	103
07004	234	159	75
07005	185	119	66
07006	278	198	80
07007	185	113	72
07008	177	123	54
07009	383	241	142
07010	243	168	75
07011	178	115	63
07012	191	136	55
07013	155	100	55
07014	216	125	91
07015	229	141	88
07016	168	105	63
07017	158	96	62
07018	171	97	74
07019	231	145	86
07020	150	96	54
07021	165	108	57
07022	174	95	79
07023	265	175	90
07024	176	115	61
07025	134	100	34
07026	187	128	59
07027	195	131	64
07028	136	78	58
07029	172	101	71
07030	146	82	64
07031	114	74	40
07032	371	241	130
07033	348	231	117
07034	280	177	103
07035	220	131	89
07036	283	184	99
07037	241	157	84
07038	179	117	62
07039	204	124	80
07040	188	129	59
07041	197	131	66
07042	209	133	76
07043	207	124	83
07044	156	90	66
07045	168	99	69
07046	134	80	54
08001	192	122	70
08002	196	120	76
08003	308	194	114
08004	289	184	105
08005	297	181	116
08006	248	151	97
08007	300	196	104
08008	274	174	100
08009	176	107	69
08010	360	219	141
08011	215	153	62
08012	196	136	60
08013	245	163	82
08014	132	77	55
08015	208	124	84
08016	64	38	26
08017	228	149	79
08018	171	115	56
08019	296	194	102
08020	287	176	111
08021	298	175	123
08022	217	142	75
08023	188	113	75
08024	169	114	55
08025	210	126	84
08026	218	143	75
08027	272	175	97
08028	253	168	85
08029	295	181	114
08030	246	163	83
08031	185	119	66
08032	176	110	66
08033	230	151	79
08034	230	141	89
08035	267	171	96
08036	259	176	83
08037	232	134	98
08038	145	83	62
08039	229	151	78
08040	189	127	62
08041	239	143	96
08042	280	185	95
08043	112	66	46
08044	146	83	63
08045	180	122	58
08046	167	105	62
08047	195	109	86
08048	199	133	66
08049	222	127	95
08050	264	165	99
08051	272	162	110
08052	338	189	149
08053	134	85	49
08054	149	101	48
08055	215	160	55
08056	264	169	95
09001	221	138	83
09002	197	125	72
09003	129	94	35
09004	157	97	60
09005	232	149	83
09006	198	123	75
09007	159	103	56
09008	195	121	74
09009	257	172	85
09010	162	97	65
09011	158	89	69
09012	271	165	106
09013	271	169	102
09014	283	181	102
09015	121	81	40
09016	192	122	70
09017	143	93	50
09018	143	84	59
09019	192	110	82
09020	246	140	106
09021	191	122	69
09022	242	146	96
09023	278	156	122
09024	235	130	105
09025	218	149	69
09026	151	103	48
09027	188	128	60
09028	118	69	49
09029	176	118	58
09030	164	104	60
09031	154	88	66
09032	213	125	88
09033	146	94	52
09034	150	95	55
09035	227	141	86
09036	186	126	60
09037	312	175	137
09038	191	126	65
09039	232	137	95
09040	269	146	123
09041	164	92	72
09042	239	143	96
09043	176	110	66
09044	198	134	64
09045	152	93	59
09046	224	121	103
09047	271	169	102
09048	239	146	93
09049	231	144	87
09050	340	223	117
09051	235	147	88
10001	179	104	75
10002	168	62	106
10003	146	67	79
10004	131	78	53
10005	118	49	69
10006	118	62	56
10007	95	45	50
10008	84	48	36
10009	133	54	79
10010	160	75	85
10011	159	86	73
10012	93	36	57
10013	151	54	97
10014	182	76	106
10015	426	282	144
10016	111	49	62
10017	206	97	109
10018	96	56	40
10019	138	52	86
10020	151	62	89
10021	120	52	68
10022	87	53	34
10023	123	62	61
10024	138	47	91
10025	52	26	26
10026	107	47	60
10027	152	88	64
10028	156	79	77
10029	119	54	65
10030	131	62	69
10031	99	52	47
10032	132	61	71
10033	111	55	56
10034	91	48	43
10035	177	86	91
10036	47	34	13
11001	229	114	115
11002	15	8	7
11003	186	113	73
11004	212	123	89
11005	282	171	111
11006	268	147	121
11007	177	118	59
11008	203	114	89
11009	181	86	95
11010	207	116	91
11011	230	119	111
11012	344	143	201
11013	309	120	189
11014	96	46	50
11015	101	44	57
11016	165	78	87
11017	275	159	116
11018	194	80	114
11019	277	140	137
11020	171	81	90
11021	361	146	215
11022	262	129	133
11023	173	71	102
11024	360	170	190
11025	262	134	128
11026	316	178	138
11027	78	47	31
11028	90	46	44
11029	324	164	160
11030	102	39	63
11031	259	88	171
11032	139	66	73
11033	213	130	83
11034	91	50	41
11035	83	49	34
11036	88	43	45
11037	52	32	20
11038	107	67	40
12001	215	121	94
12002	150	74	76
12003	282	152	130
12004	235	127	108
12005	195	105	90
12006	171	78	93
12007	155	97	58
12008	215	121	94
12009	171	88	83
12010	202	117	85
12011	176	98	78
12012	172	92	80
12013	206	111	95
12014	155	92	63
12015	152	88	64
12016	123	67	56
12017	176	88	88
12018	117	65	52
12019	172	86	86
12020	203	106	97
12021	182	106	76
12022	144	87	57
12023	211	109	102
13001	193	80	113
13002	212	84	128
13003	148	75	73
13004	207	76	131
13005	223	131	92
13006	223	88	135
13007	143	73	70
13008	169	62	107
13009	175	88	87
13010	200	54	146
13011	223	88	135
13012	164	85	79
13013	221	136	85
13014	162	89	73
13015	301	184	117
13016	122	71	51
13017	184	68	116
13018	169	65	104
13019	159	98	61
13020	124	43	81
13021	217	72	145
13022	226	78	148
13023	145	84	61
13024	195	104	91
13025	179	87	92
13026	179	93	86
13027	206	95	111
13028	156	81	75
13029	151	72	79
13030	167	105	62
13031	237	83	154
13032	180	58	122
13033	227	81	146
13034	291	206	85
13035	209	119	90
13036	114	59	55
13037	262	136	126
13038	195	57	138
13039	196	104	92
13040	212	108	104
13041	201	116	85
13042	230	76	154
13043	225	120	105
13044	242	173	69
13045	261	130	131
13046	224	126	98
13047	195	120	75
13048	215	83	132
14001	279	84	195
14002	250	144	106
14003	151	93	58
14004	254	97	157
14005	238	134	104
14006	94	74	20
14007	190	90	100
14008	190	106	84
14009	273	105	168
14010	124	61	63
14011	126	87	39
14012	217	118	99
14013	180	101	79
14014	198	99	99
14015	182	103	79
14016	144	70	74
14017	167	103	64
14018	89	37	52
14019	187	117	70
14020	120	57	63
14021	185	93	92
14022	254	104	150
14023	163	57	106
14024	306	121	185
14025	112	53	59
14026	148	86	62
14027	181	99	82
14028	135	72	63
14029	176	117	59
14030	103	61	42
14031	101	62	39
15001	168	83	85
15002	114	72	42
15003	118	60	58
15004	166	86	80
15005	144	74	70
15006	145	61	84
15007	116	62	54
15008	149	81	68
15009	205	111	94
15010	206	100	106
15011	169	94	75
15012	181	96	85
15013	152	75	77
15014	135	68	67
15015	114	57	57
15016	179	97	82
15017	156	99	57
15018	97	67	30
15019	167	102	65
15020	115	62	53
15021	132	78	54
15022	116	66	50
15023	138	86	52
15024	106	66	40
16001	181	101	80
16002	153	95	58
16003	115	77	38
16004	128	76	52
16005	108	60	48
16006	148	92	56
16007	135	78	57
16008	94	55	39
16009	169	96	73
16010	125	80	45
16011	118	75	43
16012	107	66	41
16013	115	72	43
16014	115	77	38
16015	166	104	62
16016	158	101	57
16017	135	85	50
16018	137	81	56
16019	120	63	57
16020	126	76	50
16021	120	79	41
16022	116	71	45
16023	124	72	52
16024	90	54	36
16025	172	97	75
16026	137	80	57
16027	130	79	51
16028	164	103	61
16029	127	76	51
16030	116	70	46
16031	182	119	63
16032	147	80	67
16033	131	75	56
16034	121	71	50
16035	175	94	81
16036	114	71	43
17001	158	89	69
17002	168	115	53
17003	183	106	77
17004	251	155	96
17005	152	98	54
17006	155	90	65
17007	116	68	48
17008	133	77	56
17009	159	109	50
17010	256	150	106
17011	144	85	59
17012	207	116	91
17013	175	112	63
17014	183	111	72
17015	194	130	64
17016	143	80	63
17017	164	106	58
17018	228	144	84
17019	112	72	40
17020	276	172	104
17021	299	189	110
17022	170	101	69
17023	124	81	43
17024	226	143	83
17025	130	81	49
17026	204	130	74
17027	191	118	73
17028	145	87	58
17029	185	112	73
17030	110	57	53
17031	106	70	36
17032	136	83	53
17033	106	49	57
17034	141	84	57
17035	134	88	46
17036	186	125	61
17037	165	89	76
17038	165	118	47
17039	186	123	63
17040	237	143	94
17041	255	155	100
18001	152	90	62
18002	143	67	76
18003	148	71	77
18004	264	174	90
18005	128	71	57
18006	169	71	98
18007	187	106	81
18008	215	136	79
18009	253	149	104
18010	320	208	112
18011	175	85	90
18012	201	126	75
18013	238	153	85
18014	228	143	85
18015	224	115	109
18016	197	115	82
18017	194	118	76
18018	212	137	75
18019	235	136	99
18020	178	110	68
18021	266	170	96
18022	282	182	100
18023	176	89	87
18024	162	64	98
18025	179	86	93
18026	285	171	114
18027	155	85	70
18028	165	67	98
18029	213	109	104
18030	182	76	106
18031	217	135	82
18032	246	146	100
18033	175	91	84
18034	289	166	123
18035	291	185	106
18036	208	111	97
18037	256	139	117
18038	213	131	82
18039	158	85	73
18040	233	118	115
18041	265	162	103
18042	156	85	71
18043	131	57	74
18044	176	66	110
18045	148	72	76
18046	216	90	126
18047	149	94	55
18048	165	104	61
18049	131	77	54
18050	144	80	64
19001	257	79	178
19002	395	216	179
19003	152	42	110
19004	274	72	202
19005	337	170	167
19006	253	67	186
19007	245	85	160
19008	223	73	150
19009	205	81	124
19010	384	221	163
19011	213	44	169
19012	188	43	145
19013	360	230	130
19014	301	176	125
19015	261	62	199
19016	252	70	182
19017	221	58	163
19018	269	146	123
19019	358	182	176
19020	267	145	122
19021	194	58	136
19022	300	144	156
19023	278	96	182
19024	191	47	144
19025	279	139	140
19026	291	150	141
19027	286	171	115
19028	310	199	111
19029	200	59	141
19030	193	52	141
19031	261	124	137
19032	232	76	156
19033	223	60	163
19034	261	138	123
19035	298	162	136
19036	350	213	137
19037	293	190	103
19038	264	141	123
19039	69	38	31
19040	287	170	117
19041	202	61	141
19042	220	132	88
19043	366	243	123
19044	237	64	173
19045	270	66	204
19046	286	105	181
19047	422	221	201
19048	297	191	106
19049	376	247	129
19050	203	68	135
19051	324	109	215
19052	229	65	164
19053	260	110	150
19054	159	41	118
19055	192	50	142
19056	311	174	137
19057	260	132	128
20001	221	136	85
20002	80	48	32
20003	169	105	64
20004	75	44	31
20005	230	150	80
20006	81	54	27
20007	168	109	59
20008	216	131	85
20009	292	197	95
20010	152	103	49
20011	237	155	82
20012	121	66	55
20013	221	143	78
20014	128	83	45
20015	121	70	51
20016	219	148	71
20017	100	71	29
20018	148	89	59
20019	160	94	66
20020	110	66	44
20021	111	65	46
20022	265	186	79
20023	202	126	76
20024	201	141	60
20025	135	77	58
20026	248	177	71
20027	105	70	35
20028	134	88	46
20029	275	185	90
20030	92	54	38
20031	214	131	83
20032	168	107	61
20033	153	91	62
20034	257	183	74
20035	85	56	29
20036	58	30	28
20037	66	45	21
20038	68	39	29
20039	19	13	6
21001	252	172	80
21002	155	92	63
21003	253	156	97
21004	208	119	89
21005	272	169	103
21006	171	112	59
21007	251	168	83
21008	238	154	84
21009	270	166	104
21010	197	119	78
21011	214	142	72
21012	190	113	77
21013	208	141	67
21014	286	173	113
21015	183	103	80
21016	209	112	97
21017	179	100	79
21018	248	149	99
21019	244	156	88
21020	173	118	55
21021	200	134	66
21022	207	136	71
21023	206	122	84
21024	230	146	84
21025	218	123	95
21026	198	124	74
21027	209	142	67
21028	263	152	111
21029	249	152	97
21030	189	106	83
21031	180	117	63
21032	212	142	70
21033	194	125	69
21034	196	115	81
21035	276	182	94
21036	224	134	90
21037	194	131	63
21038	197	132	65
21039	149	94	55
21040	194	126	68
21041	218	145	73
21042	254	150	104
21043	217	140	77
21044	229	141	88
21045	192	118	74
21046	244	158	86
21047	182	115	67
21048	203	124	79
21049	266	153	113
21050	181	107	74
21051	213	132	81
21052	217	125	92
21053	173	120	53
21054	214	139	75
22001	135	71	64
22002	252	97	155
22003	244	134	110
22004	139	91	48
22005	149	81	68
22006	145	86	59
22007	124	73	51
22008	268	128	140
22009	129	77	52
22010	213	132	81
22011	147	87	60
22012	188	108	80
22013	167	111	56
22014	147	104	43
22015	118	69	49
22016	119	75	44
22017	191	131	60
22018	140	87	53
22019	64	44	20
22020	153	90	63
22021	188	121	67
22022	138	89	49
22023	283	174	109
22024	170	93	77
22025	160	82	78
23001	204	63	141
23002	187	70	117
23003	211	64	147
23004	228	67	161
23005	175	80	95
23006	173	71	102
23007	146	71	75
23008	221	88	133
23009	154	82	72
23010	214	88	126
23011	174	75	99
23012	207	56	151
23013	134	60	74
23014	193	44	149
23015	143	74	69
23016	225	51	174
23017	92	40	52
23018	169	42	127
23019	148	78	70
23020	93	42	51
23021	230	57	173
23022	186	62	124
23023	200	56	144
23024	144	81	63
23025	168	69	99
23026	184	88	96
23027	192	54	138
23028	191	67	124
23029	174	45	129
23030	209	99	110
23031	129	73	56
23032	170	71	99
23033	167	75	92
23034	155	87	68
23035	135	36	99
23036	192	54	138
23037	213	64	149
23038	164	48	116
23039	169	98	71
24001	147	90	57
24002	147	104	43
24003	141	91	50
24004	121	69	52
24005	80	48	32
24006	158	99	59
24007	95	49	46
24008	77	39	38
24009	121	69	52
24010	74	43	31
24011	142	87	55
24012	88	57	31
24013	67	44	23
24014	126	72	54
24015	64	36	28
24016	218	126	92
24017	127	76	51
24018	176	120	56
24019	199	115	84
24020	119	62	57
24021	66	32	34
24022	189	99	90
24023	122	76	46
24024	174	106	68
24025	119	70	49
24026	267	176	91
24027	167	82	85
24028	132	89	43
24029	138	82	56
24030	93	59	34
24031	164	108	56
24032	84	52	32
24033	84	60	24
24034	133	84	49
24035	131	89	42
24036	195	130	65
24037	93	61	32
24038	146	92	54
24039	205	137	68
24040	159	103	56
24041	135	84	51
25001	213	134	79
25002	229	156	73
25003	212	130	82
25004	179	95	84
25005	241	135	106
25006	68	38	30
25007	224	146	78
25008	225	131	94
25009	188	120	68
25010	223	137	86
25011	235	143	92
25012	202	126	76
25013	215	140	75
25014	121	76	45
25015	175	93	82
25016	183	120	63
25017	257	170	87
25018	94	45	49
25019	225	153	72
25020	134	49	85
25021	320	204	116
25022	195	125	70
25023	273	172	101
25024	219	136	83
25025	183	110	73
25026	192	109	83
25027	177	118	59
25028	238	163	75
25029	206	123	83
25030	204	127	77
25031	202	115	87
25032	186	91	95
26001	178	123	55
26002	165	120	45
26003	192	137	55
26004	98	55	43
26005	157	114	43
26006	131	81	50
26007	170	126	44
26008	77	44	33
26009	144	89	55
26010	157	108	49
26011	154	95	59
26012	163	102	61
26013	80	36	44
26014	110	80	30
26015	82	47	35
26016	79	47	32
26017	118	76	42
26018	97	71	26
26019	94	47	47
26020	146	109	37
26021	174	117	57
26022	66	40	26
26023	93	48	45
26024	149	96	53
26025	136	97	39
26026	97	65	32
26027	195	141	54
26028	223	154	69
26029	101	71	30
26030	126	89	37
26031	81	44	37
26032	174	107	67
26033	171	124	47
26034	211	157	54
26035	143	110	33
26036	135	91	44
26037	157	109	48
26038	64	40	24
26039	158	103	55
26040	99	67	32
26041	171	110	61
26042	122	89	33
26043	73	45	28
26044	91	49	42
26045	51	34	17
26046	93	58	35
26047	75	43	32
26048	151	110	41
26049	72	46	26
27001	182	129	53
27002	196	119	77
27003	112	65	47
27004	108	58	50
27005	146	88	58
27006	165	109	56
27007	243	167	76
27008	127	63	64
27009	86	59	27
27010	250	168	82
27011	154	106	48
27012	104	79	25
27013	314	208	106
27014	85	40	45
27015	96	74	22
27016	115	88	27
27017	169	92	77
27018	142	68	74
27019	83	46	37
27020	100	66	34
27021	147	99	48
27022	115	77	38
27023	150	101	49
27024	115	76	39
27025	180	88	92
27026	171	117	54
27027	184	129	55
27028	101	72	29
27029	111	64	47
27030	101	55	46
27031	167	111	56
27032	158	101	57
27033	161	106	55
27034	150	99	51
27035	171	116	55
27036	145	102	43
27037	231	165	66
27038	315	217	98
27039	158	87	71
27040	220	143	77
27041	209	141	68
27042	132	83	49
27043	119	61	58
27044	124	88	36
27045	239	163	76
27046	113	75	38
27047	169	102	67
27048	268	176	92
27049	135	73	62
27050	190	101	89
28001	111	73	38
28002	137	90	47
28003	136	83	53
28004	111	64	47
28005	118	76	42
28006	133	72	61
28007	149	88	61
28008	133	78	55
28009	150	89	61
28010	211	113	98
28011	252	146	106
28012	159	100	59
28013	166	104	62
28014	146	101	45
28015	53	32	21
28016	101	65	36
28017	122	80	42
28018	147	72	75
28019	154	95	59
28020	152	86	66
28021	138	90	48
28022	140	103	37
28023	178	121	57
28024	134	76	58
28025	241	161	80
28026	181	120	61
28027	163	95	68
28028	217	122	95
28029	72	44	28
28030	36	23	13
28031	280	193	87
28032	149	87	62
28033	168	113	55
28034	221	134	87
28035	164	103	61
28036	76	47	29
28037	197	136	61
28038	71	51	20
28039	104	67	37
28040	200	138	62
28041	124	82	42
28042	164	100	64
28043	193	129	64
28044	123	84	39
28045	131	84	47
28046	264	154	110
29001	317	190	127
29002	299	180	119
29003	200	102	98
29004	254	156	98
29005	149	90	59
29006	178	111	67
29007	238	133	105
29008	134	76	58
29009	259	151	108
29010	300	185	115
29011	129	79	50
29012	262	170	92
29013	217	128	89
29014	197	125	72
29015	249	163	86
29016	197	127	70
29017	212	148	64
29018	214	131	83
29019	226	140	86
29020	247	154	93
29021	222	140	82
29022	170	99	71
29023	209	100	109
29024	204	113	91
29025	276	169	107
29026	238	151	87
29027	193	123	70
29028	259	168	91
29029	160	70	90
29030	292	175	117
29031	145	63	82
29032	120	33	87
29033	203	138	65
29034	111	64	47
29035	157	98	59
29036	192	118	74
29037	207	114	93
29038	151	76	75
29039	169	91	78
29040	261	169	92
29041	152	102	50
29042	217	122	95
29043	295	175	120
29044	254	150	104
30001	209	99	110
30002	135	70	65
30003	145	98	47
30004	145	70	75
30005	92	45	47
30006	136	74	62
30007	163	99	64
30008	231	141	90
30009	118	65	53
30010	140	74	66
30011	121	69	52
30012	100	55	45
30013	136	68	68
30014	89	42	47
30015	222	153	69
30016	57	34	23
30017	182	96	86
30018	188	139	49
30019	134	74	60
30020	174	103	71
30021	125	62	63
30022	223	148	75
30023	148	95	53
30024	217	161	56
30025	246	172	74
30026	107	60	47
30027	94	58	36
30028	213	140	73
30029	78	47	31
30030	47	24	23
30031	98	52	46
30032	152	95	57
31001	84	45	39
31002	96	45	51
31003	81	41	40
31004	190	138	52
31005	141	74	67
31006	90	53	37
31007	213	157	56
31008	100	60	40
31009	116	65	51
31010	99	58	41
31011	85	41	44
31012	89	45	44
31013	128	78	50
31014	109	61	48
31015	103	54	49
31016	177	125	52
31017	101	50	51
31018	103	52	51
31019	95	52	43
31020	103	58	45
31021	103	51	52
31022	93	61	32
31023	106	66	40
31024	152	100	52
31025	95	55	40
31026	135	83	52
31027	116	64	52
31028	81	37	44
31029	130	65	65
31030	80	56	24
31031	98	57	41
31032	70	42	28
31033	85	36	49
31034	107	64	43
31035	100	56	44
31036	145	80	65
31037	103	64	39
31038	79	39	40
31039	132	91	41
31040	118	86	32
31041	102	68	34
32001	255	173	82
32002	205	138	67
32003	303	228	75
32004	221	159	62
32005	216	154	62
32006	216	156	60
32007	216	154	62
32008	203	147	56
32009	201	123	78
32010	213	145	68
32011	276	208	68
32012	204	142	62
32013	193	120	73
32014	271	193	78
32015	209	149	60
32016	239	173	66
32017	274	191	83
32018	183	121	62
32019	198	124	74
32020	283	217	66
32021	253	188	65
32022	353	269	84
32023	192	132	60
32024	119	81	38
32025	216	158	58
32026	305	237	68
32027	180	124	56
32028	268	215	53
32029	257	199	58
32030	168	106	62
32031	221	148	73
32032	228	164	64
32033	230	164	66
32034	216	159	57
32035	188	130	58
32036	214	160	54
32037	182	128	54
32038	186	123	63
32039	212	126	86
32040	245	164	81
32041	223	162	61
32042	182	128	54
32043	226	165	61
33001	277	195	82
33002	304	214	90
33003	335	253	82
33004	304	201	103
33005	178	115	63
33006	215	124	91
33007	249	176	73
33008	418	306	112
33009	285	201	84
33010	234	154	80
33011	252	161	91
33012	232	119	113
33013	231	130	101
33014	109	84	25
33015	287	202	85
33016	335	188	147
33017	266	173	93
33018	293	202	91
33019	239	149	90
33020	276	198	78
33021	281	201	80
33022	251	148	103
33023	286	211	75
33024	445	355	90
33025	299	193	106
33026	176	133	43
33027	253	176	77
33028	232	174	58
34001	254	160	94
34002	202	132	70
34003	200	113	87
34004	146	94	52
34005	191	107	84
34006	243	154	89
34007	252	160	92
34008	173	104	69
34009	153	90	63
34010	230	140	90
34011	159	95	64
34012	224	141	83
34013	225	143	82
34014	158	103	55
34015	163	102	61
34016	176	116	60
34017	272	166	106
34018	171	108	63
34019	216	123	93
34020	280	175	105
34021	289	185	104
34022	241	166	75
34023	177	118	59
34024	188	112	76
34025	347	214	133
34026	247	161	86
34027	186	120	66
34028	127	88	39
34029	178	100	78
34030	258	168	90
34031	170	111	59
34032	181	111	70
34033	178	122	56
34034	251	169	82
34035	228	137	91
34036	228	141	87
34037	118	76	42
34038	92	62	30
34039	149	96	53
34040	229	130	99
34041	139	73	66
34042	256	171	85
34043	235	142	93
34044	243	158	85
34045	230	145	85
34046	170	106	64
34047	180	124	56
34048	269	178	91
34049	239	140	99
34050	153	95	58
34051	253	153	100
34052	184	133	51
34053	117	76	41
35001	204	142	62
35002	290	220	70
35003	196	139	57
35004	197	114	83
35005	187	140	47
35006	203	147	56
35007	226	171	55
35008	233	176	57
35009	171	117	54
35010	314	248	66
35011	216	156	60
35012	133	77	56
35013	134	84	50
35014	143	90	53
35015	239	189	50
35016	118	68	50
35017	218	166	52
35018	136	83	53
35019	87	46	41
35020	163	103	60
35021	199	123	76
35022	242	175	67
35023	225	152	73
35024	183	111	72
35025	231	171	60
35026	172	111	61
35027	184	128	56
35028	192	136	56
35029	136	97	39
35030	169	114	55
35031	235	154	81
36001	151	75	76
36002	128	74	54
36003	138	65	73
36004	111	68	43
36005	139	85	54
36006	115	62	53
36007	226	124	102
36008	109	62	47
36009	121	76	45
36010	168	89	79
36011	96	53	43
36012	73	48	25
36013	82	47	35
36014	177	94	83
36015	201	96	105
36016	181	98	83
36017	198	99	99
36018	166	65	101
36019	175	96	79
36020	151	67	84
36021	111	61	50
36022	98	48	50
36023	96	56	40
36024	129	55	74
36025	120	65	55
36026	120	63	57
36027	150	76	74
36028	119	56	63
36029	167	69	98
36030	147	75	72
37001	133	80	53
37002	110	71	39
37003	117	68	49
37004	123	67	56
37005	208	128	80
37006	181	112	69
37007	121	80	41
37008	120	68	52
37009	187	115	72
37010	193	109	84
37011	107	74	33
37012	105	74	31
37013	129	91	38
37014	197	127	70
37015	194	142	52
37016	187	112	75
37017	154	96	58
37018	173	94	79
37019	135	88	47
37020	140	86	54
37021	167	101	66
37022	132	83	49
37023	192	109	83
37024	200	116	84
37025	169	109	60
37026	242	143	99
37027	180	119	61
37028	151	92	59
37029	173	109	64
37030	163	95	68
37031	175	99	76
37032	173	113	60
37033	221	124	97
37034	151	92	59
37035	209	120	89
37036	159	96	63
37037	222	138	84
37038	225	142	83
37039	153	80	73
37040	209	128	81
37041	161	96	65
38001	159	97	62
38002	190	62	128
38003	145	60	85
38004	163	73	90
38005	162	69	93
38006	144	61	83
38007	154	59	95
38008	145	65	80
38009	186	72	114
38010	135	64	71
38011	181	92	89
38012	166	57	109
38013	183	68	115
38014	185	89	96
38015	156	88	68
38016	174	76	98
38017	196	66	130
38018	183	84	99
38019	219	103	116
38020	172	66	106
38021	159	80	79
38022	192	97	95
38023	208	84	124
38024	163	62	101
38025	145	68	77
38026	168	77	91
38027	155	57	98
38028	191	64	127
38029	172	78	94
38030	166	58	108
38031	203	114	89
38032	151	76	75
38033	171	83	88
38034	176	89	87
38035	176	97	79
38036	160	83	77
38037	191	78	113
38038	154	63	91
38039	215	110	105
38040	192	92	100
38041	220	126	94
39001	241	121	120
39002	216	140	76
39003	271	160	111
39004	227	107	120
39005	197	117	80
39006	212	122	90
39007	174	101	73
39008	203	130	73
39009	186	104	82
39010	113	82	31
39011	173	90	83
39012	254	177	77
39013	156	92	64
39014	168	107	61
39015	213	85	128
39016	124	87	37
39017	252	149	103
39018	236	135	101
39019	224	133	91
39020	249	102	147
39021	198	73	125
39022	138	91	47
39023	238	100	138
39024	262	112	150
39025	170	101	69
39026	195	111	84
39027	57	31	26
39028	315	198	117
39029	117	79	38
39030	260	190	70
39031	183	103	80
39032	180	92	88
39033	228	150	78
39034	218	137	81
39035	193	141	52
39036	62	45	17
39037	274	142	132
39038	157	105	52
39039	129	70	59
39040	181	78	103
39041	232	122	110
39042	274	109	165
39043	237	115	122
39044	169	98	71
39045	222	86	136
40001	180	114	66
40002	212	130	82
40003	326	243	83
40004	132	97	35
40005	249	179	70
40006	289	235	54
40007	290	209	81
40008	329	242	87
40009	164	114	50
40010	189	121	68
40011	257	177	80
40012	185	131	54
40013	411	330	81
40014	144	91	53
40015	198	117	81
40016	329	258	71
40017	225	165	60
40018	157	119	38
40019	259	151	108
40020	206	128	78
40021	319	225	94
40022	252	187	65
40023	325	258	67
40024	167	103	64
40025	305	238	67
40026	270	199	71
40027	322	230	92
40028	285	217	68
40029	254	162	92
40030	245	174	71
40031	305	248	57
40032	315	227	88
40033	311	246	65
40034	176	124	52
40035	143	94	49
40036	237	165	72
40037	224	163	61
40038	328	248	80
40039	55	33	22
41001	160	65	95
41002	207	76	131
41003	201	86	115
41004	245	117	128
41005	200	106	94
41006	279	124	155
41007	219	82	137
41008	203	91	112
41009	197	104	93
41010	277	128	149
41011	217	93	124
41012	175	67	108
41013	187	78	109
41014	263	122	141
41015	260	108	152
41016	166	71	95
41017	218	96	122
41018	177	63	114
41019	262	134	128
41020	150	78	72
41021	205	86	119
41022	264	101	163
41023	154	54	100
41024	144	49	95
41025	86	40	46
41026	217	98	119
41027	118	55	63
41028	141	77	64
41029	100	56	44
41030	180	73	107
41031	237	135	102
41032	169	74	95
41033	171	81	90
41034	182	72	110
41035	256	87	169
41036	191	97	94
41037	218	81	137
41038	191	60	131
41039	241	96	145
41040	233	83	150
41041	170	63	107
41042	193	78	115
41043	188	78	110
41044	211	92	119
41045	162	63	99
41046	254	106	148
41047	227	99	128
42001	230	157	73
42002	160	120	40
42003	201	127	74
42004	283	207	76
42005	155	120	35
42006	300	183	117
42007	239	169	70
42008	222	155	67
42009	196	132	64
42010	242	177	65
42011	159	106	53
42012	217	145	72
42013	260	175	85
42014	161	111	50
42015	150	101	49
42016	209	132	77
42017	247	179	68
42018	129	90	39
42019	272	202	70
42020	137	90	47
42021	163	96	67
42022	90	53	37
42023	194	132	62
42024	204	138	66
42025	166	103	63
42026	216	154	62
42027	182	116	66
42028	267	181	86
42029	185	128	57
42030	223	165	58
42031	209	132	77
42032	132	94	38
42033	214	159	55
42034	194	124	70
42035	271	178	93
42036	251	161	90
42037	113	81	32
42038	144	98	46
42039	166	110	56
42040	228	151	77
42041	175	122	53
42042	270	193	77
43001	120	78	42
43002	188	139	49
43003	209	159	50
43004	219	170	49
43005	185	141	44
43006	133	92	41
43007	158	110	48
43008	176	129	47
43009	251	178	73
43010	257	199	58
43011	123	96	27
43012	152	109	43
43013	220	161	59
43014	245	163	82
43015	198	130	68
43016	147	101	46
43017	164	125	39
43018	231	153	78
43019	246	173	73
43020	206	155	51
43021	201	150	51
43022	129	97	32
43023	133	91	42
43024	150	106	44
43025	215	155	60
43026	167	127	40
43027	209	147	62
43028	246	178	68
43029	181	145	36
43030	190	131	59
43031	228	154	74
43032	230	183	47
43033	254	181	73
43034	187	145	42
43035	282	199	83
43036	84	61	23
43037	180	134	46
43038	211	159	52
43039	140	86	54
43040	133	94	39
43041	286	209	77
43042	211	155	56
43043	258	192	66
43044	204	139	65
43045	146	99	47
43046	102	72	30
44001	365	272	93
44002	237	147	90
44003	240	182	58
44004	261	204	57
44005	239	170	69
44006	283	207	76
44007	208	147	61
44008	316	230	86
44009	184	127	57
44010	186	140	46
44011	217	151	66
44012	269	191	78
44013	149	92	57
44014	166	123	43
44015	228	172	56
44016	247	170	77
44017	360	260	100
44018	212	162	50
44019	303	231	72
44020	210	151	59
44021	250	186	64
44022	310	205	105
44023	218	175	43
44024	217	173	44
44025	223	158	65
44026	242	175	67
44027	277	202	75
44028	234	170	64
44029	197	155	42
44030	241	178	63
44031	174	114	60
44032	242	152	90
44033	234	180	54
44034	281	188	93
44035	336	239	97
44036	213	151	62
44037	263	182	81
44038	166	99	67
44039	203	137	66
44040	170	117	53
44041	266	199	67
45001	177	118	59
45002	205	145	60
45003	220	135	85
45004	279	186	93
45005	257	147	110
45006	300	208	92
45007	348	219	129
45008	194	99	95
45009	192	110	82
45010	215	126	89
45011	140	89	51
45012	221	126	95
45013	206	114	92
45014	246	134	112
45015	299	185	114
45016	202	123	79
45017	226	133	93
45018	183	86	97
45019	98	64	34
45020	134	78	56
45021	194	84	110
45022	181	76	105
45023	181	91	90
45024	169	65	104
45025	136	51	85
45026	102	39	63
45027	166	71	95
45028	137	69	68
45029	125	60	65
45030	187	114	73
45031	162	76	86
45032	150	79	71
45033	140	83	57
45034	219	108	111
45035	237	112	125
45036	230	113	117
45037	192	100	92
45038	166	67	99
45039	175	69	106
45040	203	72	131
45041	181	73	108
45042	200	69	131
45043	207	83	124
45044	188	71	117
45045	106	35	71
45046	132	58	74
45047	139	55	84
45048	137	44	93
46001	204	137	67
46002	227	162	65
46003	328	234	94
46004	243	178	65
46005	245	156	89
46006	199	133	66
46007	337	229	108
46008	185	129	56
46009	279	200	79
46010	293	214	79
46011	207	146	61
46012	298	236	62
46013	244	174	70
46014	260	202	58
46015	237	170	67
46016	304	230	74
46017	306	223	83
46018	238	164	74
46019	215	137	78
46020	221	154	67
46021	152	108	44
46022	165	119	46
46023	193	134	59
46024	299	216	83
46025	227	170	57
46026	253	197	56
46027	309	225	84
46028	308	222	86
46029	233	166	67
46030	226	144	82
46031	229	170	59
46032	229	168	61
46033	277	187	90
46034	253	189	64
46035	248	191	57
46036	260	163	97
46037	194	141	53
46038	184	137	47
46039	237	171	66
46040	251	191	60
47001	143	107	36
47002	311	227	84
47003	313	213	100
47004	340	232	108
47005	318	243	75
47006	274	193	81
47007	244	168	76
47008	288	192	96
47009	235	169	66
47010	354	272	82
47011	239	177	62
47012	336	238	98
47013	299	227	72
47014	283	204	79
47015	378	297	81
47016	310	202	108
47017	273	190	83
47018	269	192	77
47019	339	277	62
47020	279	203	76
47021	289	217	72
47022	329	245	84
47023	347	276	71
47024	250	179	71
47025	279	223	56
47026	331	267	64
47027	249	178	71
47028	293	225	68
47029	282	224	58
47030	347	261	86
47031	247	185	62
47032	366	281	85
47033	210	152	58
47034	315	252	63
47035	269	185	84
47036	338	262	76
47037	300	237	63
47038	276	217	59
47039	297	233	64
47040	362	256	106
47041	331	241	90
47042	285	207	78
47043	248	173	75
47044	194	131	63
47045	293	225	68
47046	276	176	100
47047	287	206	81
47048	28	24	4
48001	268	210	58
48002	158	131	27
48003	287	214	73
48004	263	200	63
48005	213	176	37
48006	319	244	75
48007	310	251	59
48008	165	113	52
48009	174	121	53
48010	411	344	67
48011	275	220	55
48012	339	251	88
48013	362	257	105
48014	160	102	58
48015	150	109	41
48016	269	201	68
48017	282	210	72
48018	221	150	71
48019	265	205	60
48020	354	273	81
48021	289	204	85
48022	312	224	88
48023	323	238	85
48024	263	190	73
48025	320	244	76
48026	124	80	44
48027	276	198	78
48028	289	198	91
48029	201	156	45
48030	273	221	52
48031	300	216	84
48032	252	184	68
48033	200	136	64
48034	251	194	57
48035	180	122	58
48036	194	146	48
48037	280	219	61
48038	360	295	65
48039	243	180	63
48040	267	200	67
48041	276	213	63
48042	370	290	80
48043	278	205	73
48044	355	272	83
48045	225	179	46
48046	191	140	51
49001	169	122	47
49002	182	143	39
49003	292	224	68
49004	328	261	67
49005	333	243	90
49006	243	186	57
49007	266	213	53
49008	213	149	64
49009	264	214	50
49010	314	236	78
49011	350	278	72
49012	381	319	62
49013	338	263	75
49014	252	183	69
49015	192	139	53
49016	302	223	79
49017	154	111	43
49018	367	284	83
49019	212	146	66
49020	419	340	79
49021	158	117	41
49022	303	223	80
49023	332	254	78
49024	193	146	47
49025	346	274	72
49026	296	221	75
49027	298	225	73
49028	338	265	73
49029	354	291	63
49030	333	253	80
49031	231	169	62
49032	266	194	72
49033	236	172	64
50001	186	112	74
50002	124	70	54
50003	201	118	83
50004	230	141	89
50005	144	76	68
50006	247	166	81
50007	299	216	83
50008	180	117	63
50009	181	121	60
50010	137	71	66
50011	144	67	77
50012	109	71	38
50013	172	124	48
50014	60	32	28
50015	283	201	82
50016	72	46	26
50017	124	71	53
50018	64	50	14
50019	109	66	43
50020	209	150	59
50021	179	126	53
50022	125	72	53
50023	113	67	46
50024	148	66	82
50025	165	79	86
50026	148	97	51
50027	61	38	23
50028	162	115	47
50029	109	73	36
50030	136	79	57
50031	203	134	69
50032	172	116	56
50033	181	102	79
50034	290	200	90
50035	286	209	77
50036	209	144	65
50037	221	145	76
50038	103	63	40
50039	86	48	38
50040	181	78	103
Barrington 1	125	93	32
Barrington 2	172	124	48
Barrington 3	96	50	46
Barrington 4	154	95	59
Barrington 5	87	66	21
Barrington 6	164	129	35
Barrington 7	42	25	17
Barrington 8	129	81	48
Barrington 9	120	91	29
Barrington 10	191	124	67
Barrington 11	72	48	24
Berwyn Ward 1 Precinct 1	183	85	98
Berwyn Ward 1 Precinct 2	197	81	116
Berwyn Ward 1 Precinct 3	302	133	169
Berwyn Ward 1 Precinct 4	215	103	112
Berwyn Ward 1 Precinct 5	211	95	116
Berwyn Ward 2 Precinct 1	126	56	70
Berwyn Ward 2 Precinct 2	196	73	123
Berwyn Ward 2 Precinct 3	278	110	168
Berwyn Ward 2 Precinct 4	294	135	159
Berwyn Ward 3 Precinct 1	201	99	102
Berwyn Ward 3 Precinct 2	163	76	87
Berwyn Ward 3 Precinct 3	182	84	98
Berwyn Ward 3 Precinct 4	211	95	116
Berwyn Ward 3 Precinct 5	312	179	133
Berwyn Ward 4 Precinct 1	121	43	78
Berwyn Ward 4 Precinct 2	225	101	124
Berwyn Ward 4 Precinct 3	240	123	117
Berwyn Ward 4 Precinct 4	163	74	89
Berwyn Ward 5 Precinct 1	329	170	159
Berwyn Ward 5 Precinct 2	176	110	66
Berwyn Ward 5 Precinct 3	170	93	77
Berwyn Ward 6 Precinct 1	104	54	50
Berwyn Ward 6 Precinct 2	154	78	76
Berwyn Ward 6 Precinct 3	180	106	74
Berwyn Ward 6 Precinct 4	212	106	106
Berwyn Ward 7 Precinct 1	163	84	79
Berwyn Ward 7 Precinct 2	181	90	91
Berwyn Ward 7 Precinct 3	208	94	114
Berwyn Ward 7 Precinct 4	227	118	109
Berwyn Ward 8 Precinct 1	281	153	128
Berwyn Ward 8 Precinct 2	173	87	86
Berwyn Ward 8 Precinct 3	119	73	46
Bloom 1	294	202	92
Bloom 2	276	141	135
Bloom 3	144	96	48
Bloom 4	164	107	57
Bloom 5	140	76	64
Bloom 6	94	73	21
Bloom 7	216	122	94
Bloom 8	145	66	79
Bloom 9	159	65	94
Bloom 10	91	68	23
Bloom 11	97	39	58
Bloom 12	196	110	86
Bloom 13	404	284	120
Bloom 14	238	146	92
Bloom 15	162	72	90
Bloom 16	212	136	76
Bloom 17	180	125	55
Bloom 18	158	94	64
Bloom 19	328	203	125
Bloom 20	253	142	111
Bloom 21	51	40	11
Bloom 22	141	78	63
Bloom 23	174	102	72
Bloom 24	325	176	149
Bloom 25	133	81	52
Bloom 26	85	47	38
Bloom 27	185	100	85
Bloom 28	196	112	84
Bloom 29	111	82	29
Bloom 30	344	198	146
Bloom 31	217	117	100
Bloom 32	145	96	49
Bloom 33	250	155	95
Bloom 34	188	134	54
Bloom 35	96	66	30
Bloom 36	314	202	112
Bloom 37	167	114	53
Bloom 38	606	389	217
Bloom 39	149	99	50
Bloom 40	202	119	83
Bloom 41	340	208	132
Bloom 42	253	184	69
Bloom 43	289	202	87
Bloom 44	227	115	112
Bloom 45	355	227	128
Bloom 46	158	106	52
Bloom 47	335	194	141
Bloom 48	243	157	86
Bloom 49	310	203	107
Bloom 50	239	166	73
Bloom 51	95	61	34
Bloom 52	191	129	62
Bloom 53	84	47	37
Bloom 54	201	106	95
Bloom 55	130	78	52
Bloom 56	154	79	75
Bloom 57	207	106	101
Bloom 58	202	127	75
Bloom 59	178	109	69
Bloom 60	237	158	79
Bloom 61	154	103	51
Bremen 1	228	135	93
Bremen 2	146	49	97
Bremen 3	118	53	65
Bremen 4	143	60	83
Bremen 5	121	53	68
Bremen 6	110	51	59
Bremen 7	127	71	56
Bremen 8	150	93	57
Bremen 9	129	64	65
Bremen 10	166	69	97
Bremen 11	183	64	119
Bremen 12	157	93	64
Bremen 13	216	93	123
Bremen 14	117	61	56
Bremen 15	118	59	59
Bremen 16	197	62	135
Bremen 17	209	121	88
Bremen 18	151	76	75
Bremen 19	101	57	44
Bremen 20	141	44	97
Bremen 21	183	99	84
Bremen 22	96	49	47
Bremen 23	84	53	31
Bremen 24	125	52	73
Bremen 25	237	95	142
Bremen 26	268	191	77
Bremen 27	157	68	89
Bremen 28	104	50	54
Bremen 29	369	229	140
Bremen 30	172	65	107
Bremen 31	206	130	76
Bremen 32	245	157	88
Bremen 33	120	46	74
Bremen 34	172	73	99
Bremen 35	128	83	45
Bremen 36	107	36	71
Bremen 37	150	98	52
Bremen 38	156	89	67
Bremen 39	122	77	45
Bremen 40	356	209	147
Bremen 41	91	32	59
Bremen 42	178	73	105
Bremen 43	123	67	56
Bremen 44	199	123	76
Bremen 45	92	48	44
Bremen 46	126	42	84
Bremen 47	209	133	76
Bremen 48	178	114	64
Bremen 49	246	148	98
Bremen 50	170	74	96
Bremen 51	294	178	116
Bremen 52	127	52	75
Bremen 53	96	32	64
Bremen 54	126	43	83
Bremen 55	115	64	51
Bremen 56	272	182	90
Bremen 57	140	52	88
Bremen 58	204	77	127
Bremen 59	137	74	63
Bremen 60	157	66	91
Bremen 61	155	52	103
Bremen 62	147	80	67
Bremen 63	301	186	115
Bremen 64	178	80	98
Bremen 65	110	75	35
Bremen 66	249	174	75
Bremen 67	170	89	81
Bremen 68	105	30	75
Bremen 69	177	90	87
Bremen 70	134	92	42
Bremen 71	193	138	55
Bremen 72	108	40	68
Bremen 73	158	84	74
Bremen 74	159	71	88
Bremen 75	312	214	98
Bremen 76	121	59	62
Bremen 77	224	105	119
Bremen 78	238	153	85
Bremen 79	168	61	107
Bremen 80	247	146	101
Calumet 1	221	125	96
Calumet 2	212	105	107
Calumet 3	273	162	111
Calumet 4	190	114	76
Calumet 5	227	144	83
Calumet 6	331	195	136
Calumet 7	271	166	105
Calumet 8	130	75	55
Calumet 9	214	132	82
Calumet 10	323	192	131
Calumet 11	402	273	129
Calumet 12	187	104	83
Cicero 1	193	55	138
Cicero 2	97	38	59
Cicero 3	184	59	125
Cicero 4	132	45	87
Cicero 5	308	77	231
Cicero 6	230	67	163
Cicero 7	103	50	53
Cicero 8	129	38	91
Cicero 9	175	68	107
Cicero 10	215	58	157
Cicero 11	203	58	145
Cicero 12	208	50	158
Cicero 13	195	48	147
Cicero 14	180	47	133
Cicero 15	214	68	146
Cicero 16	121	40	81
Cicero 17	165	59	106
Cicero 18	121	37	84
Cicero 19	278	83	195
Cicero 20	168	33	135
Cicero 21	181	65	116
Cicero 22	193	49	144
Cicero 23	266	81	185
Cicero 24	163	73	90
Cicero 25	199	65	134
Cicero 26	167	36	131
Cicero 27	173	58	115
Cicero 28	187	69	118
Cicero 29	180	59	121
Cicero 30	143	60	83
Cicero 31	98	31	67
Cicero 32	158	71	87
Elk Grove 1	235	162	73
Elk Grove 2	97	57	40
Elk Grove 3	195	111	84
Elk Grove 4	147	84	63
Elk Grove 5	337	216	121
Elk Grove 6	141	91	50
Elk Grove 7	268	169	99
Elk Grove 8	178	108	70
Elk Grove 9	147	84	63
Elk Grove 10	315	201	114
Elk Grove 11	223	135	88
Elk Grove 12	94	58	36
Elk Grove 13	129	79	50
Elk Grove 14	191	106	85
Elk Grove 15	103	59	44
Elk Grove 16	277	161	116
Elk Grove 17	134	81	53
Elk Grove 18	194	111	83
Elk Grove 19	210	130	80
Elk Grove 20	158	90	68
Elk Grove 21	126	72	54
Elk Grove 22	123	63	60
Elk Grove 23	309	188	121
Elk Grove 24	121	53	68
Elk Grove 25	191	115	76
Elk Grove 26	122	69	53
Elk Grove 27	184	98	86
Elk Grove 28	88	57	31
Elk Grove 29	141	77	64
Elk Grove 30	146	77	69
Elk Grove 31	73	39	34
Elk Grove 32	86	54	32
Elk Grove 33	74	41	33
Elk Grove 34	379	226	153
Elk Grove 35	99	51	48
Elk Grove 36	87	45	42
Elk Grove 37	192	99	93
Elk Grove 38	79	49	30
Elk Grove 39	201	123	78
Elk Grove 40	119	73	46
Elk Grove 41	111	63	48
Elk Grove 42	107	57	50
Elk Grove 43	143	87	56
Elk Grove 44	109	61	48
Elk Grove 45	135	85	50
Elk Grove 46	101	58	43
Elk Grove 47	197	105	92
Elk Grove 48	144	103	41
Elk Grove 49	141	80	61
Elk Grove 50	75	45	30
Elk Grove 51	193	117	76
Elk Grove 52	101	65	36
Evanston Ward 1 Precinct 1	137	120	17
Evanston Ward 1 Precinct 2	354	301	53
Evanston Ward 1 Precinct 3	378	318	60
Evanston Ward 1 Precinct 4	584	506	78
Evanston Ward 2 Precinct 1	561	468	93
Evanston Ward 2 Precinct 2	280	237	43
Evanston Ward 2 Precinct 3	283	203	80
Evanston Ward 2 Precinct 4	414	349	65
Evanston Ward 2 Precinct 5	310	240	70
Evanston Ward 3 Precinct 1	401	343	58
Evanston Ward 3 Precinct 2	464	401	63
Evanston Ward 3 Precinct 3	433	350	83
Evanston Ward 3 Precinct 4	219	185	34
Evanston Ward 3 Precinct 5	321	250	71
Evanston Ward 3 Precinct 6	371	307	64
Evanston Ward 3 Precinct 7	332	269	63
Evanston Ward 4 Precinct 1	211	171	40
Evanston Ward 4 Precinct 2	332	293	39
Evanston Ward 4 Precinct 3	188	155	33
Evanston Ward 4 Precinct 4	581	490	91
Evanston Ward 4 Precinct 5	247	208	39
Evanston Ward 4 Precinct 6	488	381	107
Evanston Ward 5 Precinct 1	252	175	77
Evanston Ward 5 Precinct 2	390	334	56
Evanston Ward 5 Precinct 3	301	243	58
Evanston Ward 5 Precinct 4	142	104	38
Evanston Ward 6 Precinct 1	628	511	117
Evanston Ward 6 Precinct 2	328	269	59
Evanston Ward 6 Precinct 3	346	285	61
Evanston Ward 6 Precinct 4	420	343	77
Evanston Ward 6 Precinct 5	542	458	84
Evanston Ward 6 Precinct 6	278	225	53
Evanston Ward 6 Precinct 7	540	457	83
Evanston Ward 7 Precinct 1	618	523	95
Evanston Ward 7 Precinct 2	625	513	112
Evanston Ward 7 Precinct 3	68	48	20
Evanston Ward 7 Precinct 4	354	307	47
Evanston Ward 7 Precinct 5	554	483	71
Evanston Ward 7 Precinct 6	19	16	3
Evanston Ward 8 Precinct 1	427	357	70
Evanston Ward 8 Precinct 2	260	199	61
Evanston Ward 8 Precinct 3	233	174	59
Evanston Ward 8 Precinct 4	407	322	85
Evanston Ward 8 Precinct 5	414	338	76
Evanston Ward 9 Precinct 1	271	228	43
Evanston Ward 9 Precinct 2	351	281	70
Evanston Ward 9 Precinct 3	514	444	70
Evanston Ward 9 Precinct 4	466	385	81
Evanston Ward 9 Precinct 5	287	236	51
Evanston Ward 9 Precinct 6	333	281	52
Hanover 1	163	91	72
Hanover 2	147	79	68
Hanover 3	64	44	20
Hanover 4	103	58	45
Hanover 5	113	55	58
Hanover 6	93	51	42
Hanover 7	136	65	71
Hanover 8	113	63	50
Hanover 9	186	113	73
Hanover 10	81	47	34
Hanover 11	125	70	55
Hanover 12	76	33	43
Hanover 13	69	41	28
Hanover 14	165	100	65
Hanover 15	96	41	55
Hanover 16	167	95	72
Hanover 17	92	51	41
Hanover 18	88	51	37
Hanover 19	92	52	40
Hanover 20	169	107	62
Hanover 21	66	44	22
Hanover 22	128	85	43
Hanover 23	149	81	68
Hanover 24	112	60	52
Hanover 25	135	75	60
Hanover 26	161	99	62
Hanover 27	367	229	138
Hanover 28	185	99	86
Hanover 29	59	44	15
Hanover 30	140	80	60
Hanover 31	107	66	41
Hanover 32	90	48	42
Hanover 33	130	70	60
Hanover 34	172	89	83
Hanover 35	100	65	35
Hanover 36	86	46	40
Hanover 37	248	138	110
Hanover 38	144	80	64
Hanover 39	163	95	68
Hanover 40	169	99	70
Hanover 41	201	126	75
Hanover 42	131	71	60
Hanover 43	163	87	76
Hanover 44	215	125	90
Lemont 1	138	62	76
Lemont 2	135	79	56
Lemont 3	157	65	92
Lemont 4	171	72	99
Lemont 5	189	88	101
Lemont 6	174	68	106
Lemont 7	155	75	80
Lemont 8	205	94	111
Lemont 9	86	35	51
Lemont 10	129	64	65
Lemont 11	193	83	110
Lemont 12	125	55	70
Lemont 13	145	63	82
Lemont 14	128	56	72
Leyden 1	71	40	31
Leyden 2	86	41	45
Leyden 3	201	100	101
Leyden 4	108	54	54
Leyden 5	163	78	85
Leyden 6	219	114	105
Leyden 7	98	50	48
Leyden 8	178	73	105
Leyden 9	208	114	94
Leyden 10	175	86	89
Leyden 11	144	62	82
Leyden 12	61	32	29
Leyden 13	138	63	75
Leyden 14	116	59	57
Leyden 15	157	84	73
Leyden 16	173	94	79
Leyden 17	82	34	48
Leyden 18	115	49	66
Leyden 19	179	73	106
Leyden 20	72	33	39
Leyden 21	98	62	36
Leyden 22	113	65	48
Leyden 23	242	130	112
Leyden 24	123	69	54
Leyden 25	103	56	47
Leyden 26	221	106	115
Leyden 27	29	12	17
Leyden 28	75	32	43
Leyden 29	83	41	42
Leyden 30	150	59	91
Leyden 31	147	81	66
Leyden 32	178	72	106
Leyden 33	115	53	62
Leyden 34	104	54	50
Leyden 35	65	30	35
Leyden 36	116	60	56
Leyden 37	108	59	49
Leyden 38	35	14	21
Leyden 39	105	52	53
Leyden 40	131	70	61
Leyden 41	71	33	38
Leyden 42	158	65	93
Leyden 43	111	41	70
Leyden 44	86	40	46
Leyden 45	98	47	51
Leyden 46	144	69	75
Leyden 47	91	45	46
Leyden 48	147	58	89
Leyden 49	210	86	124
Leyden 50	204	102	102
Lyons 1	42	31	11
Lyons 2	220	109	111
Lyons 3	165	71	94
Lyons 4	382	203	179
Lyons 5	211	109	102
Lyons 6	160	71	89
Lyons 7	268	181	87
Lyons 8	131	56	75
Lyons 9	351	223	128
Lyons 10	246	116	130
Lyons 11	222	153	69
Lyons 12	92	62	30
Lyons 13	78	50	28
Lyons 14	299	196	103
Lyons 15	313	172	141
Lyons 16	478	307	171
Lyons 17	98	62	36
Lyons 18	210	131	79
Lyons 19	194	71	123
Lyons 20	374	225	149
Lyons 21	394	241	153
Lyons 22	139	69	70
Lyons 23	266	109	157
Lyons 24	212	140	72
Lyons 25	194	91	103
Lyons 26	92	49	43
Lyons 27	109	57	52
Lyons 28	260	124	136
Lyons 29	143	52	91
Lyons 30	66	32	34
Lyons 31	225	107	118
Lyons 32	87	33	54
Lyons 33	84	31	53
Lyons 34	94	40	54
Lyons 35	140	40	100
Lyons 36	118	73	45
Lyons 37	144	55	89
Lyons 38	111	64	47
Lyons 39	261	179	82
Lyons 40	201	114	87
Lyons 41	125	48	77
Lyons 42	191	95	96
Lyons 43	230	139	91
Lyons 44	372	210	162
Lyons 45	336	186	150
Lyons 46	154	62	92
Lyons 47	263	143	120
Lyons 48	227	90	137
Lyons 49	154	66	88
Lyons 50	266	162	104
Lyons 51	164	65	99
Lyons 52	236	115	121
Lyons 53	206	102	104
Lyons 54	113	60	53
Lyons 55	232	138	94
Lyons 56	281	114	167
Lyons 57	221	95	126
Lyons 58	109	40	69
Lyons 59	139	65	74
Lyons 60	299	191	108
Lyons 61	221	114	107
Lyons 62	68	41	27
Lyons 63	218	115	103
Lyons 64	192	75	117
Lyons 65	267	73	194
Lyons 66	135	58	77
Lyons 67	205	92	113
Lyons 68	152	68	84
Lyons 69	319	159	160
Lyons 70	143	88	55
Lyons 71	84	29	55
Lyons 72	320	193	127
Lyons 73	227	133	94
Lyons 74	85	39	46
Lyons 75	132	44	88
Lyons 76	142	58	84
Lyons 77	110	40	70
Lyons 78	132	60	72
Maine 1	95	51	44
Maine 2	131	74	57
Maine 3	64	36	28
Maine 4	154	92	62
Maine 5	125	78	47
Maine 6	265	141	124
Maine 7	126	74	52
Maine 8	169	78	91
Maine 9	270	147	123
Maine 10	149	101	48
Maine 11	110	64	46
Maine 12	144	78	66
Maine 13	164	90	74
Maine 14	238	129	109
Maine 15	88	47	41
Maine 16	142	89	53
Maine 17	164	103	61
Maine 18	146	89	57
Maine 19	94	44	50
Maine 20	113	63	50
Maine 21	207	128	79
Maine 22	227	134	93
Maine 23	127	73	54
Maine 24	291	180	111
Maine 25	220	141	79
Maine 26	182	98	84
Maine 27	148	88	60
Maine 28	56	29	27
Maine 29	254	133	121
Maine 30	424	277	147
Maine 31	163	99	64
Maine 32	99	40	59
Maine 33	81	48	33
Maine 34	193	100	93
Maine 35	184	111	73
Maine 36	164	93	71
Maine 37	162	94	68
Maine 38	104	43	61
Maine 39	166	82	84
Maine 40	156	96	60
Maine 41	115	63	52
Maine 42	269	133	136
Maine 43	123	75	48
Maine 44	129	72	57
Maine 45	39	25	14
Maine 46	148	74	74
Maine 47	170	90	80
Maine 48	226	123	103
Maine 49	140	69	71
Maine 50	144	80	64
Maine 51	136	74	62
Maine 52	199	127	72
Maine 53	119	50	69
Maine 54	208	117	91
Maine 55	150	68	82
Maine 56	153	78	75
Maine 57	69	36	33
Maine 58	173	84	89
Maine 59	140	75	65
Maine 60	259	144	115
Maine 61	82	43	39
Maine 62	87	46	41
Maine 63	128	71	57
Maine 64	87	39	48
Maine 65	89	48	41
Maine 66	38	15	23
Maine 67	211	116	95
Maine 68	120	68	52
Maine 69	122	60	62
Maine 70	126	69	57
Maine 71	85	54	31
Maine 72	149	76	73
Maine 73	45	25	20
Maine 74	160	101	59
Maine 75	152	61	91
Maine 76	92	60	32
Maine 77	225	115	110
Maine 78	154	105	49
Maine 79	133	82	51
Maine 80	169	111	58
Maine 81	74	34	40
Maine 82	155	82	73
Maine 83	100	63	37
Maine 84	91	39	52
Maine 85	88	55	33
Maine 86	134	76	58
Maine 87	103	62	41
Maine 88	77	43	34
Maine 89	75	44	31
Maine 90	79	35	44
Maine 91	237	133	104
Maine 92	136	80	56
New Trier 1	349	269	80
New Trier 2	406	311	95
New Trier 3	293	214	79
New Trier 4	339	247	92
New Trier 5	196	150	46
New Trier 6	182	135	47
New Trier 7	253	185	68
New Trier 8	156	115	41
New Trier 9	229	163	66
New Trier 10	204	161	43
New Trier 11	241	153	88
New Trier 12	206	163	43
New Trier 13	343	239	104
New Trier 14	238	169	69
New Trier 15	313	230	83
New Trier 16	271	196	75
New Trier 17	290	203	87
New Trier 18	202	150	52
New Trier 19	92	61	31
New Trier 20	351	227	124
New Trier 21	359	276	83
New Trier 22	178	104	74
New Trier 23	231	146	85
New Trier 24	324	217	107
New Trier 25	216	148	68
New Trier 26	269	203	66
New Trier 27	330	249	81
New Trier 28	232	168	64
New Trier 29	237	184	53
New Trier 30	336	251	85
New Trier 31	320	231	89
New Trier 32	281	210	71
New Trier 33	368	267	101
New Trier 34	201	127	74
New Trier 35	194	164	30
New Trier 36	385	303	82
New Trier 37	323	253	70
New Trier 38	329	248	81
New Trier 39	220	146	74
New Trier 40	126	95	31
New Trier 41	166	124	42
Niles 1	254	117	137
Niles 2	214	114	100
Niles 3	285	183	102
Niles 4	131	76	55
Niles 5	133	81	52
Niles 6	177	92	85
Niles 7	288	200	88
Niles 8	142	108	34
Niles 9	151	83	68
Niles 10	211	124	87
Niles 11	121	71	50
Niles 12	134	93	41
Niles 13	181	83	98
Niles 14	329	214	115
Niles 15	251	157	94
Niles 16	270	172	98
Niles 17	312	216	96
Niles 18	180	118	62
Niles 19	278	191	87
Niles 20	190	115	75
Niles 21	419	313	106
Niles 22	206	137	69
Niles 23	251	181	70
Niles 24	265	167	98
Niles 25	168	92	76
Niles 26	228	136	92
Niles 27	161	98	63
Niles 28	343	254	89
Niles 29	164	114	50
Niles 30	165	102	63
Niles 31	302	205	97
Niles 32	98	58	40
Niles 33	290	195	95
Niles 34	212	140	72
Niles 35	241	142	99
Niles 36	162	119	43
Niles 37	230	153	77
Niles 38	366	215	151
Niles 39	262	175	87
Niles 40	108	66	42
Niles 41	260	162	98
Niles 42	215	135	80
Niles 43	229	121	108
Niles 44	307	216	91
Niles 45	233	171	62
Niles 46	238	155	83
Niles 47	166	109	57
Niles 48	198	122	76
Niles 49	473	361	112
Niles 50	225	119	106
Niles 51	108	74	34
Niles 52	177	112	65
Niles 53	314	202	112
Niles 54	148	84	64
Niles 55	195	135	60
Niles 56	271	166	105
Niles 57	263	139	124
Niles 58	232	127	105
Niles 59	341	188	153
Niles 60	323	224	99
Niles 61	296	171	125
Niles 62	160	98	62
Niles 63	358	246	112
Niles 64	320	202	118
Northfield 1	185	121	64
Northfield 2	194	127	67
Northfield 3	146	97	49
Northfield 4	178	103	75
Northfield 5	154	93	61
Northfield 6	186	118	68
Northfield 7	302	220	82
Northfield 8	162	97	65
Northfield 9	136	81	55
Northfield 10	186	109	77
Northfield 11	96	57	39
Northfield 12	381	253	128
Northfield 13	161	106	55
Northfield 14	200	134	66
Northfield 15	195	143	52
Northfield 16	242	163	79
Northfield 17	164	106	58
Northfield 18	296	201	95
Northfield 19	251	158	93
Northfield 20	213	152	61
Northfield 21	355	224	131
Northfield 22	253	180	73
Northfield 23	147	95	52
Northfield 24	208	126	82
Northfield 25	185	116	69
Northfield 26	201	138	63
Northfield 27	175	121	54
Northfield 28	303	210	93
Northfield 29	168	117	51
Northfield 30	270	173	97
Northfield 31	233	147	86
Northfield 32	278	199	79
Northfield 33	80	49	31
Northfield 34	191	147	44
Northfield 35	189	120	69
Northfield 36	142	85	57
Northfield 37	200	141	59
Northfield 38	215	138	77
Northfield 39	111	53	58
Northfield 40	123	86	37
Northfield 41	235	144	91
Northfield 42	172	116	56
Northfield 43	225	149	76
Northfield 44	210	143	67
Northfield 45	245	158	87
Northfield 46	293	191	102
Northfield 47	305	197	108
Northfield 48	201	117	84
Northfield 49	168	113	55
Northfield 50	181	113	68
Northfield 51	439	307	132
Northfield 52	246	173	73
Northfield 53	287	187	100
Northfield 54	180	112	68
Northfield 55	247	169	78
Northfield 56	274	189	85
Northfield 57	155	94	61
Northfield 58	119	81	38
Northfield 59	152	94	58
Northfield 60	313	197	116
Northfield 61	147	83	64
Northfield 62	186	135	51
Norwood Park 1	170	72	98
Norwood Park 2	222	90	132
Norwood Park 3	195	99	96
Norwood Park 4	223	88	135
Norwood Park 5	196	69	127
Norwood Park 6	228	84	144
Norwood Park 7	184	59	125
Norwood Park 8	106	44	62
Norwood Park 9	138	54	84
Norwood Park 10	179	61	118
Norwood Park 11	280	151	129
Norwood Park 12	156	85	71
Norwood Park 13	144	41	103
Norwood Park 14	149	69	80
Norwood Park 15	132	61	71
Norwood Park 16	117	41	76
Norwood Park 17	188	73	115
Oak Park 1	309	222	87
Oak Park 2	491	352	139
Oak Park 3	557	416	141
Oak Park 4	426	323	103
Oak Park 5	481	359	122
Oak Park 6	436	305	131
Oak Park 7	319	238	81
Oak Park 8	435	342	93
Oak Park 9	243	187	56
Oak Park 10	446	337	109
Oak Park 11	357	267	90
Oak Park 12	197	146	51
Oak Park 13	385	277	108
Oak Park 14	442	346	96
Oak Park 15	513	389	124
Oak Park 16	631	452	179
Oak Park 17	590	428	162
Oak Park 18	337	228	109
Oak Park 19	407	315	92
Oak Park 20	511	390	121
Oak Park 21	256	186	70
Oak Park 22	239	167	72
Oak Park 23	373	283	90
Oak Park 24	305	226	79
Oak Park 25	380	287	93
Oak Park 26	393	295	98
Oak Park 27	125	90	35
Oak Park 28	438	317	121
Oak Park 29	407	292	115
Oak Park 30	485	350	135
Oak Park 31	655	495	160
Oak Park 32	276	204	72
Oak Park 33	358	258	100
Oak Park 34	309	228	81
Oak Park 35	464	372	92
Oak Park 36	507	363	144
Oak Park 37	228	171	57
Orland 1	222	113	109
Orland 2	198	82	116
Orland 3	99	52	47
Orland 4	122	35	87
Orland 5	111	47	64
Orland 6	111	37	74
Orland 7	91	46	45
Orland 8	155	47	108
Orland 9	192	71	121
Orland 10	188	76	112
Orland 11	118	44	74
Orland 12	72	25	47
Orland 13	229	97	132
Orland 14	166	65	101
Orland 15	187	82	105
Orland 16	124	52	72
Orland 17	118	38	80
Orland 18	230	97	133
Orland 19	118	46	72
Orland 20	71	27	44
Orland 21	201	100	101
Orland 22	170	74	96
Orland 23	151	44	107
Orland 24	148	59	89
Orland 25	283	128	155
Orland 26	154	50	104
Orland 27	114	47	67
Orland 28	110	55	55
Orland 29	190	86	104
Orland 30	93	43	50
Orland 31	111	49	62
Orland 32	96	42	54
Orland 33	124	62	62
Orland 34	184	74	110
Orland 35	199	95	104
Orland 36	221	87	134
Orland 37	241	87	154
Orland 38	79	39	40
Orland 39	143	56	87
Orland 40	166	68	98
Orland 41	152	49	103
Orland 42	209	97	112
Orland 43	184	89	95
Orland 44	133	50	83
Orland 45	164	62	102
Orland 46	131	50	81
Orland 47	215	82	133
Orland 48	166	75	91
Orland 49	107	37	70
Orland 50	131	55	76
Orland 51	204	73	131
Orland 52	172	68	104
Orland 53	209	103	106
Orland 54	207	87	120
Orland 55	162	63	99
Orland 56	132	46	86
Orland 57	164	58	106
Orland 58	180	76	104
Orland 59	172	71	101
Orland 60	131	54	77
Orland 61	146	61	85
Orland 62	172	48	124
Orland 63	177	66	111
Orland 64	207	98	109
Orland 65	165	66	99
Orland 66	160	75	85
Orland 67	96	43	53
Orland 68	97	36	61
Orland 69	113	42	71
Orland 70	188	76	112
Orland 71	162	72	90
Orland 72	155	67	88
Orland 73	195	82	113
Orland 74	128	51	77
Orland 75	197	80	117
Palatine 1	115	71	44
Palatine 2	205	132	73
Palatine 3	93	63	30
Palatine 4	67	41	26
Palatine 5	204	116	88
Palatine 6	181	120	61
Palatine 7	175	112	63
Palatine 8	171	131	40
Palatine 9	148	103	45
Palatine 10	146	105	41
Palatine 11	120	71	49
Palatine 12	116	75	41
Palatine 13	150	78	72
Palatine 14	148	110	38
Palatine 15	161	98	63
Palatine 16	84	47	37
Palatine 17	184	119	65
Palatine 18	133	83	50
Palatine 19	164	98	66
Palatine 20	124	77	47
Palatine 21	187	95	92
Palatine 22	160	101	59
Palatine 23	89	63	26
Palatine 24	170	97	73
Palatine 25	140	82	58
Palatine 26	202	129	73
Palatine 27	107	70	37
Palatine 28	120	78	42
Palatine 29	199	115	84
Palatine 30	139	89	50
Palatine 31	128	76	52
Palatine 32	122	75	47
Palatine 33	88	64	24
Palatine 34	175	107	68
Palatine 35	160	103	57
Palatine 36	137	86	51
Palatine 37	180	121	59
Palatine 38	115	76	39
Palatine 39	223	120	103
Palatine 40	218	143	75
Palatine 41	190	118	72
Palatine 42	195	127	68
Palatine 43	168	109	59
Palatine 44	132	79	53
Palatine 45	115	86	29
Palatine 46	179	116	63
Palatine 47	157	91	66
Palatine 48	138	88	50
Palatine 49	103	67	36
Palatine 50	240	134	106
Palatine 51	89	53	36
Palatine 52	136	70	66
Palatine 53	138	81	57
Palatine 54	240	169	71
Palatine 55	97	68	29
Palatine 56	155	93	62
Palatine 57	233	140	93
Palatine 58	128	72	56
Palatine 59	224	138	86
Palatine 60	139	77	62
Palatine 61	81	45	36
Palatine 62	112	63	49
Palatine 63	148	87	61
Palatine 64	128	83	45
Palatine 65	120	73	47
Palatine 66	155	82	73
Palatine 67	75	44	31
Palatine 68	108	73	35
Palatine 69	131	90	41
Palos 1	104	45	59
Palos 2	138	62	76
Palos 3	150	74	76
Palos 4	119	50	69
Palos 5	136	57	79
Palos 6	75	30	45
Palos 7	182	72	110
Palos 8	68	27	41
Palos 9	125	44	81
Palos 10	181	99	82
Palos 11	156	55	101
Palos 12	173	70	103
Palos 13	146	73	73
Palos 14	114	37	77
Palos 15	171	78	93
Palos 16	236	92	144
Palos 17	225	82	143
Palos 18	194	72	122
Palos 19	243	104	139
Palos 20	196	86	110
Palos 21	114	53	61
Palos 22	39	15	24
Palos 23	102	39	63
Palos 24	92	46	46
Palos 25	222	183	39
Palos 26	78	32	46
Palos 27	204	77	127
Palos 28	139	81	58
Palos 29	163	76	87
Palos 30	239	109	130
Palos 31	201	89	112
Palos 32	80	39	41
Palos 33	206	93	113
Palos 34	131	57	74
Palos 35	251	97	154
Palos 36	201	88	113
Palos 37	194	78	116
Palos 38	182	82	100
Palos 39	203	82	121
Proviso 1	189	130	59
Proviso 2	173	112	61
Proviso 3	266	177	89
Proviso 4	245	163	82
Proviso 5	252	166	86
Proviso 6	135	69	66
Proviso 7	64	42	22
Proviso 8	163	110	53
Proviso 9	236	150	86
Proviso 10	119	40	79
Proviso 11	153	48	105
Proviso 12	244	77	167
Proviso 13	143	86	57
Proviso 14	132	45	87
Proviso 15	139	57	82
Proviso 16	170	86	84
Proviso 17	153	106	47
Proviso 18	301	180	121
Proviso 19	223	168	55
Proviso 20	214	142	72
Proviso 21	195	101	94
Proviso 22	220	139	81
Proviso 23	104	80	24
Proviso 24	357	229	128
Proviso 25	268	159	109
Proviso 26	315	196	119
Proviso 27	276	150	126
Proviso 28	215	105	110
Proviso 29	308	182	126
Proviso 30	214	133	81
Proviso 31	142	94	48
Proviso 32	281	141	140
Proviso 33	307	206	101
Proviso 34	453	290	163
Proviso 35	231	106	125
Proviso 36	266	169	97
Proviso 37	181	127	54
Proviso 38	237	146	91
Proviso 39	246	149	97
Proviso 40	261	172	89
Proviso 41	200	132	68
Proviso 42	190	126	64
Proviso 43	191	126	65
Proviso 44	178	129	49
Proviso 45	232	163	69
Proviso 46	56	20	36
Proviso 47	143	94	49
Proviso 48	270	176	94
Proviso 49	149	94	55
Proviso 50	324	192	132
Proviso 51	219	112	107
Proviso 52	160	104	56
Proviso 53	221	159	62
Proviso 54	309	170	139
Proviso 55	235	143	92
Proviso 56	226	139	87
Proviso 57	183	102	81
Proviso 58	152	94	58
Proviso 59	176	107	69
Proviso 60	144	82	62
Proviso 61	285	184	101
Proviso 62	345	227	118
Proviso 63	267	106	161
Proviso 64	266	182	84
Proviso 65	202	113	89
Proviso 66	316	197	119
Proviso 67	384	246	138
Proviso 68	157	99	58
Proviso 69	207	121	86
Proviso 70	165	100	65
Proviso 71	359	200	159
Proviso 72	259	157	102
Proviso 73	242	155	87
Proviso 74	279	173	106
Proviso 75	243	135	108
Proviso 76	277	173	104
Proviso 77	120	43	77
Proviso 78	53	31	22
Proviso 79	230	152	78
Proviso 80	82	47	35
Proviso 81	173	111	62
Proviso 82	364	249	115
Proviso 83	312	207	105
Proviso 84	130	69	61
Proviso 85	252	148	104
Proviso 86	269	182	87
Proviso 87	274	69	205
Proviso 88	64	29	35
Proviso 89	194	94	100
Proviso 90	380	201	179
Proviso 91	192	115	77
Proviso 92	248	118	130
Proviso 93	146	99	47
Proviso 94	220	141	79
Proviso 95	205	105	100
Proviso 96	135	98	37
Proviso 97	284	143	141
Proviso 98	264	73	191
Proviso 99	236	163	73
Proviso 100	320	54	266
Proviso 101	164	86	78
Proviso 102	267	121	146
Rich 1	991	659	332
Rich 2	339	236	103
Rich 3	465	325	140
Rich 4	248	159	89
Rich 5	432	301	131
Rich 6	449	290	159
Rich 7	249	148	101
Rich 8	433	283	150
Rich 9	362	240	122
Rich 10	253	158	95
Rich 11	296	181	115
Rich 12	325	202	123
Rich 13	135	75	60
Rich 14	223	124	99
Rich 15	569	362	207
Rich 16	175	115	60
Rich 17	201	115	86
Rich 18	282	184	98
Rich 19	148	80	68
Rich 20	332	157	175
Rich 21	326	195	131
Rich 22	242	147	95
Rich 23	378	230	148
Rich 24	311	179	132
Rich 25	444	306	138
Rich 26	302	194	108
Rich 27	304	191	113
Rich 28	270	183	87
Rich 29	287	165	122
Rich 30	433	296	137
Rich 31	263	145	118
Rich 32	353	234	119
Rich 33	227	158	69
Rich 34	314	216	98
Rich 35	277	181	96
Rich 36	703	482	221
Rich 37	235	168	67
Rich 38	222	142	80
Rich 39	389	285	104
Rich 40	274	171	103
Rich 41	239	158	81
Rich 42	280	192	88
Rich 43	324	198	126
Rich 44	235	139	96
Rich 45	457	314	143
Rich 46	399	269	130
Rich 47	476	295	181
Rich 48	343	252	91
Rich 49	176	90	86
Rich 50	69	27	42
Rich 51	251	163	88
River Forest 1	320	209	111
River Forest 2	218	147	71
River Forest 3	287	188	99
River Forest 4	299	205	94
River Forest 5	218	150	68
River Forest 6	199	136	63
River Forest 7	312	210	102
River Forest 8	390	261	129
Riverside 1	337	195	142
Riverside 2	13	3	10
Riverside 3	166	89	77
Riverside 4	408	251	157
Riverside 5	176	108	68
Riverside 6	162	72	90
Riverside 7	159	77	82
Riverside 8	329	206	123
Riverside 9	271	145	126
Riverside 10	303	169	134
Riverside 11	331	204	127
Riverside 12	155	84	71
Riverside 13	211	94	117
Schaumburg 1	269	160	109
Schaumburg 2	210	136	74
Schaumburg 3	148	91	57
Schaumburg 4	110	61	49
Schaumburg 5	109	88	21
Schaumburg 6	136	87	49
Schaumburg 7	92	65	27
Schaumburg 8	127	64	63
Schaumburg 9	136	79	57
Schaumburg 10	85	53	32
Schaumburg 11	111	58	53
Schaumburg 12	123	78	45
Schaumburg 13	95	48	47
Schaumburg 14	169	105	64
Schaumburg 15	119	65	54
Schaumburg 16	164	83	81
Schaumburg 17	141	81	60
Schaumburg 18	122	72	50
Schaumburg 19	109	71	38
Schaumburg 20	117	75	42
Schaumburg 21	184	103	81
Schaumburg 22	154	79	75
Schaumburg 23	156	88	68
Schaumburg 24	177	89	88
Schaumburg 25	141	81	60
Schaumburg 26	152	71	81
Schaumburg 27	126	83	43
Schaumburg 28	219	126	93
Schaumburg 29	165	101	64
Schaumburg 30	139	80	59
Schaumburg 31	174	100	74
Schaumburg 32	220	118	102
Schaumburg 33	147	77	70
Schaumburg 34	185	109	76
Schaumburg 35	125	81	44
Schaumburg 36	111	60	51
Schaumburg 37	122	77	45
Schaumburg 38	143	77	66
Schaumburg 39	216	117	99
Schaumburg 40	119	59	60
Schaumburg 41	108	71	37
Schaumburg 42	126	73	53
Schaumburg 43	122	75	47
Schaumburg 44	157	106	51
Schaumburg 45	155	88	67
Schaumburg 46	120	62	58
Schaumburg 47	143	96	47
Schaumburg 48	111	74	37
Schaumburg 49	107	57	50
Schaumburg 50	98	65	33
Schaumburg 51	124	75	49
Schaumburg 52	195	103	92
Schaumburg 53	151	93	58
Schaumburg 54	130	80	50
Schaumburg 55	104	57	47
Schaumburg 56	172	104	68
Schaumburg 57	176	99	77
Schaumburg 58	89	51	38
Schaumburg 59	177	103	74
Schaumburg 60	114	70	44
Schaumburg 61	180	110	70
Schaumburg 62	171	108	63
Schaumburg 63	142	95	47
Schaumburg 64	122	55	67
Schaumburg 65	137	85	52
Schaumburg 66	127	67	60
Schaumburg 67	125	69	56
Schaumburg 68	120	79	41
Schaumburg 69	131	68	63
Schaumburg 70	85	49	36
Schaumburg 71	145	83	62
Schaumburg 72	111	68	43
Schaumburg 73	174	101	73
Schaumburg 74	116	61	55
Schaumburg 75	129	69	60
Schaumburg 76	131	68	63
Schaumburg 77	183	94	89
Schaumburg 78	101	60	41
Stickney 1	92	39	53
Stickney 2	145	47	98
Stickney 3	289	114	175
Stickney 4	225	74	151
Stickney 5	249	91	158
Stickney 6	304	111	193
Stickney 7	116	51	65
Stickney 8	161	47	114
Stickney 9	180	73	107
Stickney 10	256	106	150
Stickney 11	244	74	170
Stickney 12	218	95	123
Stickney 13	177	73	104
Stickney 14	248	101	147
Stickney 15	216	85	131
Stickney 16	210	84	126
Stickney 17	134	41	93
Stickney 18	87	34	53
Stickney 19	176	54	122
Stickney 20	177	68	109
Thornton 1	136	83	53
Thornton 2	85	48	37
Thornton 3	191	115	76
Thornton 4	280	175	105
Thornton 5	134	71	63
Thornton 6	334	208	126
Thornton 7	279	183	96
Thornton 8	222	145	77
Thornton 9	201	143	58
Thornton 10	194	124	70
Thornton 11	98	52	46
Thornton 12	152	97	55
Thornton 13	154	89	65
Thornton 14	227	109	118
Thornton 15	182	116	66
Thornton 16	161	73	88
Thornton 17	195	97	98
Thornton 18	218	111	107
Thornton 19	211	122	89
Thornton 20	106	58	48
Thornton 21	345	223	122
Thornton 22	211	129	82
Thornton 23	249	145	104
Thornton 24	302	194	108
Thornton 25	256	168	88
Thornton 26	167	94	73
Thornton 27	388	268	120
Thornton 28	165	107	58
Thornton 29	125	73	52
Thornton 30	134	84	50
Thornton 31	49	27	22
Thornton 32	143	86	57
Thornton 33	223	141	82
Thornton 34	346	223	123
Thornton 35	306	185	121
Thornton 36	90	50	40
Thornton 37	196	120	76
Thornton 38	286	169	117
Thornton 39	178	117	61
Thornton 40	161	114	47
Thornton 41	147	78	69
Thornton 42	155	102	53
Thornton 43	157	93	64
Thornton 44	132	86	46
Thornton 45	227	150	77
Thornton 46	259	145	114
Thornton 47	122	75	47
Thornton 48	209	142	67
Thornton 49	107	73	34
Thornton 50	156	72	84
Thornton 51	131	56	75
Thornton 52	255	163	92
Thornton 53	129	90	39
Thornton 54	383	250	133
Thornton 55	160	106	54
Thornton 56	188	120	68
Thornton 57	104	53	51
Thornton 58	222	123	99
Thornton 59	151	94	57
Thornton 60	139	86	53
Thornton 61	122	80	42
Thornton 62	52	29	23
Thornton 63	110	68	42
Thornton 64	276	198	78
Thornton 65	193	103	90
Thornton 66	417	250	167
Thornton 67	320	179	141
Thornton 68	194	107	87
Thornton 69	153	100	53
Thornton 70	142	82	60
Thornton 71	132	85	47
Thornton 72	218	126	92
Thornton 73	339	192	147
Thornton 74	203	130	73
Thornton 75	224	148	76
Thornton 76	284	192	92
Thornton 77	336	191	145
Thornton 78	257	171	86
Thornton 79	258	152	106
Thornton 80	257	173	84
Thornton 81	230	164	66
Thornton 82	138	64	74
Thornton 83	282	184	98
Thornton 84	324	212	112
Thornton 85	208	134	74
Thornton 86	208	128	80
Thornton 87	339	217	122
Thornton 88	238	150	88
Thornton 89	305	208	97
Thornton 90	282	171	111
Thornton 91	263	176	87
Thornton 92	264	157	107
Thornton 93	155	108	47
Thornton 94	272	170	102
Thornton 95	153	103	50
Thornton 96	181	127	54
Thornton 97	64	33	31
Thornton 98	58	38	20
Thornton 99	170	96	74
Thornton 100	116	79	37
Thornton 101	182	124	58
Thornton 102	129	82	47
Thornton 103	137	97	40
Thornton 104	80	48	32
Thornton 105	205	135	70
Thornton 106	173	101	72
Thornton 107	415	269	146
Thornton 108	125	78	47
Thornton 109	160	103	57
Thornton 110	159	95	64
Thornton 111	161	91	70
Thornton 112	92	55	37
Thornton 113	111	60	51
Thornton 114	209	130	79
Thornton 115	205	133	72
Thornton 116	204	133	71
Thornton 117	239	160	79
Thornton 118	336	204	132
Thornton 119	210	128	82
Thornton 120	399	248	151
Thornton 121	188	131	57
Thornton 122	307	198	109
Thornton 123	177	118	59
Wheeling 1	191	123	68
Wheeling 2	113	61	52
Wheeling 3	161	110	51
Wheeling 4	154	84	70
Wheeling 5	160	117	43
Wheeling 6	128	79	49
Wheeling 7	249	178	71
Wheeling 8	117	79	38
Wheeling 9	99	56	43
Wheeling 10	211	137	74
Wheeling 11	190	92	98
Wheeling 12	209	112	97
Wheeling 13	111	64	47
Wheeling 14	137	90	47
Wheeling 15	163	121	42
Wheeling 16	54	29	25
Wheeling 17	139	84	55
Wheeling 18	234	108	126
Wheeling 19	242	156	86
Wheeling 20	199	133	66
Wheeling 21	93	66	27
Wheeling 22	197	126	71
Wheeling 23	151	100	51
Wheeling 24	147	111	36
Wheeling 25	326	178	148
Wheeling 26	250	162	88
Wheeling 27	273	165	108
Wheeling 28	223	138	85
Wheeling 29	97	67	30
Wheeling 30	216	139	77
Wheeling 31	120	69	51
Wheeling 32	85	60	25
Wheeling 33	51	35	16
Wheeling 34	209	132	77
Wheeling 35	166	116	50
Wheeling 36	261	174	87
Wheeling 37	175	89	86
Wheeling 38	196	112	84
Wheeling 39	303	172	131
Wheeling 40	163	95	68
Wheeling 41	282	172	110
Wheeling 42	213	95	118
Wheeling 43	110	56	54
Wheeling 44	176	96	80
Wheeling 45	231	140	91
Wheeling 46	254	161	93
Wheeling 47	108	68	40
Wheeling 48	142	87	55
Wheeling 49	193	124	69
Wheeling 50	123	62	61
Wheeling 51	181	124	57
Wheeling 52	141	88	53
Wheeling 53	155	106	49
Wheeling 54	180	106	74
Wheeling 55	187	123	64
Wheeling 56	142	81	61
Wheeling 57	169	117	52
Wheeling 58	121	77	44
Wheeling 59	213	126	87
Wheeling 60	175	100	75
Wheeling 61	157	93	64
Wheeling 62	172	92	80
Wheeling 63	122	87	35
Wheeling 64	229	143	86
Wheeling 65	219	118	101
Wheeling 66	201	129	72
Wheeling 67	150	103	47
Wheeling 68	86	64	22
Wheeling 69	172	124	48
Wheeling 70	255	159	96
Wheeling 71	223	137	86
Wheeling 72	158	107	51
Wheeling 73	182	121	61
Wheeling 74	122	66	56
Wheeling 75	168	96	72
Wheeling 76	183	114	69
Wheeling 77	51	22	29
Wheeling 78	287	186	101
Wheeling 79	140	95	45
Wheeling 80	120	70	50
Wheeling 81	159	91	68
Wheeling 82	225	132	93
Wheeling 83	296	178	118
Wheeling 84	193	111	82
Wheeling 85	127	65	62
Wheeling 86	175	104	71
Wheeling 87	145	99	46
Wheeling 88	164	93	71
Wheeling 89	100	64	36
Wheeling 90	185	116	69
Wheeling 91	257	156	101
Wheeling 92	267	159	108
Worth 1	100	46	54
Worth 2	214	90	124
Worth 3	224	99	125
Worth 4	262	135	127
Worth 5	256	94	162
Worth 6	188	80	108
Worth 7	155	68	87
Worth 8	216	98	118
Worth 9	292	88	204
Worth 10	285	147	138
Worth 11	242	93	149
Worth 12	113	42	71
Worth 13	266	116	150
Worth 14	206	101	105
Worth 15	278	109	169
Worth 16	262	82	180
Worth 17	217	109	108
Worth 18	142	54	88
Worth 19	186	94	92
Worth 20	134	65	69
Worth 21	277	96	181
Worth 22	183	73	110
Worth 23	181	67	114
Worth 24	117	57	60
Worth 25	243	105	138
Worth 26	161	76	85
Worth 27	181	76	105
Worth 28	140	70	70
Worth 29	196	101	95
Worth 30	226	90	136
Worth 31	293	139	154
Worth 32	170	61	109
Worth 33	144	62	82
Worth 34	167	83	84
Worth 35	220	89	131
Worth 36	272	120	152
Worth 37	165	89	76
Worth 38	294	144	150
Worth 39	233	92	141
Worth 40	245	129	116
Worth 41	164	64	100
Worth 42	154	64	90
Worth 43	145	94	51
Worth 44	118	58	60
Worth 45	204	87	117
Worth 46	243	112	131
Worth 47	112	43	69
Worth 48	171	61	110
Worth 49	129	56	73
Worth 50	211	74	137
Worth 51	125	51	74
Worth 52	103	53	50
Worth 53	223	86	137
Worth 54	257	127	130
Worth 55	95	37	58
Worth 56	228	83	145
Worth 57	260	126	134
Worth 58	229	105	124
Worth 59	383	227	156
Worth 60	133	48	85
Worth 61	172	63	109
Worth 62	147	54	93
Worth 63	206	80	126
Worth 64	243	94	149
Worth 65	249	76	173
Worth 66	141	59	82
Worth 67	80	26	54
Worth 68	165	80	85
Worth 69	284	115	169
Worth 70	287	100	187
Worth 71	131	48	83
Worth 72	236	101	135
Worth 73	114	40	74
Worth 74	109	35	74
Worth 75	272	116	156
Worth 76	100	44	56
Worth 77	236	93	143
Worth 78	255	93	162
Worth 79	119	46	73
Worth 80	252	128	124
Worth 81	127	30	97
Worth 82	193	70	123
Worth 83	98	49	49
Worth 84	232	85	147
Worth 85	216	72	144
Worth 86	252	94	158
Worth 87	133	54	79
Worth 88	131	53	78
Worth 89	256	93	163
Worth 90	234	98	136
Worth 91	126	55	71
Worth 92	215	98	117
Worth 93	119	50	69
Worth 94	232	102	130
Worth 95	195	85	110
Worth 96	264	124	140
Worth 97	201	111	90
Worth 98	267	119	148
Worth 99	107	37	70
Worth 100	237	88	149
